0.06134155474838621,0.09467919978255623,0.0782050705295021,0.06590204515564446,0.056167838718111485,0.04823660204178648,0.041656026000378765,0.036127717829093964,0.031440894147515275,0.027439617114093928,0.024004642607909576,0.02104250578842859,0.018478540976815894,0.016252197681455305,0.01431377409162432,0.012622066417800892,0.011142632728839141,0.009846482381334537,0.008709068278172305,0.007709499665148889,0.006829918800043605,0.0060550015457900425,0.005371553131008122,0.004768177994819323,0.004235008001838778,0.0037634771397306033,0.003346133588485206,0.0029764820936091646,0.0026488511015690594,0.00235828026852343,0.002100424836640996,0.0018714740542456754,0.0016680813483119436,0.0014873043778063436,0.0013265534294108136,0.0011835468839289966,0.0010562726969685701,0.0009429550115128381,0.0008420251627835953,0.000752096452672369,0.0006719421673352134,0.0006004763916510995,0.0005367372408493897,0.0004798721854148095,0.00042912519198943025,0.0003838254425630374,0.0003433774275768964,0.0003072522367454922,0.00027497989552217276,0.00024614261562813915,0.00022036884560051092,0.00019732802238121676,0.00017672593783142057,0.0001583006452288778,0.00014181884039439008,0.00012707266035721226,0.00011387684967143104,0.0001020662507204245,9.14935797347422e-5,8.20274549847063e-5,7.355064766483119e-5,6.595852958748006e-5,5.915769491853765e-5,5.306473590376481e-5,4.7605154929092276e-5,4.271239734464794e-5,3.832699132456376e-5,3.4395782627821706e-5,3.0871253551477146e-5,2.771091661023467e-5,2.487677456350574e-5,2.2334839378557268e-5,2.005470356804094e-5,1.8009158086057194e-5,1.6173851632029297e-5,1.4526986789446979e-5,1.304904894625428e-5,1.1722564400153465e-5,1.0531884451395299e-5,9.462992645939091e-6,8.503332647014327e-6,7.641654492015262e-6,6.867877242596653e-6,6.172966252566167e-6,5.5488234757529545e-6,4.988189409522043e-6,4.4845554217574755e-6,4.032085347642424e-6,3.6255453627252553e-6,3.2602412481148478e-6,2.931962258177358e-6,2.636930887616502e-6,2.37175791068466e-6,2.1334021324122707e-6,1.9191343525966746e-6,1.7265050965216657e-6,1.5533157143977777e-6,1.3975924942155318e-6,1.257563470280629e-6,1.1316376439049113e-6,5.091931814749363e-7
0.09467919978255623,0.14616272467677183,0.1207470629172489,0.10176406805006,0.08674294444339115,0.07450271688348598,0.0643458954942695,0.055812329592693555,0.04857696096926112,0.04239930208496112,0.03709544640076268,0.03252123880310798,0.02856151270477869,0.02512286772145722,0.02212863300365081,0.019515242731723226,0.0172295591036416,0.015226851535288188,0.013469242782577162,0.01192449510089294,0.010565049070500404,0.009367253493390876,0.008310742023415224,0.007377924023456911,0.006553565421601737,0.0058244412380916155,0.005179045736129359,0.004607349299539654,0.004100593493279681,0.003651117539963028,0.003252210807333955,0.0028979869530018354,0.002583276193376123,0.002303532811224168,0.002054755529725165,0.0018334187921709225,0.001636413318385821,0.0014609945772282723,0.0013047380346819341,0.0011655002172392126,0.0010413847787797866,0.0009307128826549528,0.0008319973133832752,0.0007439198184054086,0.000665311252215077,0.0005951341562025966,0.000532467458948466,0.0004764930251582259,0.0004264838186285348,0.00038179347623888606,0.0003418471170083936,0.00030613323349392395,0.0002741965326448371,0.00024563161046324295,0.00022007735960968746,0.00019721202184142146,0.00017674880828130908,0.0001584320201193203,0.00014203361066154668,0.0001273501369494206,0.00011420005542957376,0.00010242132171082606,9.186925925243426e-5,8.24146660191251e-5,7.394213183432559e-5,6.634854238361039e-5,5.954174866417902e-5,5.343938313551373e-5,4.7967806028095935e-5,4.3061167185620545e-5,3.866057049466511e-5,3.47133294497829e-5,3.117230371408946e-5,2.7995307687292154e-5,2.5144583120425808e-5,2.2586328708939466e-5,2.0290280398630324e-5,1.8229336844141262e-5,1.6379225076588566e-5,1.4718201993629712e-5,1.3226787772227576e-5,1.188752773534585e-5,1.0684779591631764e-5,9.604523302076935e-6,8.63419113305975e-6,7.762515723355729e-6,6.979394227899595e-6,6.275766815230132e-6,5.643507981324282e-6,5.075329311631378e-6,4.564692469282103e-6,4.105731321246578e-6,3.693182231552744e-6,3.322321654519351e-6,2.988910255099322e-6,2.6891428657738724e-6,2.419603663730282e-6,2.177226018131182e-6,1.9592565154247387e-6,1.7632227235815854e-6,7.934521514600387e-7
0.0782050705295021,0.1207470629172489,0.09976075165176712,0.08408463509387754,0.0716792071623551,0.06156963693529205,0.05318017955293408,0.04613099656199937,0.0401537578410901,0.0350499395405921,0.030667720897157413,0.026888092934322816,0.02361597473506688,0.020774252155945916,0.018299620593110077,0.01613959334327464,0.014250292014443444,0.01259477856224811,0.011141772711956877,0.009864650037248984,0.008740648581251925,0.007750233181503946,0.006876580903754814,0.0061051607553647275,0.005423387681670028,0.004820335718194679,0.004286498705172309,0.003813589570636558,0.0033943711303604795,0.003022512819679933,0.0026924688961504073,0.002399374519709209,0.0021389567942962373,0.0019074583892668834,0.0017015717826894053,0.001518382508053754,0.0013553200598614007,0.0012101153349897212,0.0010807636684189575,0.0009654926706303031,0.0008627341965469736,0.0007710998778283993,0.0006893597350886918,0.0006164234576284539,0.0005513239975887679,0.0004932031758031353,0.0004412990390513169,0.0003949347442873726,0.0003535087761214603,0.0003164863299237987,0.0002833917152458383,0.0002538016534366274,0.0002273393597108063,0.0002036693141529173,0.0001824926383547378,0.00016354300490698578,0.0001465830161411605,0.00013140099644736152,0.00011780814935847617,0.00010563603662586867,9.473434167941346e-5,8.496888445335901e-5,7.621985853016535e-5,6.83802650161948e-5,6.135452061594576e-5,5.50572200317314e-5,4.9412035164903955e-5,4.435073562629693e-5,3.981231688252366e-5,3.5742223949873577e-5,3.2091659934314486e-5,2.881696995058532e-5,2.5879092037556098e-5,2.324306763888266e-5,2.087760506695502e-5,1.8754690105614313e-5,1.6849238570669663e-5,1.5138786230135023e-5,1.3603211995954264e-5,1.2224490759208903e-5,1.0986472643345163e-5,9.874685806234441e-6,8.876160242537041e-6,7.979270314738339e-6,7.173593993769936e-6,6.449787011889583e-6,5.7994703249754885e-6,5.215129458499256e-6,4.690024465076609e-6,4.218109361366418e-6,3.7939600329760177e-6,3.4127097067145534e-6,3.0699911865972025e-6,2.761885135909903e-6,2.4848737655312e-6,2.2357993568356823e-6,2.0118271089763592e-6,1.8104118550187558e-6,1.6292682395102894e-6,1.4663439938796993e-6,6.598979923866101e-7
0.06590204515564446,0.10176406805006,0.08408463509387754,0.07087757803354866,0.060425286691624835,0.05190678745373556,0.04483720143276826,0.03889663307975744,0.03385909342913351,0.029557380584712578,0.025863623489423393,0.02267758354409699,0.01991917334828225,0.01752343654947508,0.015437046944127397,0.013615789155426439,0.012022697888912998,0.010626653296880673,0.009401300878016439,0.008324207718312882,0.0073761943449910106,0.0065407993824094235,0.005803846193447884,0.005153088913789294,0.00457792104028952,0.004069133835213248,0.003618714783706539,0.003219678531111686,0.0028659243620562658,0.0025521155183525213,0.002273576599151575,0.002026206017468092,0.0018064010574981373,0.0016109935271304068,0.0014371943568766699,0.001282545782269169,0.0011448799774476694,0.0010222831941094773,0.0009130646129945595,0.0008157292403110639,0.0007289542847133297,0.0006515685362864232,0.0005825343403672266,0.0005209318188381922,0.0004659450414835446,0.00041684989241415164,0.00037300341229875526,0.0003338344273463162,0.00029883530184585463,0.00026755467304289456,0.0002395910459356979,0.00021458714173184113,0.0001922249075008045,0.00017222110654310915,0.00015432341928320022,0.0001383069933588118,0.0001239713893081717,0.00011113787493687976,9.96470272293863e-5,8.935660575430898e-5,8.013966586658508e-5,7.18828838757869e-5,6.448506969552949e-5,5.7855845405817286e-5,5.1914470732685814e-5,4.6588798691237355e-5,4.1814346617955194e-5,3.753346953025449e-5,3.3694624284331606e-5,3.0251714338357365e-5,2.716350609692638e-5,2.4393108853254367e-5,2.190751125955633e-5,1.9677168058436913e-5,1.7675631523862213e-5,1.5879222682013564e-5,1.4266737941801119e-5,1.2819187256287422e-5,1.151956036616567e-5,1.0352618064534677e-5,9.304705761667902e-6,8.363586928933299e-6,7.518294271462481e-6,6.758996712694765e-6,6.076880486946876e-6,5.464042823209294e-6,4.913396867424583e-6,4.418586639913348e-6,3.973910954221355e-6,3.5742553416747146e-6,3.2150311279174524e-6,2.8921209011030654e-6,2.601829693312573e-6,2.3408412692613065e-6,2.1061789820896775e-6,1.8951707135263785e-6,1.7054174675969886e-6,1.5347652331989025e-6,1.381279771471346e-6,1.2432240208732746e-6,5.595189227806028e-7
0.056167838718111485,0.08674294444339115,0.0716792071623551,0.060425286691624835,0.051518117763593274,0.04425839224242123,0.03823308566379069,0.03316970435013389,0.028875742626703893,0.025208768479658028,0.02205985114388248,0.019343596750567404,0.01699177604830676,0.014949048436361523,0.013169980047797847,0.011616897900703499,0.010258304995089229,0.009067683898883988,0.00802257675394516,0.007103866582667706,0.006295208170214478,0.005582572058618965,0.004953875405389815,0.004398680463964591,0.003907946344070573,0.0034738232026509386,0.003089480550402146,0.0027489632235770875,0.00244706996353531,0.0021792505984646673,0.0019415186277556631,0.001730376631819873,0.0015427524158689275,0.0013759441794126137,0.0012275733071398578,0.001095543620277275,0.0009780061239850306,0.0008733284451476649,0.0007800682852276315,0.0006969503195110374,0.0006228460619774785,0.0005567562881394691,0.0004977956689906447,0.0004451793201414988,0.000398211012769472,0.0003562728291400582,0.00031881607589112713,0.00028535329400321795,0.00025545122640840186,0.0002287246229076001,0.0002048307780849615,0.0001834647116723022,0.0001643549125686936,0.00014725957793089136,0.00013196328751414934,0.00011827406099626557,0.00010602075260274279,9.505074304304241e-5,8.522789369549413e-5,7.643073231095835e-5,6.855084321520134e-5,6.149143828480287e-5,5.516608782259202e-5,4.949759294442817e-5,4.441698328168679e-5,3.986262571442959e-5,3.5779431537728184e-5,3.211815092288815e-5,2.8834744842199463e-5,2.588982576469173e-5,2.324815942680099e-5,2.087822086897453e-5,1.8751798708444608e-5,1.6843642302508978e-5,1.5131147066936308e-5,1.3594073744232148e-5,1.2214297893586618e-5,1.0975586293436498e-5,9.863397314165872e-6,8.86470264946967e-6,7.967828084409176e-6,7.162311234452961e-6,6.438774420478721e-6,5.788811043900733e-6,5.204884007807263e-6,4.680234889569183e-6,4.208802710326009e-6,3.7851512742361577e-6,3.4044041609550794e-6,3.0621865555025172e-6,2.7545731867008763e-6,2.478041725067641e-6,2.2294310609373265e-6,2.0059039454495042e-6,1.804913533141852e-6,1.6241734139563617e-6,1.4616307667530128e-6,1.3154423058164472e-6,1.1839527265044749e-6,1.0656753877595476e-6,4.796374985521146e-7
0.04823660204178648,0.07450271688348598,0.06156963693529205,0.05190678745373556,0.04425839224242123,0.03802422171010067,0.032849766579879924,0.028501135707664105,0.024813091577497393,0.021663374727784068,0.018958479721711552,0.01662510285727331,0.014604672952265196,0.012849681377666677,0.011321122754215929,0.009986653227220144,0.008819230184379134,0.007796085399814162,0.006897935417985196,0.006108364704786304,0.00541333717222825,0.004800804781508239,0.004260390697699082,0.0037831304811917627,0.003361259007096856,0.0029880338013322863,0.0026575876572457954,0.0023648049968941973,0.0021052176364671354,0.001874916518144476,0.0016704766624501197,0.001488893129241782,0.0013275261923291898,0.0011840542616169888,0.001056433347481709,0.0009428620710070848,0.0008417513923111644,0.0007516983654801447,0.0006714633404592656,0.000599950123790962,0.0005361886855305854,0.0004793200624195939,0.00042858315957221976,0.0003833031966514926,0.00034288158102801104,0.00030678702142521337,0.0002745477216779821,0.00024574451631623716,0.0002200048285946445,0.0001969973476557041,0.0001764273352636101,0.00015803248436192362,0.00014157926179616696,0.00012685967630794064,0.00011368842043074819,0.00010190034140217068,9.134820186051116e-5,8.19006959811e-5,7.34406909381044e-5,6.586366729779058e-5,5.907633513452812e-5,5.299540549015048e-5,4.7546499245561e-5,4.266317760817206e-5,3.828608030165346e-5,3.436215918531729e-5,3.084399647978293e-5,2.7689198028855045e-5,2.4859853150070894e-5,2.2322053604587587e-5,2.0045465072974762e-5,1.8002945285539495e-5,1.617020362518868e-5,1.4525497608537587e-5,1.3049362175295454e-5,1.1724368171399412e-5,1.053490682129048e-5,9.46699734485012e-6,8.508115189504779e-6,7.647038632451923e-6,6.8737117567448645e-6,6.179122025203604e-6,5.55519087438376e-6,4.994675922021072e-6,4.491083537570343e-6,4.038590662618511e-6,3.6319748882465117e-6,3.266551906002757e-6,2.9381195442108863e-6,2.6429076879063364e-6,2.377533455510906e-6,2.1389610738829987e-6,1.9244659534778185e-6,1.7316025185424379e-6,1.5581753955167523e-6,1.402213605007486e-6,1.261947440788845e-6,1.135787753162772e-6,1.0223073838229253e-6,9.202245265247813e-7,4.1419390593105566e-7
0.041656026000378765,0.0643458954942695,0.05318017955293408,0.04483720143276826,0.03823308566379069,0.032849766579879924,0.028381260728714608,0.02462568988009184,0.021440430256227494,0.01871995202622173,0.016383542695809106,0.014367925775162826,0.012622540427880968,0.011106374026221277,0.009785753296107175,0.008632754783438251,0.007624030836833995,0.006739923356688687,0.005963782294894304,0.005281433261161192,0.0046807559217498795,0.004151346181300197,0.0036842427061795774,0.0032717035364000363,0.0029070221632131674,0.0025843750364840726,0.002298694343159449,0.0020455612792292244,0.0018211160692123418,0.001621981766329994,0.0014451994635427436,0.0012881730065401262,0.001148621659518137,0.0010245394584270338,0.0009141602114532722,0.0008159272867950158,0.0007284674733013027,0.0006505683171566783,0.0005811584343093177,0.0005192903773412749,0.00046412570058613177,0.00041492192145477225,0.0003710211209602592,0.0003318399641658691,0.0002968609527971098,0.00026562474902350804,0.0002377234319627013,0.00021279456752116947,0.00019051598850730253,0.00017060119582026304,0.00015279530338670145,0.0001368714597167627,0.00012262768765889526,0.00010988409149986214,9.848038705116626e-5,8.82737159610856e-5,7.913671037227711e-5,7.095577826417678e-5,6.362958347201002e-5,5.706769758625271e-5,5.118940368663478e-5,4.592263430783423e-5,4.1203028148107616e-5,3.697309187541563e-5,3.318145501161678e-5,2.9782207292317216e-5,2.6734309151643242e-5,2.4001067063581308e-5,2.154966644106899e-5,1.9350755638933433e-5,1.7378075346037645e-5,1.560812831027735e-5,1.4019884918297916e-5,1.2594520659493054e-5,1.1315181956820809e-5,1.0166777240430772e-5,9.135790494272565e-6,8.210114817005137e-6,7.378903810688342e-6,6.632438856530231e-6,5.962010551942968e-6,5.359812773472115e-6,4.818848001512374e-6,4.332842690660062e-6,3.896171604558977e-6,3.5037901526499717e-6,3.151173870204588e-6,2.8342642777597716e-6,2.5494204382361523e-6,2.2933756048687678e-6,2.0631984177520946e-6,1.856258166050858e-6,1.6701936848874602e-6,1.5028855019060469e-6,1.3524308902319218e-6,1.2171215210316157e-6,1.0954234418152272e-6,9.85959135921505e-7,8.874914444071317e-7,7.989091550510934e-7,3.5960704197062134e-7
0.036127717829093964,0.055812329592693555,0.04613099656199937,0.03889663307975744,0.03316970435013389,0.028501135707664105,0.02462568988009184,0.021368369559135236,0.018605539802022897,0.01624571899145505,0.014218937384456343,0.012470338972662143,0.010956089909471028,0.009640633001949145,0.008494773104871678,0.007494299335799481,0.0066189674525256315,0.005851731659578918,0.005178153886737563,0.004585942308286739,0.00406458589325176,0.0036050615758030508,0.0031995971946190277,0.002841477847379141,0.0025248864529851117,0.002244771556416364,0.0019967370382124247,0.0017769495876286817,0.001582060692671805,0.001409140575523913,0.001255622019315946,0.0011192524316966726,0.0009980528024454982,0.0008902824583939921,0.0007944087140050078,0.000709080672223944,0.0006331065563353125,0.0005654340554944876,0.0005051332502586936,0.0004513817529142091,0.0004034517538276383,0.0003606987119883524,0.00032255146694025287,0.00028850358200691647,0.00025810575603254626,0.00023095916406113293,0.0002067096069203406,0.00018504236619975916,0.00016567767526165598,0.00014836672894375479,0.00013288816490246956,0.00011904495838696225,0.0001066616797837051,9.558207083141417e-5,8.566690103719156e-5,7.6792070678068e-5,6.884693100405685e-5,6.173279591709796e-5,5.5361622567431283e-5,4.9654841094147776e-5,4.454231612148528e-5,3.996142474103415e-5,3.5856237543376154e-5,3.217679086123758e-5,2.8878439796450753e-5,2.592128283197999e-5,2.32696499159163e-5,2.0891646843113293e-5,1.875874960116143e-5,1.6845443080277904e-5,1.5128899187978031e-5,1.3588689980459086e-5,1.2206531924258775e-5,1.096605784220645e-5,9.852613490697452e-6,8.853076056689475e-6,7.955692170139971e-6,7.149933297594964e-6,6.426366618800093e-6,5.776539701507301e-6,5.192877476213842e-6,4.66859017773309e-6,4.1975910692154775e-6,3.774422892631403e-6,3.394192106915677e-6,3.05251007787921e-6,2.745440474242477e-6,2.469452206388647e-6,2.2213773157622505e-6,1.99837328782163e-6,1.7978893175994574e-6,1.6176361083722291e-6,1.4555588290539193e-6,1.309812895862545e-6,1.1787422800360289e-6,1.0608600750585363e-6,9.54831085462085e-7,8.594562247140941e-7,7.736585320922476e-7,6.964706388506519e-7,3.1351176600531614e-7
0.031440894147515275,0.04857696096926112,0.0401537578410901,0.03385909342913351,0.028875742626703893,0.024813091577497393,0.021440430256227494,0.018605539802022897,0.016200876352071514,0.014146862939278193,0.012382633589882286,0.010860468283801078,0.009542234168387426,0.008396997570845444,0.007399358718151922,0.006528253372909298,0.005766067728647087,0.0050979702502490926,0.0045113978727606835,0.003995654608362625,0.003541593676812574,0.00314136279761245,0.002788197987520752,0.002476255118711447,0.0022004712295174284,0.0019564495299503465,0.0017403634593427461,0.0015488761945839612,0.0013790727851023844,0.001228402678076168,0.0010946308473950422,0.0009757960873369061,0.0008701753031010555,0.0007762528443055576,0.0006926940972228224,0.0006183226874343275,0.0005521007542729651,0.0004931118470774647,0.00044054606603969974,0.0003936871299786886,0.0003519011024548128,0.00031462654846320555,0.0002813659278925922,0.00025167806038264937,0.00022517151997341125,0.00020149883811988994,0.0001803514106445232,0.0001614550185722449,0.00014456588510001903,0.00012946720140955643,0.00011596606298210424,0.00010389076576580595,9.308841811340963e-5,8.342283011516963e-5,7.477264685056082e-5,6.70296963047952e-5,6.009752637799095e-5,5.389010859774496e-5,4.833068890146741e-5,4.3350768278334556e-5,3.888919813572686e-5,3.4891377098614056e-5,3.130853754568946e-5,2.809711157714947e-5,2.5218167336267972e-5,2.2636907676445268e-5,2.0322224110289e-5,1.824629979431592e-5,1.638425603488322e-5,1.4713837438881606e-5,1.3215131390910374e-5,1.187031803576456e-5,1.0663447381747455e-5,9.580240523751577e-6,8.607912327215396e-6,7.735013211251164e-6,6.951287936819294e-6,6.247549540906443e-6,5.615566763288475e-6,5.0479634982016406e-6,4.5381289657046685e-6,4.080137441343762e-6,3.6686765122500073e-6,3.2989829396162107e-6,2.966785309566594e-6,2.668252744064327e-6,2.39994902210812e-6,2.158791533110671e-6,1.942014546484903e-6,1.7471363380738283e-6,1.5719297629719173e-6,1.414395909107507e-6,1.2727405052632354e-6,1.1453527920034152e-6,1.030786595545225e-6,9.277433722191645e-7,8.350570160899572e-7,7.516802444842189e-7,6.766723956839636e-7,6.09188490826863e-7,2.742347138840761e-7
0.027439617114093928,0.04239930208496112,0.0350499395405921,0.029557380584712578,0.025208768479658028,0.021663374727784068,0.01871995202622173,0.01624571899145505,0.014146862939278193,0.01235396582958348,0.010813930642011,0.009485127208960858,0.008334288045866722,0.007334425427456187,0.006463378850915857,0.005702769766628826,0.005037229547500924,0.004453816686027054,0.003941568627801581,0.0034911516506913043,0.0030945835953936143,0.002745011687269837,0.002436532665818038,0.002164045850068394,0.0019231321551668318,0.0017099537764690559,0.0015211704917917415,0.0013538694405475851,0.0012055059167897647,0.00107385322545887,0.000956960043649438,0.0008531140317477454,0.0007608106758113763,0.0006787265291785891,0.0006056961692765764,0.0005406923041336407,0.0004828085587687877,0.00043124454895660837,0.00038529291332351726,0.00034432802667365165,0.000307796160250038,0.0002752068902456984,0.00024612558548883084,0.00022016683003875555,0.0001969886571542216,0.0001762874886976928,0.0001577936888675969,0.0001412676536871266,0.00012649636841388342,0.00011329037415651637,0.00010148109279211563,9.091846598819459e-5,8.146886986218327e-5,7.301327179041485e-5,6.544560015244979e-5,5.867130148038747e-5,5.260606269527428e-5,4.717467888980015e-5,4.231004952087649e-5,3.795228799037336e-5,3.4047931402910033e-5,3.0549238898389835e-5,2.74135683491645e-5,2.4602822425669646e-5,2.208295610544648e-5,1.982353863388145e-5,1.7797363769681213e-5,1.5980102861196794e-5,1.4349995938661546e-5,1.2887576564244428e-5,1.157542666905276e-5,1.039795804017981e-5,9.34121750210517e-6,8.392713171494323e-6,7.541259463173888e-6,6.776838784522556e-6,6.09047808915273e-6,5.474138666020651e-6,4.920617719647257e-6,4.4234604593310864e-6,3.976881557104405e-6,3.575694959785471e-6,3.215251153599439e-6,2.8913810774916415e-6,2.600345970406541e-6,2.338792516095152e-6,2.1037127176716947e-6,1.892407996723952e-6,1.702457066056205e-6,1.531687174600767e-6,1.3781483657624614e-6,1.2400904296220442e-6,1.1159422637673698e-6,1.0042933879199893e-6,9.038773851093439e-7,8.135570662714656e-7,7.323111769305746e-7,6.592224840018535e-7,5.93467097805358e-7,5.343048999229366e-7,2.4053548063220297e-7
0.024004642607909576,0.03709544640076268,0.030667720897157413,0.025863623489423393,0.02205985114388248,0.018958479721711552,0.016383542695809106,0.014218937384456343,0.012382633589882286,0.010813930642011,0.00946639820887843,0.00830363207818366,0.007296540058743611,0.0064215208071083385,0.005659193827749404,0.004993485561457081,0.004410954373953835,0.0039002809905539504,0.003451876645811494,0.0030575769558275068,0.002710399485338605,0.0024043494816740063,0.0021342625987460576,0.001895676417360305,0.0016847246551076056,0.0014980494463498577,0.0013327281519840244,0.0011862119526000713,0.0010562740716784265,0.0009409659233395873,0.0008385798223351469,0.0007476171589054885,0.0006667611479104912,0.0005948534247952487,0.0005308738903274778,0.0004739233096759665,0.00042320825504020554,0.00037802804864356995,0.0003377634183830292,0.000301866623840759,0.00026985284778895113,0.00024129267945227541,0.00021580554168031726,0.00019305393587657795,0.00017273839665089483,0.00015459306355264336,0.00013838179020741765,0.0001238947221415647,0.00011094528396625968,9.936752456907996e-5,8.901377578831226e-5,7.97525859128497e-5,7.146689436049068e-5,6.40524182416479e-5,5.741622525307468e-5,5.147547056785361e-5,4.615627819741486e-5,4.1392749730225506e-5,3.7126085454670856e-5,3.330380472333966e-5,2.9879053999569806e-5,2.6809992434367034e-5,2.4059246039626113e-5,2.1593422585491863e-5,1.9382680286677656e-5,1.7400344159144423e-5,1.562256465002912e-5,1.4028013767580306e-5,1.2597614496907312e-5,1.1314299774555826e-5,1.016279772124014e-5,9.129440211792203e-6,8.201992194973939e-6,7.3694994687208755e-6,6.62215287781687e-6,5.951167128068381e-6,5.348672615522609e-6,4.807618848932626e-6,4.321688200813802e-6,3.885218864414555e-6,3.4931360181069494e-6,3.1408903086499647e-6,2.8244028638085077e-6,2.540016130294074e-6,2.284449911046326e-6,2.0547620444184302e-6,1.848313227940628e-6,1.6627355441374442e-6,1.4959042933960834e-6,1.3459127821937674e-6,1.2110497524072034e-6,1.0897791717242852e-6,9.80722135255101e-7,8.82640655062298e-7,7.944231384918011e-7,7.150713773151411e-7,6.436888887741439e-7,5.794704665949343e-7,5.216928149752526e-7,4.6970615216503866e-7,2.1146334114630833e-7
0.02104250578842859,0.03252123880310798,0.026888092934322816,0.02267758354409699,0.019343596750567404,0.01662510285727331,0.014367925775162826,0.012470338972662143,0.010860468283801078,0.009485127208960858,0.00830363207818366,0.0072840835505594,0.0064009887179781455,0.0056336655332464985,0.00496513013766256,0.004381296165541823,0.0038703833530852605,0.0034224710962357935,0.003029155139273078,0.002683279365170127,0.0023787233888984335,0.0021102323496450803,0.001873279109961587,0.0016639516834095064,0.0014788605406771162,0.0013150617471147166,0.0011699928300907686,0.0010414189701206597,0.0009273876292610027,0.00082619012262607,0.0007363289395294851,0.0006564898528552063,0.000585518036414847,0.0005223975529822459,0.0004662336890363227,0.00041623770303154256,0.0003717136272897801,0.00033204682283111565,0.00029669403506615063,0.0002651747380568734,0.00023706358784135548,0.00021198383259287898,0.00018960155006449804,0.0001696206017767015,0.00015177820928119565,0.00013584107131815694,0.00012160195204391488,0.00010887668011016821,9.750150660092489e-5,8.733077682219386e-5,7.823487692158845e-5,7.009842145657796e-5,6.281865242003517e-5,5.630402404733191e-5,5.047295100452315e-5,4.525270038034364e-5,4.057841036692858e-5,3.6392220642780413e-5,3.264250131448769e-5,2.928316889486192e-5,2.6273079183125603e-5,2.3575488146282528e-5,2.115757296821839e-5,1.8990006363904933e-5,1.7046578077423548e-5,1.530385819834831e-5,1.374089756352875e-5,1.2338961058225734e-5,1.1081290120687075e-5,9.95289118140721e-6,8.94034714208879e-6,8.031649332279872e-6,7.216047674163113e-6,6.483917042824706e-6,5.826638038589202e-6,5.2364905871235665e-6,4.706558962342373e-6,4.2306469847076214e-6,3.8032022853325858e-6,3.4192486508320636e-6,3.074325572780383e-6,2.7644342220804885e-6,2.485989155417413e-6,2.2357751359541495e-6,2.010908518903544e-6,1.8088027127432875e-6,1.627137279577764e-6,1.4638302862322906e-6,1.3170135593614628e-6,1.1850105358563227e-6,1.0663164326652535e-6,9.595804902410828e-7,8.635900702205245e-7,7.772564113064274e-7,6.99601868527813e-7,6.297484795980674e-7,5.669077188378433e-7,5.103713140303315e-7,4.5950301468754906e-7,4.1373121215901274e-7,1.8627116128856985e-7
0.018478540976815894,0.02856151270477869,0.02361597473506688,0.01991917334828225,0.01699177604830676,0.014604672952265196,0.012622540427880968,0.010956089909471028,0.009542234168387426,0.008334288045866722,0.007296540058743611,0.0064009887179781455,0.005625255492411982,0.004951184411449802,0.004363865500813191,0.0038509320333000585,0.003402041479803719,0.0030084836769509182,0.002662879508449262,0.002358945499955363,0.0020913073896077633,0.0018553507345531392,0.0016470999595295799,0.0014631195473891988,0.0013004326761616516,0.001156453750816036,0.0010289321076527233,0.0009159047796980409,0.0008156566674408505,0.0007266868035991515,0.0006476796644593451,0.0005774806840270121,0.000515075286210611,0.000459570875700574,0.0004101813276750927,0.0003662135961407442,0.00032705612502341355,0.00029216879810028094,0.00026107420652090457,0.0002333500475814477,0.00020862249719194245,0.0001865604224147682,0.00016687032035792504,0.0001492918863882386,0.00013359412856297917,0.00011957195701347428,0.00010704318698474304,9.58459026648398e-5,8.583613615713174e-5,7.688582208319542e-5,6.888099355501637e-5,6.17201897684229e-5,5.531304932318375e-5,4.9579066724749865e-5,4.444649239783557e-5,3.985135902047365e-5,3.573661914876229e-5,3.205138097131966e-5,2.875023065050696e-5,2.5792631130878312e-5,2.3142388513946522e-5,2.07671781814288e-5,1.8638123786427635e-5,1.6729423049338177e-5,1.5018015016536569e-5,1.3483284068511016e-5,1.2106796519566269e-5,1.0872066131529438e-5,9.764345294360538e-6,8.770439001742523e-6,7.878539078011107e-6,7.078076405244886e-6,6.359589156264774e-6,5.714605264918758e-6,5.135537566422119e-6,4.6155902154415524e-6,4.148675147161554e-6,3.729337484998719e-6,3.3526889197103187e-6,3.0143481940657452e-6,2.710387922951878e-6,2.437287063526423e-6,2.1918884263708754e-6,1.9713606844876873e-6,1.7731643971636863e-6,1.5950216185718356e-6,1.434888707329258e-6,1.2909319954928825e-6,1.1615060121205218e-6,1.0451339899316387e-6,9.404904124591851e-7,8.463853855422534e-7,7.617506402126567e-7,6.856269945678299e-7,6.17153120866048e-7,5.555554803846856e-7,5.001393033066713e-7,4.5028050400273015e-7,4.054184336055115e-7,3.650493822827274e-7,1.643603764528432e-7
0.016252197681455305,0.02512286772145722,0.020774252155945916,0.01752343654947508,0.014949048436361523,0.012849681377666677,0.011106374026221277,0.009640633001949145,0.008396997570845444,0.007334425427456187,0.0064215208071083385,0.0056336655332464985,0.004951184411449802,0.004358114218514661,0.003841345262228152,0.0033900036364999664,0.0029949949558716535,0.0026486599174391223,0.0023445094267357455,0.0020770176631091167,0.0018414581957105144,0.0016337726548485282,0.0014504644044872478,0.001288511678011934,0.001145296049972381,0.001018543121721404,0.0009062730282474347,0.0008067589100809042,0.0007184918949491928,0.0006401514365347617,0.0005705800896171776,0.0005087619799259719,0.000453804366773624,0.00040492180679904503,0.00036142251458258414,0.00032269658592831707,0.0002882058061343439,0.00025747481125724166,0.00023008340787227053,0.0002056598875219565,0.00018387519733966068,0.0001644378493766965,0.0001470894686589697,0.00013160089466262345,0.00011776876314616202,0.00010541250568030973,9.437171298161883e-5,8.450381556615442e-5,7.568204158640737e-5,6.779361710746714e-5,6.073817869488426e-5,5.44263721545344e-5,4.877861465270479e-5,4.372400038956585e-5,3.919933252720018e-5,3.514826625248689e-5,3.152054975578847e-5,2.8271351549635608e-5,2.5360663974375577e-5,2.2752773989453978e-5,2.041579342060355e-5,1.8321241785711803e-5,1.6443675646424596e-5,1.476035915135357e-5,1.3250971071116662e-5,1.1897344178312747e-5,1.0683233314109317e-5,9.594108905572091e-6,8.616973076535825e-6,7.740195824830747e-6,6.953369027468576e-6,6.247176292673693e-6,5.6132769036824535e-6,5.044202297733443e-6,4.533263700865891e-6,4.074469693042708e-6,3.6624526167420933e-6,3.29240286396965e-6,2.9600101831849757e-6,2.6614112439297252e-6,2.3931427811649725e-6,2.1520997159036207e-6,1.935497715910323e-6,1.7408397182339122e-6,1.5658859883046736e-6,1.4086273368484852e-6,1.267261156664077e-6,1.1401699785140447e-6,1.0259022776403056e-6,9.23155291824936e-7,8.307596373212743e-7,7.476655322762026e-7,6.72930457693608e-7,6.057081040735866e-7,5.452384682788615e-7,4.908389795367958e-7,4.418965464522562e-7,3.9786042844515145e-7,3.582358451790904e-7,3.2257824680526846e-7,1.452440880135671e-7
0.01431377409162432,0.02212863300365081,0.018299620593110077,0.015437046944127397,0.013169980047797847,0.011321122754215929,0.009785753296107175,0.008494773104871678,0.007399358718151922,0.006463378850915857,0.005659193827749404,0.00496513013766256,0.004363865500813191,0.003841345262228152,0.0033860267459845522,0.0029883354831476278,0.002640263582011748,0.0023350665338345497,0.00206703005394316,0.0018312879232788778,0.0016236777245455802,0.0014406252346605107,0.001279050824052018,0.0011362929882253806,0.0010100453786715813,0.0008983045850085337,0.0007993265622646128,0.0007115900695229948,0.0006337658389302132,0.0005646904604934434,0.0005033441722332669,0.00044883190285500973,0.00040036703710259487,0.0003572574710098359,0.0003188936012203068,0.0002847379541909365,0.00025431621084772826,0.0002272094224740201,0.00020304724661549846,0.0001815020588007447,0.00016228381814005618,0.00014513558338712877,0.00012982959144983066,0.00011616382324393165,0.00010395899256487569,9.305590281090664e-5,8.33131241063476e-5,7.460494989709678e-5,6.681959767762947e-5,5.985762325635296e-5,5.3630522030226595e-5,4.8059494232787544e-5,4.3074354102384284e-5,3.8612565510254444e-5,3.4618388813818205e-5,3.1042125619189643e-5,2.783944981044138e-5,2.4970814650027422e-5,2.240092700760138e-5,2.0098280876667326e-5,1.803474328214655e-5,1.6185186520736622e-5,1.4527161401854899e-5,1.3040606789988451e-5,1.1707591307971108e-5,1.0512083547637921e-5,9.439747564640862e-6,8.477760806294274e-6,7.614651954869755e-6,6.840156459463477e-6,6.14508778394258e-6,5.5212226251333924e-6,4.961198554541158e-6,4.458422711767516e-6,4.006990333910827e-6,3.6016120408220302e-6,3.2375489182389706e-6,2.91055454814985e-6,2.616823229615739e-6,2.35294371813745e-6,2.1158578858706617e-6,1.9028237707147716e-6,1.7113825415163855e-6,1.539328957735309e-6,1.3846849486087555e-6,1.245675977851171e-6,1.1207098958847887e-6,1.008358014391822e-6,9.073381664166694e-7,8.164995411738904e-7,7.348091051129193e-7,6.613394413296103e-7,5.952578574261583e-7,5.358166278660161e-7,4.823442513460707e-7,4.342376163677911e-7,3.909549796234929e-7,3.520096719892407e-7,3.169644558691405e-7,2.8542646580045166e-7,1.2852133572243706e-7
0.012622066417800892,0.019515242731723226,0.01613959334327464,0.013615789155426439,0.011616897900703499,0.009986653227220144,0.008632754783438251,0.007494299335799481,0.006528253372909298,0.005702769766628826,0.004993485561457081,0.004381296165541823,0.0038509320333000585,0.0033900036364999664,0.0029883354831476278,0.0026374868697788684,0.002330397908935092,0.0020611223108553053,0.001824621889148545,0.001616606014280167,0.0014334044643193149,0.0012718655310252729,0.0011292735209973252,0.0010032813558675038,0.0008918550698158688,0.0007932277824896881,0.0007058612912287047,0.0006284138427457911,0.0005597129553220146,0.0004987323973696389,0.00044457260812560614,0.0003964439851252251,0.000353652571504005,0.0003155877617052631,0.00028171171199070123,0.0002515501964769967,0.0002246846932681566,0.00020074552069149904,0.00017940587273109756,0.0001603766265603746,0.00014340181469672895,0.00012825467062457753,0.00011473417030698294,0.00010266200338196604,9.187991734145454e-5,8.224738606255142e-5,7.363956086101336e-5,6.594546798628425e-5,5.9066421402080745e-5,5.291462388110242e-5,4.741193302466374e-5,4.2488771897211e-5,3.8083166594813744e-5,3.41398953523324e-5,3.060973575601386e-5,2.7448798319614203e-5,2.4617936157500368e-5,2.208222176375231e-5,1.9810483010794327e-5,1.7774891452866518e-5,1.5950596851615584e-5,1.4315402580669797e-5,1.2849477206128805e-5,1.1535098098073275e-5,1.0356423420864065e-5,9.299289279382478e-6,8.351029177863036e-6,7.500313276093861e-6,6.7370052219339015e-6,6.052034595480644e-6,5.437283224580123e-6,4.885483831286143e-6,4.390129644516223e-6,3.945393768405473e-6,3.546057233574701e-6,3.187444778136693e-6,2.865367513022321e-6,2.576071720897481e-6,2.316193120762352e-6,2.0827160051943482e-6,1.8729367226787177e-6,1.6844310354610192e-6,1.5150249356070815e-6,1.362768547052928e-6,1.2259127826280931e-6,1.102888461219709e-6,9.922876219775079e-7,8.928468014054289e-7,8.034320642833876e-7,7.230256022485381e-7,6.507137336316707e-7,5.856761562752269e-7,5.271763209591897e-7,4.745528071362953e-7,4.2721159545813274e-7,3.8461914274978157e-7,3.462961751860429e-7,3.11812124406672e-7,2.807801392130279e-7,2.5285261269824334e-7,1.1385858551748704e-7
0.011142632728839141,0.0172295591036416,0.014250292014443444,0.012022697888912998,0.010258304995089229,0.008819230184379134,0.007624030836833995,0.0066189674525256315,0.005766067728647087,0.005037229547500924,0.004410954373953835,0.0038703833530852605,0.003402041479803719,0.0029949949558716535,0.002640263582011748,0.002330397908935092,0.0020591669205751242,0.0018213222613922483,0.0016124169230367913,0.0014286635885130579,0.0012668224427013243,0.0011241112656080327,0.0009981326378500112,0.0008868144680362414,0.0007883610172158863,0.0007012122835773436,0.0006240101098012631,0.0005555697427188071,0.0004948558492351325,0.0004409621996306814,0.00039309438808124084,0.0003505550827727147,0.00031273139362226164,0.00027908402107675815,0.0002491379092941408,0.00022247417494246965,0.00019872312153610804,0.00017755818049382645,0.00015869064576555514,0.0001418650898794907,0.00012685536657259166,0.0001134611195695921,0.00010150472905180751,9.082863739411106e-5,8.129300413206738e-5,7.277364724323962e-5,6.516023382686703e-5,5.8354688339155034e-5,5.226979088689869e-5,4.6827941774599e-5,4.196007166126835e-5,3.760467940030197e-5,3.370698195586167e-5,3.0218162806251595e-5,2.7094706976291062e-5,2.4297812333324306e-5,2.1792868083597217e-5,1.9548992531530146e-5,1.7538623139228308e-5,1.573715278133553e-5,1.412260682463935e-5,1.2675356314683999e-5,1.1377863116632036e-5,1.0214453350342517e-5,9.171115894538497e-6,8.23532311400237e-6,7.395871298770295e-6,6.642738593982885e-6,5.966958458773885e-6,5.36050691895274e-6,4.816202076328235e-6,4.327614514047667e-6,3.888987392420431e-6,3.495165165907094e-6,3.141529973574177e-6,2.8239448609374663e-6,2.53870308628759e-6,2.282482848219696e-6,2.0523068442366852e-6,1.8455061364255567e-6,1.6596878580480532e-6,1.4927063461084398e-6,1.3426373311217683e-6,1.2077548551409022e-6,1.086510625501073e-6,9.775155437078872e-7,8.795231769297872e-7,7.914149651313991e-7,7.121869790595049e-7,6.409380645159973e-7,5.76859225818029e-7,5.192241173678759e-7,4.673805263059905e-7,4.2074274165938464e-7,3.7878471669285317e-7,3.410339410479031e-7,3.070659481774904e-7,2.764993915258582e-7,2.489916298901373e-7,2.2423476877372841e-7,1.0097605508715972e-7
0.009846482381334537,0.015226851535288188,0.01259477856224811,0.010626653296880673,0.009067683898883988,0.007796085399814162,0.006739923356688687,0.005851731659578918,0.0050979702502490926,0.004453816686027054,0.0039002809905539504,0.0034224710962357935,0.0030084836769509182,0.0026486599174391223,0.0023350665338345497,0.0020611223108553053,0.0018213222613922483,0.0016110293896293496,0.001426314552270918,0.0012638313448375404,0.0011207170122553463,0.0009945130392330394,0.0008831008539315899,0.0007846492973845789,0.0006975713638530338,0.0006204883249433715,0.0005521997912162312,0.0004916585893568678,0.0004379495752383552,0.0003902716861575884,0.00034792267570618336,0.00031028608295558934,0.00027682007209612995,0.0002470478453116152,0.00022054938451384395,0.00019695431988994835,0.0001759357573798935,0.00015720492481334503,0.00014050651909881156,0.00012561465540867917,0.0001123293345925815,0.00010047335777117251,8.98896276395045e-5,8.043878487402488e-5,7.199713544159291e-5,6.445483089931683e-5,5.77142690735995e-5,5.168868698752463e-5,4.630092174395361e-5,4.148231833321647e-5,3.717176612640322e-5,3.331484821545718e-5,2.9863089810659976e-5,2.6773293687916118e-5,2.4006952207845532e-5,2.1529726747305622e-5,1.9310986534289078e-5,1.7323399871744356e-5,1.5542571597102503e-5,1.3946721382149415e-5,1.2516398126660098e-5,1.1234226276057754e-5,1.0084680392582384e-5,9.053884744834357e-6,8.12943506487123e-6,7.30023995700838e-6,6.556379738555606e-6,5.888980748719997e-6,5.290103391454861e-6,4.7526423781039684e-6,4.270237810769556e-6,3.837195903362675e-6,3.4484182743843377e-6,3.099338865887992e-6,2.785867650583699e-6,2.50434038241348e-6,2.2514737300639414e-6,2.024325206816059e-6,1.820257374800657e-6,1.6369058601984497e-6,1.4721507670647318e-6,1.324091122749943e-6,1.191022028704916e-6,1.0714142256842847e-6,9.638958145513842e-7,8.672359021587966e-7,7.803299665713454e-7,7.021867585190748e-7,6.319165755798181e-7,5.687207634787695e-7,5.118823143405472e-7,4.60757445902658e-7,4.1476805812871237e-7,3.733949746630458e-7,3.36171886561605e-7,3.0267992447214897e-7,2.7254279333180996e-7,2.4542241067633547e-7,2.210149958375779e-7,1.9904756294557768e-7,8.963738781798813e-8
