0.061341554748304494,0.08858435389489894,0.06971604666456788,0.056225223825936865,0.04596945009910425,0.03792689052825926,0.03149791857306872,0.026290977297825036,0.022033173595423616,0.018525867854860656,0.015619949160039392,0.013200908450146376,0.011179265689194001,0.00948413809659518,0.008058757075834866,0.0068572497869086035,0.005842272300626131,0.00498323405822064,0.004254943633927866,0.0036365613050829,0.003110779256481816,0.002663173405546948,0.0022816864210961074,0.001956212245303235,0.0016782599759825392,0.0014406803694920062,0.001237442157424884,0.0010634482737118776,0.0009143842612862191,0.0007865927716899125,0.0006769693296197424,0.0005828755062563598,0.0005020664025859409,0.0004326299389304563,0.00037293591738509456,0.00032159319853062446,0.0002774136339202824,0.00023938163731573436,0.00020662847327678445,0.0001784105005986727,0.0001540907377652681,0.00013312322387424875,0.00011503973585489389,9.943849486438242e-5,8.597455430919484e-5,7.435161140984751e-5,6.43150253281325e-5,5.564585911831208e-5,4.8155791393552174e-5,4.168276754433053e-5,3.6087280426160234e-5,3.124918730497959e-5,2.706498403061018e-5,2.3445469374633646e-5,2.0313742555682138e-5,1.7603485496229035e-5,1.5257488569491741e-5,1.3226384703248937e-5,1.1467561882945069e-5,9.944228497365897e-6,8.624609698899648e-6,7.481256130693117e-6,6.490449075237311e-6,5.631688380843431e-6,4.887251486506339e-6,4.241813540395141e-6,3.6821200382242705e-6,3.1967046278628134e-6,2.7756457726046e-6,2.4103568588997428e-6,2.0934050986664733e-6,1.8183552317126725e-6,1.5796345952589637e-6,1.3724166084986922e-6,1.192520133301814e-6,1.0363225259545604e-6,9.0068449932726e-7,7.828851761101416e-7,6.805659379550774e-7,5.916818685951902e-7,5.14459754894395e-7,4.473617524634451e-7,3.89053945541445e-7,3.3837913638564026e-7,2.9433329067390125e-7,2.560451438926996e-7,2.2275854121581475e-7,1.938171417842051e-7,1.686511684834725e-7,1.467659277515217e-7,1.2773186127378807e-7,1.1117592376619456e-7,9.677410889563926e-8,8.424496943030813e-8,7.334399851849167e-8,6.385875692371021e-8,5.5604646567734064e-8,4.8421244137979145e-8,4.2169120089881734e-8,3.672707840792268e-8,1.5994880576210144e-8
0.08858435389489894,0.1279640886349287,0.10072974710297711,0.08125343018995146,0.06644479884521948,0.054829888956576145,0.04554372434274756,0.03802144172933131,0.0318693345388128,0.026800798265581016,0.02260066969214858,0.019103698058230922,0.01618073832133121,0.013729474668908392,0.011667954520865775,0.0099299464255235,0.008461526113168055,0.00721851533350204,0.006164528302752159,0.005269460639947571,0.004508306613427618,0.0038602239188471194,0.00330778768739462,0.0028363909065299633,0.0024337593197369042,0.0020895566635132853,0.0017950617712566633,0.001542903260648737,0.0013268406540686596,0.001141583152666062,0.0009826390997877167,0.0008461905709821332,0.0007289886200629245,0.0006282655688482804,0.0005416614067650094,0.00046716190691251797,0.00040304649810312537,0.00034784428072605605,0.0003002968565016667,0.0002593268714233066,0.0002240113582806201,0.000193559118523983,0.00016729150930126172,0.00014462610550091716,0.00012506279259936331,0.00010817191752016597,9.358418404521859e-5,8.0982028754246e-5,7.009225480704385e-5,6.0679735460708725e-5,5.2542028214178646e-5,4.550476483998424e-5,3.9417703049097054e-5,3.415134282170641e-5,2.9594025010358017e-5,2.564944213493336e-5,2.2234501715297065e-5,1.9277491316015594e-5,1.6716501958995427e-5,1.449807292244618e-5,1.257602633587617e-5,1.0910464579864368e-5,9.466907407489338e-6,8.215549033919513e-6,7.130618281949748e-6,6.189827294336041e-6,5.373896394507454e-6,4.666144442968693e-6,4.0521355508106556e-6,3.519374304996711e-6,3.0570427666709094e-6,2.6557734527635e-6,2.3074533242782317e-6,2.0050545012338197e-6,1.742488022750864e-6,1.514477483328168e-6,1.3164498175723795e-6,1.144440884240311e-6,9.95013825399179e-7,8.651884566214861e-7,7.523801846214595e-7,6.543471556291734e-7,5.691445162648192e-7,4.950848217526265e-7,4.3070375869934284e-7,3.74730463504066e-7,3.26061815454541e-7,2.83740168324342e-7,2.469340571248123e-7,2.1492147971909957e-7,1.8707540719347727e-7,1.6285122384437448e-7,1.4177583808333945e-7,1.234382404821813e-7,1.0748131540492909e-7,9.359473872133221e-8,8.150881665356616e-8,7.098914028863053e-8,6.183194711127868e-8,5.386009549730343e-8,2.345978535125772e-8
0.06971604666456788,0.10072974710297711,0.07930412745037496,0.06397967539850247,0.052326346622596054,0.043185095248939875,0.035875731049748616,0.02995404444314853,0.02511040731157821,0.021119407261794232,0.017811808175605348,0.015057622623958378,0.012755256003330606,0.010824212656860316,0.00920001175838811,0.007830537227293877,0.0066733532727425715,0.00569369043215269,0.0048629093400424095,0.0041573124058114225,0.003557213631195044,0.003046203058199602,0.0026105600103776133,0.0022387814635293074,0.001921200438994089,0.0016496754384435694,0.00141733639787716,0.001218375930222837,0.001047877089006468,0.0009016707496903482,0.0007762171322861222,0.0006685070907498265,0.0005759796534314347,0.0004964529735628134,0.0004280663823107052,0.0003692316618445412,0.00031859199628921434,0.0002749873323478107,0.00023742510331807576,0.00020505545050318163,0.0001771502231656596,0.00015308515880043576,0.0001323247446678756,0.0001144093433393255,9.894423263338489e-5,8.559026650169113e-5,7.405591010519212e-5,6.409044122046527e-5,5.547814264487603e-5,4.8033337480943316e-5,4.159614200415396e-5,3.602882999802573e-5,3.121271856582552e-5,2.704549903710131e-5,2.343894806080204e-5,2.0316963671508843e-5,1.761387932531312e-5,1.5273015854337213e-5,1.3245437181021906e-5,1.1488880644724931e-5,9.966837039926716e-6,8.647759088404954e-6,7.50438014678894e-6,6.513127574404339e-6,5.653617425274693e-6,4.908219037705184e-6,4.261679726942001e-6,3.7008011781922926e-6,3.214160330877928e-6,2.7918685645755286e-6,2.425363869582107e-6,2.10723143339648e-6,1.8310487156360545e-6,1.5912516333021795e-6,1.3830189504042614e-6,1.2021723702769396e-6,1.0450901770182449e-6,9.086325711911361e-7,7.900771013397891e-7,6.870628139278571e-7,5.975419341110982e-7,5.197380530591756e-7,4.521099384248003e-7,3.933202054085016e-7,3.4220819039548746e-7,2.977664590352911e-7,2.591204580182096e-7,2.255108867464051e-7,1.9627842263187557e-7,1.7085048356400152e-7,1.4872975389980076e-7,1.2948423743717327e-7,1.127386327904835e-7,9.816685418437663e-8,8.548554457044592e-8,7.444844856083943e-8,6.484153050493993e-8,5.6478738437025976e-8,4.919832792398532e-8,4.2859671375684284e-8,1.8670244170894382e-8
0.056225223825936865,0.08125343018995146,0.06397967539850247,0.05162320409928056,0.0422257242119356,0.034853188044004946,0.028957431936815436,0.02418045467007235,0.020272705951644765,0.01705250032911071,0.014383422527018075,0.012160687026766537,0.01030239032624361,0.00874363345360446,0.00743242508925035,0.006326740206531706,0.005392356796669787,0.004601232863673546,0.003930268365974321,0.0033603474997442456,0.002875588991921696,0.0024627532303626645,0.0021107692978138207,0.0018103547848812296,0.0015537081518911151,0.0013342583452195002,0.0011464599662230415,0.000985624943103204,0.0008477836405883232,0.0007295698443106416,0.0006281252065519025,0.0005410196278917475,0.00046618474125797137,0.00040185820855232965,0.00034653696995912923,0.00029893792846203814,0.000257964826427059,0.00022268029185590777,0.00019228221078149057,0.00016608372757417802,0.00014349629352988953,0.00012401528134238634,0.00010720776299830842,9.270211458506611e-5,8.017916602060166e-5,6.936465900903152e-5,6.002281416560935e-5,5.195083961995412e-5,4.497423963813142e-5,3.8942803749072866e-5,3.372717526859087e-5,2.9215913583975042e-5,2.531297756958159e-5,2.1935568481961428e-5,1.9012279939505496e-5,1.6481510413485017e-5,1.4290100281918702e-5,1.2392161107991327e-5,1.0748069559770852e-5,9.323602432633501e-6,8.08919266353394e-6,7.019289150886213e-6,6.091805679486173e-6,5.287646367998532e-6,4.590296864319214e-6,3.9854720560823575e-6,3.460812381583781e-6,3.005621950442051e-6,2.6106426473959145e-6,2.267859216225699e-6,1.970331025622552e-6,1.7120468234378406e-6,1.4877993038544929e-6,1.2930767559663553e-6,1.1239694437725923e-6,9.77088694370822e-7,8.494969524925963e-7,7.386473009929463e-7,6.423311541925889e-7,5.586330096975281e-7,4.858912977921562e-7,4.226644995565187e-7,3.6770181879491027e-7,3.199177906056053e-7,2.783702939720282e-7,2.4224150847555246e-7,2.1082141783428662e-7,1.834935171367862e-7,1.5972242719432214e-7,1.3904315974457524e-7,1.210518118865879e-7,1.053974981613944e-7,9.17753545625081e-8,7.992047110103738e-8,6.96026288909867e-8,6.062173439142299e-8,5.280385788202606e-8,4.599779572155985e-8,4.007208671160848e-8,3.491242223001374e-8,1.5209698933861664e-8
0.04596945009910425,0.06644479884521948,0.052326346622596054,0.0422257242119356,0.03454301570021401,0.028515099669866206,0.02369411259790344,0.019787547752461943,0.016591499369484952,0.013957505544824056,0.011774089581963465,0.009955616574887222,0.008435147040156188,0.007159635354301447,0.0060865828109415016,0.005181634639038132,0.004416812646878501,0.0037691892183725345,0.00321987577776979,0.002753240271636072,0.002356294581027145,0.002018210061810577,0.0017299310429298859,0.001483864124703086,0.0012736267513198847,0.0010938425634645609,0.0009399739716005572,0.0008081845569206172,0.0006952255280673978,0.0005983416886538376,0.0005151933098520179,0.00044379102759922566,0.00038244144923641876,0.0003297015985325967,0.00028434067927861004,0.00024530791737751526,0.00021170546548656636,0.0001827655346202505,0.00015783106326884783,0.0001363393533079871,0.00011780819888801506,0.00010182411394672308,8.803232931380912e-5,7.612828427501343e-5,6.58503820222024e-5,5.697381543788289e-5,4.9305300429144266e-5,4.267857966590489e-5,3.695058102293582e-5,3.199813296647625e-5,2.771515417678027e-5,2.401024734716904e-5,2.0804637736752485e-5,1.803040603183992e-5,1.56289726414722e-5,1.3549796950120061e-5,1.1749260469341136e-5,1.0189707419616179e-5,8.83862016367413e-6,7.667910221827292e-6,6.653308404497136e-6,5.773839990329315e-6,5.01137291246707e-6,4.350228649051526e-6,3.7768469936843354e-6,3.2794971437717538e-6,2.848028623627608e-6,2.4736564794606173e-6,2.1487759727276023e-6,1.8668026727157547e-6,1.6220344264056678e-6,1.4095321788236153e-6,1.225017041444962e-6,1.0647813698469229e-6,9.256119243447176e-7,8.047234550540875e-7,6.997012833476121e-7,6.084516495286456e-7,5.291587664084686e-7,4.60247664944282e-7,4.003520438806426e-7,3.482864435775763e-7,3.0302215760794023e-7,2.6366637583601666e-7,2.2944412201162515e-7,1.9968260854077758e-7,1.7379768243066563e-7,1.5128208082710178e-7,1.3169525274505365e-7,1.1465453665625251e-7,9.982751201884578e-8,8.692536747405488e-8,7.569714965968906e-8,6.59247749212171e-8,5.741870207220167e-8,5.0014178037231887e-8,4.3567980061840066e-8,3.7955588411904115e-8,3.306873232812185e-8,2.8813259670646245e-8,1.2553643657001711e-8
0.03792689052825926,0.054829888956576145,0.043185095248939875,0.034853188044004946,0.028515099669866206,0.02354165969524119,0.019563609309574848,0.01633977120947777,0.013702013740267971,0.011527915399647731,0.009725547272894597,0.008224286319076457,0.006968923868745008,0.0059157071779989134,0.005029580156085275,0.004282202277959571,0.0036504914928617016,0.0031155309738933185,0.0026617351094172376,0.002276204293690201,0.001948219808030567,0.001668844332943821,0.0014306032203620055,0.001227228260033096,0.001053450316809694,0.0009048305390860628,0.0007776222577074738,0.0006686574805506145,0.0005752532242926118,0.0004951339362798436,0.0004263670336626703,0.0003673091848486682,0.0003165614243143527,0.0002729315579569,0.00023540260572378277,0.0002031062588872699,0.00017530051411515212,0.00015135079518846604,0.000130713993716813,0.0001129249580937657,9.758503984869733e-5,8.435237207233756e-5,7.293360846497032e-5,6.30768960081015e-5,5.4565891010386475e-5,4.721465881494071e-5,4.086332283320779e-5,3.537434972106701e-5,3.0629375203860935e-5,2.6526489858879287e-5,2.2977916581544313e-5,1.9908021898766288e-5,1.7251612069993784e-5,1.4952472325416668e-5,1.2962113838588447e-5,1.1238698311054655e-5,9.74611451929968e-6,8.453184962803193e-6,7.332983963406173e-6,6.362251298296562e-6,5.520887764615348e-6,4.791521049840903e-6,4.1591319619126415e-6,3.6107325046713e-6,3.1350885062842544e-6,2.722480550870837e-6,2.3644978548204793e-6,2.0538604895248242e-6,1.784266004402765e-6,1.550257061305531e-6,1.3471071683273595e-6,1.170722010239228e-6,1.017554223470398e-6,8.84529764114267e-7,7.689842757744494e-7,6.686080853679488e-7,5.813986455835643e-7,5.056194062794592e-7,4.397642375545967e-7,3.825266483514486e-7,3.327731484706632e-7,2.895201914003497e-7,2.519142126166251e-7,2.1921434429487408e-7,1.907774447197246e-7,1.6604513001349683e-7,1.4453253827891072e-7,1.2581859300912564e-7,1.095375642156553e-7,9.537175308875433e-8,8.304514952820241e-8,7.231793227846861e-8,6.298169897263032e-8,5.4855328565356636e-8,4.778139177598778e-8,4.1623036491232284e-8,3.626128489117441e-8,3.1592687541046093e-8,2.7527287015396665e-8,2.3986849974003077e-8,1.045166604845346e-8
0.03149791857306872,0.04554372434274756,0.035875731049748616,0.028957431936815436,0.02369411259790344,0.019563609309574848,0.016259458023840434,0.013581488206424464,0.011390149107626035,0.00958382461707935,0.008086204677749842,0.006838661574411126,0.0057953608076686675,0.004919976124757405,0.004183399679100849,0.003562097957559643,0.003036902537497048,0.0025921027713546943,0.0022147535996886528,0.0018941400382051082,0.0016213579197773623,0.0013889822966206625,0.0011908028646100584,0.0010216112524525957,0.0008770288709085521,0.0007533667750498699,0.0006475109998511884,0.0005568283112959409,0.00047908842403703543,0.0004123995758950217,0.0003551549919526059,0.0003059882671360443,0.0002637360828611655,0.00022740697716172684,0.00019615512800934308,0.00016925830093030394,0.00014609926537937062,0.00012615010774240723,0.0001089589688514159,9.413881514664345e-5,8.135791895235779e-5,7.033177772078607e-5,6.0816246818879566e-5,5.260169733509721e-5,4.5508040893584185e-5,3.938048881626068e-5,3.408593404488126e-5,2.9509861797553396e-5,2.5553709624968803e-5,2.213260982393767e-5,1.9173457478883268e-5,1.661325607078541e-5,1.439769988347781e-5,1.2479958591664895e-5,1.0819634605321843e-5,9.381868131995636e-6,8.136568634720126e-6,7.057754511164305e-6,6.122985488228437e-6,5.312874496795459e-6,4.6106677159009335e-6,4.001883118096911e-6,3.4739992440745545e-6,3.016187124691745e-6,2.619079284538275e-6,2.2745706279586953e-6,1.975646749532524e-6,1.7162358431708816e-6,1.4910809263298495e-6,1.2956295592566045e-6,1.1259386358701978e-6,9.78592163247497e-7,8.506302384274625e-7,7.394876812865597e-7,6.429409971773244e-7,5.590625271589156e-7,4.86180802238578e-7,4.228462541791795e-7,3.678015523203409e-7,3.1995593667570247e-7,2.7836300415813915e-7,2.42201479308696e-7,2.1075856522233863e-7,1.834155255503009e-7,1.5963519621172934e-7,1.389511665277125e-7,1.2095840486485545e-7,1.0530513448996479e-7,9.168579165602334e-8,7.983492073431414e-8,6.952188080404697e-8,6.054625510382831e-8,5.2733869389117277e-8,4.593333788552188e-8,4.00130664786237e-8,3.4858652222282214e-8,3.037062642730379e-8,2.6462495659831027e-8,2.305904108430774e-8,2.0094841882060037e-8,8.756496526091186e-9
0.026290977297825036,0.03802144172933131,0.02995404444314853,0.02418045467007235,0.019787547752461943,0.01633977120947777,0.013581488206424464,0.01134572090326938,0.009516054145938119,0.008007714123043908,0.00675703516963036,0.005715101062404887,0.004843667159289328,0.004112420505055198,0.003497069926478788,0.002977974726990927,0.0025391360473188615,0.0021674400459564536,0.00185208050623685,0.0015841121175685195,0.001356100720631373,0.00116184666801886,0.000996164087914829,0.0008547034093560266,0.0007338077205991285,0.000630395832092354,0.0005418665896275397,0.0004660202191269936,0.0004009934092979277,0.000345205538313402,0.00029731398650775787,0.00025617689085637944,0.00022082201951884907,0.00019042069814183748,0.0001642659200378413,0.00014175393199775208,0.0001223687154115619,0.00010566888531472361,9.127661340566215e-5,7.886824886053152e-5,6.816636610858478e-5,5.893301410675542e-5,5.0963978963268096e-5,4.40839025505523e-5,3.814212520576981e-5,3.3009141773528974e-5,2.8573577829742224e-5,2.473960758237186e-5,2.1424747205884003e-5,1.855796762610765e-5,1.6078079380653517e-5,1.3932349416485412e-5,1.2075315772416877e-5,1.046777123253406e-5,9.075891370098193e-6,7.870486064452513e-6,6.826356676675857e-6,5.921743698562192e-6,5.137851918228875e-6,4.458442042044465e-6,3.869479320113819e-6,3.3588310946417057e-6,2.9160063569702045e-6,2.5319313933640794e-6,2.198756448516722e-6,1.909689060033131e-6,1.6588503364430064e-6,1.4411509796048171e-6,1.2521843056487093e-6,1.0881339059539017e-6,9.456939212522011e-7,8.220001864925822e-7,7.145707480130452e-7,6.212544636268052e-7,5.401865759582251e-7,4.697503033462306e-7,4.0854362526397755e-7,3.55350553064497e-7,3.091162746349864e-7,2.689256458753203e-7,2.3398457435433924e-7,2.036039028468771e-7,1.771854542694498e-7,1.5420994571062307e-7,1.3422651921370141e-7,1.1684367134967427e-7,1.0172139322514539e-7,8.856435819542678e-8,7.711601658421953e-8,6.715347579433148e-8,5.8483060600622924e-8,5.093646264462398e-8,4.436740040916653e-8,3.864872154121261e-8,3.3669888562412116e-8,2.9334796914562747e-8,2.5559881138897168e-8,2.2272470908535335e-8,1.940936374835695e-8,1.691558571386994e-8,7.371657567279135e-9
0.022033173595423616,0.0318693345388128,0.02511040731157821,0.020272705951644765,0.016591499369484952,0.013702013740267971,0.011390149107626035,0.009516054145938119,0.00798222188197062,0.0067176439723952985,0.0056689897536080225,0.0047952812289742824,0.004064478127167884,0.0034511834124525825,0.002935043844626284,0.002499601569053614,0.0021314494063689737,0.0018195970181693125,0.0015549873266059513,0.0013301223629758573,0.0011387703168577352,0.0009757338154573088,0.0008366650197873873,0.0007179169519163503,0.0006164231579517,0.0005295997373402639,0.00045526517086902536,0.0003915744146225043,0.00033696450152550985,0.0002901094781936472,0.00024988295350294575,0.00021532688178476766,0.00018562547362051826,0.0001600833394267403,0.00013810713885978017,0.00011919014276281625,0.00010289922150616025,8.886385978800187e-5,7.676686783753277e-5,6.633651573398976e-5,5.733986390641342e-5,4.957710088761757e-5,4.2876730651217766e-5,3.709147765482493e-5,3.209479904064429e-5,2.777791117000814e-5,2.4047252401806075e-5,2.082231630597299e-5,1.8033799777609843e-5,1.5622019115309237e-5,1.3535554341764019e-5,1.1730088109795689e-5,1.0167410638243867e-5,8.814566429220721e-6,7.643122151010818e-6,6.628538141743547e-6,5.749628590725914e-6,4.988097658513641e-6,4.3281406656317745e-6,3.7561010701422823e-6,3.2601753024096253e-6,2.8301586761900446e-6,2.4572265735699377e-6,2.1337459353038763e-6,1.8531128002346653e-6,1.6096122451172421e-6,1.3982975957666627e-6,1.2148862237386632e-6,1.055669623124493e-6,9.174357871043005e-7,7.974021822001859e-7,6.931578569958126e-7,6.026134268277377e-7,5.23957851450525e-7,4.556210735644577e-7,3.962417153754011e-7,3.446391417205858e-7,2.9978929390511663e-7,2.60803780501235e-7,2.2691178218936021e-7,1.974443885612835e-7,1.7182103717765348e-7,1.4953777037889606e-7,1.3015706414283743e-7,1.132990168570856e-7,9.863371476175653e-8,8.587461569657028e-8,7.47728143212586e-8,6.511207049382145e-8,5.670449853050482e-8,4.9386828862088616e-8,4.30171655618367e-8,3.747217352634545e-8,3.26446379940021e-8,2.84413467972584e-8,2.4781252394308213e-8,2.1593876487786582e-8,1.881792501725231e-8,1.6400085614267187e-8,1.4293983341331302e-8,6.229636880531843e-9
0.018525867854860656,0.026800798265581016,0.021119407261794232,0.01705250032911071,0.013957505544824056,0.011527915399647731,0.00958382461707935,0.008007714123043908,0.0067176439723952985,0.005653939407643124,0.004771779375862761,0.0040367224127457885,0.003421837389758875,0.0029057756652054803,0.002471427209599905,0.002104955679202325,0.0017950886518753942,0.0015325850365707182,0.0013098287235138346,0.001120514175513801,0.000959400244056368,0.0008221154320227977,0.0007050024935824455,0.0006049934775564699,0.000519508580885503,0.0004463737968582338,0.00038375352045410746,0.0003300951425794802,0.00028408331555163785,0.00024460206458334563,0.0002107032969847246,0.00018158055190848656,0.00015654706036792067,0.0001350173635582797,0.00011649187853128833,0.00010054391260596826,8.680871791401021e-5,7.497424992397692e-5,6.477335250557005e-5,5.597713980309252e-5,4.8389384140080775e-5,4.184175112042848e-5,3.618974936029089e-5,3.13092839652004e-5,2.709372079411521e-5,2.3451383451872268e-5,2.0303417337034287e-5,1.758196539672558e-5,1.5228608878152864e-5,1.31930335955854e-5,1.1431888297805273e-5,9.907806821104825e-6,8.588570002818186e-6,7.446386952623328e-6,6.457278334225238e-6,5.600546892947419e-6,4.858322653291197e-6,4.215172064745535e-6,3.6577619463507358e-6,3.1745704185064293e-6,2.755638144847481e-6,2.392354175355202e-6,2.0772715052169504e-6,1.8039481658499687e-6,1.5668102638701134e-6,1.3610338952414645e-6,1.1824432992261844e-6,1.0274229899268768e-6,8.928419234494186e-7,7.759880324034482e-7,6.745116937882904e-7,5.863768974240734e-7,5.098190545075375e-7,4.433085336770368e-7,3.855191390596464e-7,3.3530085367072856e-7,2.916562653500721e-7,2.5372017296776957e-7,2.2074193981027177e-7,1.9207022073581308e-7,1.6713974095659137e-7,1.4545984843991224e-7,1.2660460002043122e-7,1.1020417401302347e-7,9.593743041662802e-8,8.352546415098359e-8,7.272601774159936e-8,6.332863802469017e-8,5.5150477055501567e-8,4.8032650928480424e-8,4.183708184734392e-8,3.644375887044716e-8,3.1748361449096697e-8,2.7660197386442474e-8,2.410041334968715e-8,2.1000441677885127e-8,1.8300652088937064e-8,1.5949181090547214e-8,1.3900915529998067e-8,1.2116609867345922e-8,5.281059739225421e-9
0.015619949160039392,0.02260066969214858,0.017811808175605348,0.014383422527018075,0.011774089581963465,0.009725547272894597,0.008086204677749842,0.00675703516963036,0.0056689897536080225,0.004771779375862761,0.004027630431117243,0.003407515155238919,0.002888734179898128,0.002453292247747471,0.002086765937707971,0.0017774906590670436,0.0015159626221745957,0.0012943900794557262,0.0011063509257142126,0.0009465277605903016,0.0008105004324692015,0.0006945819285176045,0.0005956874088366548,0.0005112288919089814,0.00043903000277783,0.00037725655852037434,0.0003243597577391316,0.00027902947325087,0.00024015569523692763,0.00020679658694724296,0.00017815193263337296,0.00015354100264084077,0.00013238405175700378,0.0001141868171324772,9.852750090778893e-5,8.504581732451857e-5,7.343375994558077e-5,6.34278056531538e-5,5.4802321570343766e-5,4.736398125501553e-5,4.094702934021109e-5,3.54092607158876e-5,3.0628602485885284e-5,2.6500205206784013e-5,2.2933965025692703e-5,1.9852410893353954e-5,1.7188901469497695e-5,1.4886085041151997e-5,1.2894583057082706e-5,1.1171863976466682e-5,9.681279244733447e-6,8.391237509980875e-6,7.274496810910321e-6,6.307557521975939e-6,5.4701414182770455e-6,4.744744401248021e-6,4.116252272213223e-6,3.5716105050060564e-6,3.099540295186526e-6,2.6902942922123473e-6,2.3354463779784617e-6,2.027710672219484e-6,1.76078564004412e-6,1.529219769209736e-6,1.3282957905903055e-6,1.153930846971864e-6,1.002590384502189e-6,8.712138561327086e-7,7.571505967394463e-7,6.581044606783101e-7,5.72086010383217e-7,4.973712144347901e-7,4.324657591291493e-7,3.7607420240112505e-7,3.270733062937241e-7,2.844889761454256e-7,2.474763139130978e-7,2.153023610941535e-7,1.8733116515505506e-7,1.6301085379625316e-7,1.4186244470355404e-7,1.234701557309111e-7,1.074730126580084e-7,9.355757930005147e-8,8.145165866781132e-8,7.091883445997336e-8,6.175373989952166e-8,5.3777956275636055e-8,4.6836456751764104e-8,4.079452243653487e-8,3.553506754810365e-8,3.095631903307118e-8,2.696980335240759e-8,2.3498599498641327e-8,2.0475822810994415e-8,1.784330890031549e-8,1.5550471108273328e-8,1.3553308479642089e-8,1.181354429793279e-8,1.0297877899869785e-8,4.48866739374368e-9
0.013200908450146376,0.019103698058230922,0.015057622623958378,0.012160687026766537,0.009955616574887222,0.008224286319076457,0.006838661574411126,0.005715101062404887,0.0047952812289742824,0.0040367224127457885,0.003407515155238919,0.0028831366600209837,0.002444409196113613,0.0020761283422483165,0.0017661067394958777,0.0015044874679819818,0.001283238971549465,0.0010957760412694181,0.000936670619764976,0.0008014280231654174,0.0006863117074127328,0.0005882046419873176,0.0005044986757064846,0.00043300556707092687,0.0003718849597061473,0.0003195857345414171,0.00027479800820183215,0.00023641366561156629,0.00020349377763809184,0.00017524160491224705,0.00015098015714719738,0.00013013348439165759,0.0001122110380904315,9.679456668908507e-5,8.352711086088895e-5,7.210374336888729e-5,6.226376263324899e-5,5.378410063182283e-5,4.647374755243684e-5,4.016902957307896e-5,3.472960387431291e-5,3.0035057728966226e-5,2.5982017216880397e-5,2.2481686549728882e-5,1.945775175709978e-5,1.6844593096576263e-5,1.4585759372337862e-5,1.2632664701507401e-5,1.0943474421535768e-5,9.482151982756243e-6,8.217642993049517e-6,7.123176216348174e-6,6.175664384454557e-6,5.355190263873821e-6,4.644565597732879e-6,4.028952384630004e-6,3.4955375170266767e-6,3.033253124326312e-6,2.6325360873216742e-6,2.2851211452871843e-6,1.9838628263839467e-6,1.722582123109185e-6,1.4959344221828643e-6,1.2992956993162992e-6,1.1286644172275519e-6,9.80576930474986e-7,8.520345130440489e-7,7.404403911620207e-7,6.435453925841615e-7,5.594010191374299e-7,4.863189167538351e-7,4.228358609572536e-7,3.67683499010916e-7,3.197621955969533e-7,2.781184197682063e-7,2.419251887843606e-7,2.1046515154200817e-7,1.8311595192615847e-7,1.5933756190132065e-7,1.3866131686263731e-7,1.2068042245687971e-7,1.0504173367206297e-7,9.143863426876255e-8,7.9604868035595e-8,6.930919361688278e-8,6.035075210038861e-8,5.2555051575597464e-8,4.57704858801976e-8,3.9865315937895334e-8,3.472505178287061e-8,3.0250181701005596e-8,2.6354202148859122e-8,2.2961908342985214e-8,2.0007910796976815e-8,1.7435347748703895e-8,1.519476744353832e-8,1.324315772663208e-8,1.154310341144365e-8,1.0062054496477468e-8,8.77169056267968e-9,3.8236843187840395e-9
0.011179265689194001,0.01618073832133121,0.012755256003330606,0.01030239032624361,0.008435147040156188,0.006968923868745008,0.0057953608076686675,0.004843667159289328,0.004064478127167884,0.003421837389758875,0.002888734179898128,0.002444409196113613,0.0020726268945475967,0.0017605146324386547,0.0014977534309323567,0.0012759969024058772,0.0010884438087471505,0.0009295172940946353,0.0007946201267054632,0.0006799452996979326,0.0005823277124034736,0.0004991268312643134,0.0004281330399503215,0.0003674923243105598,0.00031564529850422636,0.00027127755269175727,0.00023327901162325474,0.00020071051684155588,0.00017277623685637948,0.00014880080606888843,0.00012821032016508208,0.00011051649095579789,9.530340025252527e-5,8.221639972482201e-5,7.095278859949928e-5,6.12539687086511e-5,5.2898830605567406e-5,4.569816810241008e-5,3.9489953953578214e-5,3.4135338150210006e-5,2.951525376121444e-5,2.5527534505484213e-5,2.2084464071940395e-5,1.9110690272394228e-5,1.6541447919920247e-5,1.4321043309547437e-5,1.240156064731768e-5,1.0741757001169497e-5,9.306117558244222e-6,8.064047335067895e-6,6.989179147955961e-6,6.058780729397068e-6,5.253246466021459e-6,4.555661421006533e-6,3.9514271490473645e-6,3.427940372267339e-6,2.9743169077329343e-6,2.5811543577639986e-6,2.2403280245246018e-6,1.944815319283096e-6,1.6885446226284911e-6,1.4662651376047247e-6,1.2734347757956468e-6,1.106123541089196e-6,9.60930238584314e-7,8.349106457007967e-7,7.255155473711587e-7,6.305372631786286e-7,5.480634882816067e-7,4.7643743578004933e-7,4.142234101783557e-7,3.601770634978977e-7,3.132196901221522e-7,2.7241600608354113e-7,2.369549355834415e-7,2.061329935987398e-7,1.7933991035410451e-7,1.5604619232627807e-7,1.3579235644052812e-7,1.1817961035646061e-7,1.0286178287681332e-7,8.953833532286311e-8,7.794830786996396e-8,6.786507470746072e-8,5.9091799090725483e-8,5.145749415893581e-8,4.4813608146688426e-8,3.903106366186423e-8,3.399769020026209e-8,2.961599729828732e-8,2.5801242803485804e-8,2.2479756884161937e-8,1.958748769245549e-8,1.7068739169391566e-8,1.487507544353881e-8,1.2964369693040555e-8,1.129997830374787e-8,9.850023717310251e-9,8.586771576516656e-9,7.48608969622201e-9,3.2634890242826557e-9
0.00948413809659518,0.013729474668908392,0.010824212656860316,0.00874363345360446,0.007159635354301447,0.0059157071779989134,0.004919976124757405,0.004112420505055198,0.0034511834124525825,0.0029057756652054803,0.002453292247747471,0.0020761283422483165,0.0017605146324386547,0.0014955331632402757,0.0012724312870198498,0.001084129035604571,0.0009248567318602269,0.000789883033738021,0.0006753074147302432,0.0005778995749665308,0.00049497367896832,0.00042428885721193695,0.00036396979136333815,0.0003124428441643422,0.00026838434844307386,0.00023067849540833393,0.00019838286336572438,0.00017070007165910636,0.00014695437663170188,0.0001265722776787005,0.00010906639384170155,9.402201996586514e-5,8.108588725069007e-5,6.995674403695719e-5,6.037744466017947e-5,5.212829155143168e-5,4.502142172835863e-5,3.889606581469014e-5,3.3614537716071384e-5,2.9058837450207805e-5,2.5127769530495104e-5,2.1734495625331607e-5,1.8804453641164866e-5,1.627358646008072e-5,1.4086832728778904e-5,1.2196839715661903e-5,1.056286458812322e-5,9.149835744460714e-6,7.927550255401188e-6,6.869987170553477e-6,5.954719550975069e-6,5.162410700888678e-6,4.476382269054236e-6,3.8822437462895785e-6,3.3675744515390004e-6,2.9216504230005893e-6,2.535209753070966e-6,2.200250856934264e-6,1.9098589712565346e-6,1.658056866114299e-6,1.439676335571008e-6,1.2502475295555514e-6,1.0859036125882178e-6,9.43298595516325e-7,8.195364944484319e-7,7.121102339970786e-7,6.18848936850928e-7,5.37872433637996e-7,4.675519918097529e-7,4.0647640313220014e-7,3.534226900036056e-7,3.0733079438407196e-7,2.6728170193704415e-7,2.32478530140265e-7,2.0223017462737647e-7,1.759371641633715e-7,1.5307942303920478e-7,1.332056812233393e-7,1.1592430830389732e-7,1.0089537806015662e-7,8.782379697281941e-8,7.645335277671885e-8,6.656155884363213e-8,5.7955187079534364e-8,5.0466396650644286e-8,4.394937844443002e-8,3.8277446019692294e-8,3.3340513194040916e-8,2.904290649657556e-8,2.530146771562682e-8,2.204390779352634e-8,1.9207378545778046e-8,1.6737233185868355e-8,1.4585950529338788e-8,1.2712201123430147e-8,1.1080036457695539e-8,9.658184932871926e-9,8.41944044533215e-9,7.340131328640429e-9,6.399659029166162e-9,2.790048653159794e-9
0.008058757075834866,0.011667954520865775,0.00920001175838811,0.00743242508925035,0.0060865828109415016,0.005029580156085275,0.004183399679100849,0.003497069926478788,0.002935043844626284,0.002471427209599905,0.002086765937707971,0.0017661067394958777,0.0014977534309323567,0.0012724312870198498,0.001082704499551241,0.0009225578705688471,0.0007870890903019113,0.0006722777999231509,0.000574809366476043,0.0004919385063719209,0.00042138248041294,0.0003612365899691092,0.00030990672700444404,0.0002660551240404223,0.0002285564295116489,0.0001964619350088401,0.00016897029115657807,0.0001454034255611242,0.00012518665813625535,0.00010783222246036348,9.292556515720185e-5,8.011392143813514e-5,6.90967632752035e-5,5.9617793951589676e-5,5.1458223861754974e-5,4.44311111318516e-5,3.837658966004097e-5,3.315783859245266e-5,2.8657672718175728e-5,2.4775653963058286e-5,2.14256410638616e-5,1.8533708367844952e-5,1.603637610625761e-5,1.3879103903947356e-5,1.2015007073320648e-5,1.040376171391227e-5,9.010670020933399e-6,7.805861693933842e-6,6.76361109256719e-6,5.86175293054028e-6,5.081181937976797e-6,4.405424141932943e-6,3.820269282281505e-6,3.313455457566939e-6,2.874398426362784e-6,2.4939591151500716e-6,2.164243837706992e-6,1.8784325395118824e-6,1.630631066430933e-6,1.4157440407861926e-6,1.2293654230007082e-6,1.0676842598427043e-6,9.274034799155988e-7,8.056699037281421e-7,7.000138976612032e-7,6.082973247809692e-7,5.286686367656863e-7,4.5952411449512593e-7,3.994744050295754e-7,3.473156225478272e-7,3.02004383457237e-7,2.6263623401662193e-7,2.2842700439410106e-7,1.9869668789599807e-7,1.7285549985446831e-7,1.5039181844824395e-7,1.308617509157496e-7,1.1388010399355632e-7,9.911256780315514e-8,8.626894863721393e-8,7.509730863595901e-8,6.537888975450986e-8,5.692371618519093e-8,4.9566783789045935e-8,4.316475755168571e-8,3.759310880419421e-8,3.2743633190594494e-8,2.8522298366481846e-8,2.4847377296899688e-8,2.164782898755613e-8,1.8861893614862523e-8,1.643587347315437e-8,1.4323074995729812e-8,1.248289042371745e-8,1.0880000571474312e-8,9.483682616902902e-9,8.2672089948976e-9,7.2073253306495356e-9,6.283796955966221e-9,5.479014946201067e-9,2.388826910388424e-9
0.0068572497869086035,0.0099299464255235,0.007830537227293877,0.006326740206531706,0.005181634639038132,0.004282202277959571,0.003562097957559643,0.002977974726990927,0.002499601569053614,0.002104955679202325,0.0017774906590670436,0.0015044874679819818,0.0012759969024058772,0.001084129035604571,0.0009225578705688471,0.0007861656406306112,0.0006707811383350522,0.0005729833332057746,0.0004899515105611912,0.0004193492933374163,0.0003592338087345893,0.00030798381798653567,0.00026424234768589183,0.00022687054583070323,0.000194910318459046,0.00016755389878921317,0.00014411893461782057,0.00012402800000115574,0.00010679167690379405,9.1994533893429e-5,7.928346784010724e-5,6.835798183455811e-5,5.896205614897682e-5,5.087733477193224e-5,4.391740202484048e-5,3.7922965177304637e-5,3.2757792167333695e-5,2.8305280248216405e-5,2.4465553042021023e-5,2.1153001080900986e-5,1.8294195292074312e-5,1.582611467357785e-5,1.3694639107182183e-5,1.1853266262188604e-5,1.0262018166946576e-5,8.886508531460454e-6,7.697146483200411e-6,6.668456196320721e-6,5.778495090082495e-6,5.00835594751356e-6,4.341740551062494e-6,3.764594320761509e-6,3.264793029690704e-6,2.8318740140314037e-6,2.4568054277983e-6,2.1317880503471972e-6,1.8500849668233492e-6,1.605875130004466e-6,1.394127395829719e-6,1.2104921219855646e-6,1.0512078404837971e-6,9.130208752185421e-7,7.931160817417741e-7,6.890571476873914e-7,5.987351154061509e-7,5.203239788578473e-7,4.522423697766093e-7,3.931204872222699e-7,3.4177154405538067e-7,2.971671059800424e-7,2.58415786257699e-7,2.2474483429122893e-7,1.954842206881173e-7,1.700528766490496e-7,1.4794679304593217e-7,1.2872872528503892e-7,1.1201928515836712e-7,9.74892310420623e-8,8.485279370964991e-8,7.386189739044513e-8,6.430115492221635e-8,5.598353239891435e-8,4.874659300988338e-8,4.244924203964317e-8,3.696890562549719e-8,3.2199085018894076e-8,2.8047235979161847e-8,2.4432929755695212e-8,2.128625798734229e-8,1.8546448938082845e-8,1.6160666866556568e-8,1.4082970126847053e-8,1.2273406873496676e-8,1.0697230074968153e-8,9.324215993385309e-9,8.128072404984824e-9,7.085924670890782e-9,6.177869354438573e-9,5.38658645277241e-9,4.6970025010422755e-9,2.04799891839125e-9
0.005842272300626131,0.008461526113168055,0.0066733532727425715,0.005392356796669787,0.004416812646878501,0.0036504914928617016,0.003036902537497048,0.0025391360473188615,0.0021314494063689737,0.0017950886518753942,0.0015159626221745957,0.001283238971549465,0.0010884438087471505,0.0009248567318602269,0.0007870890903019113,0.0006707811383350522,0.0005723792408624129,0.0004889686637883171,0.00041814597084742153,0.00035792026753223884,0.0003066358529385787,0.000262911016808625,0.00022558918346725614,0.0001936996129475255,0.0001664255784985017,0.00014307844709747714,0.00012307645891864631,0.00010592727436334673,9.121356128240676e-5,7.858104944639976e-5,6.772859755174417e-5,5.8399909362288156e-5,5.037660676660851e-5,4.3472423473402415e-5,3.752832731904665e-5,3.240841441826169e-5,2.7996446647008083e-5,2.4192926694247463e-5,2.0912623361110606e-5,1.808247477395387e-5,1.5639809418726018e-5,1.3530834945499554e-5,1.1709352952312633e-5,1.0135664777160793e-5,8.775638968018399e-6,7.599915791061643e-6,6.58322803749053e-6,5.703820641813736e-6,4.942954346810814e-6,4.284480929567737e-6,3.7144794163513565e-6,3.220944323419482e-6,2.7935183150988878e-6,2.4232628144892472e-6,2.10246106754367e-6,1.8244489777559082e-6,1.5834697208313277e-6,1.3745487354046907e-6,1.1933861835506432e-6,1.0362643985925567e-6,8.999681971184825e-7,7.817162390975297e-7,6.79101881121774e-7,5.900421905213177e-7,5.127339783849447e-7,4.456158719709091e-7,3.873355859902013e-7,3.3672167088811715e-7,2.927591181222693e-7,2.5456828954018396e-7,2.213867125741852e-7,1.925533470434883e-7,1.6749498431140965e-7,1.4571448668087046e-7,1.2678061546212072e-7,1.103192309085158e-7,9.600567718049569e-8,8.355819123772974e-8,7.273219667563124e-8,6.331536261314674e-8,5.5123324146497333e-8,4.7995975015433804e-8,4.1794255335137144e-8,3.639736772670658e-8,3.170036425552792e-8,2.7612054400180987e-8,2.405319100712666e-8,2.0954897018241346e-8,1.825730077479772e-8,1.590835205012322e-8,1.3862794703850726e-8,1.208127509730056e-8,1.0529568208380637e-8,9.1779058037479e-9,8.000393122793799e-9,6.974502336950409e-9,6.080632616344439e-9,5.301727992004548e-9,4.622945374201673e-9,4.031366105331547e-9,1.757872652846747e-9
0.00498323405822064,0.00721851533350204,0.00569369043215269,0.004601232863673546,0.0037691892183725345,0.0031155309738933185,0.0025921027713546943,0.0021674400459564536,0.0018195970181693125,0.0015325850365707182,0.0012943900794557262,0.0010957760412694181,0.0009295172940946353,0.000789883033738021,0.0006722777999231509,0.0005729833332057746,0.0004889686637883171,0.0004177475773664164,0.0003572698393338996,0.0003058370068608051,0.0002620364882826758,0.00022468936429632415,0.00019280873360449013,0.00016556620529051052,0.0001422647643982756,0.0001223166696721705,0.00010522535718929509,9.057055599626606e-5,7.799599575275236e-5,6.71992180004237e-5,5.792310344616817e-5,4.9948805475077225e-5,4.30898407781659e-5,3.718713566206171e-5,3.2104864326634275e-5,2.7726945449177767e-5,2.3954087501505954e-5,2.0701292617266494e-5,1.7895744548054263e-5,1.5475019024223803e-5,1.3385565272190203e-5,1.1581416001129658e-5,1.002309021484751e-5,8.676659019455892e-6,7.512949407600543e-6,6.506864999604938e-6,5.6368060479689426e-6,4.884173785471341e-6,4.232946518979645e-6,3.6693168150549795e-6,3.181380755513214e-6,2.758871613917302e-6,2.3929314592516894e-6,2.075915169046315e-6,1.8012221578813907e-6,1.5631518238615561e-6,1.3567793062592831e-6,1.1778486481796864e-6,1.0226808828270975e-6,8.88094923621249e-7,7.713394451693519e-7,6.700342041385368e-7,5.821194719856955e-7,5.05812441639847e-7,4.3956963268925607e-7,3.8205445832992175e-7,3.3210923601902246e-7,2.887310250900918e-7,2.510507615855111e-7,2.183152349540531e-7,1.8987151499026779e-7,1.6515349212128917e-7,1.4367024109356531e-7,1.2499595837910444e-7,1.0876125826562528e-7,9.464564229570226e-8,8.237098232384423e-8,7.169587945585478e-8,6.241078003510693e-8,5.433374615630645e-8,4.730679221120822e-8,4.1192711050249225e-8,3.587232377865698e-8,3.124209616462608e-8,2.7212072397022225e-8,2.370408361058531e-8,2.0650194353394883e-8,1.7991355158367536e-8,1.5676233670605023e-8,1.3660200501603292e-8,1.190444918074173e-8,1.0375232351543773e-8,9.043198754409114e-9,7.88281760722981e-9,6.871878789238795e-9,5.991058781160799e-9,5.22354365687027e-9,4.554701582275717e-9,3.971798280435363e-9,3.4637497930125474e-9,1.5104538106604927e-9
