0.061341554748355565,0.10639337446199981,0.09561751989496958,0.08691996083467535,0.07954436126100384,0.07312989693761729,0.06746329557093311,0.062403135115701724,0.05784859780212259,0.05372412804321547,0.04997099291204665,0.0465422461192605,0.04339953210651504,0.04051095744653044,0.03784961666834985,0.035392537876621666,0.0331199079330311,0.031014489785321397,0.029061175489509927,0.027246637330525902,0.02555905133171077,0.02398787516257711,0.022523667584106455,0.021157940075660908,0.01988303372346273,0.018692016168739722,0.017578594659787783,0.01653704215744517,0.015562134119266324,0.0146490940881156,0.013793546597939188,0.012991476204268715,0.012239191672256788,0.011533294536356847,0.010870651385609886,0.01024836934031545,0.00966377427786505,0.009114391434888958,0.008597928074046107,0.008112257952526708,0.0076554073670750955,0.007225542584592876,0.006820958494007906,0.006440068339163302,0.006081394409650914,0.005743559584048069,0.0054252796341354576,0.005125356208925541,0.004842670428332432,0.004576177024550154,0.004324898976373476,0.004087922588744797,0.003864392974170072,0.003653509898215515,0.0034545239556564578,0.003266733046671494,0.0030894791262698687,0.002922145202827707,0.00276415256377624,0.0026149582093581564,0.0024740524763748398,0.0023409568361454497,0.00221522185253243,0.002096425286739416,0.0019841703371712843,0.0018780840035052399,0.001777815565470603,0.0016830351671228982,0.0015934324985621764,0.0015087155678579385,0.0014286095561999584,0.0013528557501203686,0.0012812105451187154,0.001213444515382009,0.0011493415449665562,0.0010886980158467223,0.0010313220488058703,0.0009770327935618127,0.000925659764523766,0.0008770422190684489,0.000831028575403181,0.0007874758672342351,0.0007462492328601297,0.0007072214362335294,0.0006702724178656201,0.0006352888736664425,0.0006021638597664344,0.0005707964216662958,0.0005410912460659459,0.0005129583339779104,0.0004863126936606923,0.00046107405211566997,0.0004371665840038168,0.0004145186568126069,0.0003930625912750667,0.00037273443606373677,0.0003534737558537294,0.00033522343195875083,0.0003179294747075838,0.000301540846842612,0.00014300464864785587
0.10639337446199981,0.1845440532123006,0.1658599496828419,0.1507787551381088,0.13798932763660954,0.1268661608831554,0.11703953800014988,0.10826429789205116,0.10036566863530494,0.0932126711823702,0.08670348904906433,0.08075673815330475,0.075305926590437,0.07029576463697329,0.06567960923037597,0.06141763617939189,0.05747549700594101,0.05382330888121145,0.05043487978972605,0.04728710374924794,0.044359481518002064,0.041633735601878,0.039093497267144506,0.03672404933992934,0.034512112796418526,0.03244566812618255,0.030513804611289053,0.02870659223313554,0.027014972090434464,0.025430662079296895,0.023946075257295585,0.02255424882442636,0.021248782044348435,0.020023781743590985,0.0188738142688451,0.0177938629762886,0.016779290486377163,0.015825805057785747,0.014929430540241317,0.014086479450477307,0.013293528780951802,0.012547398210356109,0.011845130431082318,0.011183973350554155,0.010561363953076663,0.00997491363926059,0.00942239488455393,0.008901729076177228,0.008410975406834553,0.007948320717845958,0.007512070196769749,0.007100638846808421,0.006712543652838965,0.006346396378568597,0.006000896936872779,0.005674827280260211,0.005367045764990475,0.005076481947027464,0.004802131771768373,0.0045430531244700645,0.0042983617100362664,0.004067227234814799,0.0038488698658859094,0.003642556944796968,0.003447599935445342,0.003263351587298874,0.0030892032974844524,0.0029245826557700444,0.0027689511584862436,0.0026218020788424667,0.0024826584815355185,0.0023510713709823453,0.0022266179633509756,0.002108900073187668,0.001997542606609809,0.0018921921530978061,0.0017925156689094987,0.0016981992458633827,0.0016089469592437608,0.0015244797894328442,0.0014445346121864794,0.0013688632527304803,0.0012972315995519353,0.001229418773626114,0.0011652163493932506,0.0011044276241799662,0.0010468669326763498,0.00099235900360271,0.0009407383557068043,0.0008918487306737652,0.0008455425604090606,0.0008016804665164183,0.0007601307899876269,0.0007207691490761017,0.0006834780236237761,0.0006481463641468382,0.0006146692241096041,0.0005829474140062584,0.0005528871758066212,0.0005243998765202852,0.00024870085988066507
0.09561751989496958,0.1658599496828419,0.14907212989883822,0.13552115069108073,0.12402910856826654,0.1140340602914729,0.10520385971959634,0.09731825924491111,0.09022024738487544,0.08379215514091687,0.0779425124030777,0.07259820495330493,0.06769949725274471,0.06319671744034783,0.059047961522523895,0.055217451340638046,0.0516743279205516,0.04839174406590363,0.045346168274027376,0.04251684142523482,0.03988534620608808,0.037435261248695784,0.03515187995723512,0.033021979451216876,0.03103362884858274,0.029176028787502806,0.027439376026465512,0.025814748372029128,0.024294006236078802,0.022869707903747594,0.021535036195934942,0.02028373466944494,0.019110051848544862,0.018008692264107062,0.016974773294294865,0.016003786974869372,0.015091566090482733,0.014234253966343036,0.013428277474911487,0.012670322848203186,0.011957313945016063,0.011286392675763784,0.01065490132904029,0.01006036658153836,0.009500484999666048,0.008973109868519291,0.008476239205856662,0.008008004834677757,0.0075666624051453635,0.007150582269412037,0.006758241124074166,0.006388214345954518,0.0060391689536993115,0.0057098571363479456,0.005399110296827242,0.005105833562706913,0.004829000722469973,0.004567649549731337,0.004320877481215207,0.00408783761877711,0.0038677350273191025,0.003659823304028434,0.003463401396914881,0.003277810651943616,0.0031024320705298897,0.002936683760497133,0.002780018565703611,0.0026319218599865357,0.0024919094928883903,0.002359525875896107,0.002234342198320749,0.002115954763233653,0.0020039834346323657,0.001898070187568976,0.00179787775402699,0.001703088357389533,0.0016134025292310061,0.0015285380028143766,0.0014482286776818926,0.0013722236504920791,0.0013002863075364038,0.001232193474602461,0.0011677346204772357,0.0011067111102635516,0.001048935505198311,0.0009942309060032295,0.0009424303367229422,0.0008933761664757164,0.0008469195665477408,0.0008029200006588154,0.0007612447461175648,0.000721768443909027,0.0006843726759331419,0.0006489455675715745,0.0006153814140282335,0.0005835803289208248,0.0005534479137121514,0.0005248949467409961,0.00049783709055508,0.000472194616426877,0.0002239460725239322
0.08691996083467535,0.1507787551381088,0.13552115069108073,0.12320502116749354,0.11275996585167292,0.10367532712411709,0.09564927259981992,0.08848165597826974,0.08202979569184388,0.07618676189368001,0.07086943241423849,0.06601136556848752,0.06155827720541596,0.05746502826789612,0.05369353852643077,0.05021129442240824,0.04699025255680411,0.044006015110642394,0.04123719730033415,0.03866493366221746,0.03627248678123862,0.0340449330029966,0.03196890692838117,0.03003239145020853,0.028224543538590163,0.026535548413335386,0.024956496505283532,0.023479278889568578,0.02209649783023243,0.020801389783782376,0.0195877587570511,0.018449918331898574,0.017382640988057363,0.016381113612010056,0.015440898277702841,0.014557897543126197,0.013728323636998718,0.012948671007948553,0.012215691795166739,0.011526373848486343,0.010877920979232458,0.010267735171665349,0.009693400522509082,0.009152668710129569,0.008643445819205925,0.008163780371560209,0.007711852433792549,0.0072859636868640165,0.006884528358345937,0.006506064929703292,0.006149188541121842,0.005812604026367588,0.005495099516327151,0.0051955405577627095,0.0049128646999864745,0.0046460765061437925,0.00439424295117069,0.004156489172290612,0.003931994540982253,0.003719989029418752,0.0035197498457967685,0.003330598316229713,0.0031518969931914748,0.002983046971698246,0.002823485396659234,0.0026726831460408065,0.0025301426764009066,0.0023953960177519815,0.002268002906361616,0.002147549045251343,0.0020336444825129127,0.0019259220987333098,0.0018240361955073336,0.0017276611775252498,0.0016364903216801244,0.0015502346266905408,0.0014686217375430785,0.0013913949396495429,0.0013183122176186682,0.0012491453742375265,0.001183679205512718,0.0011217107278334165,0.0010630484538883267,0.0010075117138582564,0.0009549300188753211,0.0009051424640502403,0.0008579971683003347,0.0008133507486382113,0.0007710678265863621,0.0007310205647437576,0.0006930882314303798,0.0006571567916310098,0.0006231185226193391,0.0005908716526058302,0.0005603200209964264,0.0005313727588782124,0.0005039439884493187,0.000477952540265978,0.00045332168712739797,0.00042997889358107125,0.000203927790067936
0.07954436126100384,0.13798932763660954,0.12402910856826654,0.11275996585167292,0.10320263371293192,0.09488993172380855,0.08754572583165099,0.08098691050745166,0.07508295229169115,0.0697360254037831,0.06487008461389543,0.060424344869048685,0.05634914344030251,0.05260318397633923,0.0491516278760441,0.045964729187124576,0.0430168314637186,0.04028561340227976,0.037751510161315505,0.035397261689324555,0.03320755477378967,0.031168735518281587,0.02926857559660645,0.027496080170792303,0.025841328513527606,0.024295340600199056,0.022849964549103763,0.021497780960452406,0.020232021079742313,0.0190464963589691,0.017935537490263553,0.01689394136819694,0.01591692472862083,0.015000083446639778,0.01413935665738364,0.013330995007991953,0.012571532468347357,0.011857761217886953,0.011186709205031953,0.010555620038880914,0.0099619349216514,0.009403276374708558,0.008877433545477875,0.008382348913711063,0.00791610623778255,0.0074769196044044695,0.007063123463427218,0.006673163542651461,0.006305588551829278,0.005959042595686775,0.005632258225080525,0.0053240500645270195,0.0050333089599813585,0.004758996597953105,0.004500140552694057,0.004255829721837259,0.004025210115783398,0.0038074809696093115,0.003601891149075595,0.0034077358260351798,0.0032243533998396606,0.0030511226443196496,0.002887460062031229,0.002732817428557542,0.002586679511708781,0.0024485619515720036,0.002318009289113847,0.0021945931314042016,0.002077910443040877,0.0019675819544074796,0.0018632506777256086,0.0017645805229337466,0.0016712550060555761,0.001582976043183859,0.0014994628240838775,0.0014204507594650188,0.0013456904967100204,0.0012749469993919814,0.0012079986859123287,0.001144636623230423,0.0010846637718879594,0.0010278942787253324,0.0009741528142087862,0.0009232739511861494,0.000875101582317718,0.0008294883737142017,0.0007862952522489572,0.0007453909244041525,0.0007066514245144158,0.0006699596906021166,0.0006352051659064793,0.0006022834244792039,0.0005710958193653852,0.0005415491518539362,0.000513555360504743,0.00048703122868636733,0.00046189810945058626,0.0004380816667125427,0.0004155116316572928,0.0003941215734419544,0.0001869243416791214
0.07312989693761729,0.1268661608831554,0.1140340602914729,0.10367532712411709,0.09488993172380855,0.08724849440452753,0.08049722419945948,0.07446783145256508,0.06904034471782339,0.06412485363254872,0.05965146593414894,0.055564314676999293,0.0518177551972101,0.048373832170548914,0.04520052542995012,0.0422704953299291,0.03956016078179969,0.037049005936725665,0.03471904833651496,0.03255442379506057,0.03054105741672941,0.028666399343538984,0.026919209927426024,0.02528938319458074,0.023767800367474667,0.022346207254711592,0.0210171108017308,0.01977369117257921,0.018609726537138882,0.017519528333651557,0.01649788523695206,0.015540014413599479,0.014641518913105112,0.013798350260207703,0.013006775479550259,0.012263347917149336,0.011564881332532195,0.010908426817938605,0.010291252173786486,0.009710823427599102,0.00916478822847569,0.008650960889954151,0.008167308885779045,0.007711940631744296,0.007283094407182139,0.006879128290548708,0.006498511000352841,0.0061398135448612196,0.005801701597110007,0.005482928521547151,0.0051823289871552325,0.004898813110297134,0.004631361075702278,0.0043790181906425835,0.004140890332536423,0.003916139753566569,0.0037039812104195102,0.0035036783904474345,0.0033145406081323547,0.003135919749153261,0.0029672074405479795,0.002807832428199243,0.0026572581448198462,0.0025149804526186648,0.0023805255467180125,0.0022534480064110643,0.0021333289829577815,0.002019774512953508,0.0019124139476930022,0.0018108984899213101,0.0017148998296633577,0.001624108871810137,0.0015382345487173592,0.001457002711499629,0.0013801550945089225,0.0013074483475277558,0.0012386531308879248,0.001173553269222978,0.0011119449595651532,0.001053636030083259,0.000998445245971983,0.0009462016591810056,0.0008967439991523461,0.0008499201016405541,0.0008055863730854866,0.0007636072882688215,0.0007238549189265437,0.0006862084913499978,0.0006505539710117171,0.0006167836725563779,0.0005847958934122616,0.0005544945695274677,0.0005257889518695096,0.0004985933022948353,0.0004728266076000579,0.0004484123105909562,0.00042527805709035096,0.0004033554579370383,0.0003825798649836022,0.0003628901602374989,0.00017211427868889023
0.06746329557093311,0.11703953800014988,0.10520385971959634,0.09564927259981992,0.08754572583165099,0.08049722419945948,0.07426970944554934,0.0687079768195551,0.06370138290993865,0.05916700800504926,0.0550403939596531,0.051270017363223674,0.04781378220448762,0.04463668387904507,0.04170919140703211,0.03900609035672353,0.03650563257258288,0.03418889677263626,0.032039298058426424,0.030042205078859352,0.02818463663301285,0.02645501796831884,0.02484298266037477,0.023339209807023864,0.021935288942625475,0.020623606963964536,0.019397252726851,0.018249935965887087,0.017175917931520568,0.01616995168766061,0.015227230437879269,0.014343342571734918,0.013514232369912782,0.012736165505855879,0.012005698635023848,0.011319652485606263,0.010675087965487995,0.010069284876366269,0.009499722893062335,0.008964064519556947,0.008460139774670916,0.007985932397910428,0.007539567395197233,0.007119299770630583,0.0067235043092449265,0.00635066629497924,0.005999373063567265,0.0056683063012926554,0.005356235012634117,0.005062009088856359,0.004784553417465268,0.004522862480185685,0.004275995391892579,0.004043071339041818,0.0038232653809325973,0.003615804580220802,0.003419964433271111,0.003235065573882992,0.003060470726301147,0.00289558188657843,0.0027398377124552356,0.0025927111044453527,0.002453706962612573,0.002322360104449743,0.002198233331014751,0.00208091562941614,0.0019700205012264313,0.001865184406709769,0.0017660653160316772,0.0016723413595123235,0.0015837095692606482,0.0014998847054373057,0.0014205981609263507,0.0013455969385900574,0.0012746426960244667,0.001207510852770901,0.0011439897555669092,0.0010838798976786253,0.0010269931883584577,0.0009731522690126435,0.0009221898728603746,0.0008739482250302161,0.0008282784804824021,0.0007850401970589862,0.0007441008413279857,0.0007053353251293068,0.0006686255706753099,0.0006338601023915588,0.0006009336636864301,0.0005697468571190072,0.0005402058063560065,0.0005122218385381783,0.00048571118580059344,0.0004605947046614923,0.0004367976121838115,0.0004142492378357305,0.0003928827900551383,0.0003726351366438105,0.00035344659807607075,0.0003352607529327027,0.00015901212737608715
0.062403135115701724,0.10826429789205116,0.09731825924491111,0.08848165597826974,0.08098691050745166,0.07446783145256508,0.0687079768195551,0.06356382332761878,0.05893305511235325,0.054738993328967256,0.05092203111871196,0.04743452275253068,0.04423754027942495,0.04129871335918733,0.038590733249880715,0.03609028282623439,0.03377725031048473,0.03163413800092385,0.029645608704529702,0.02779813172032486,0.02607970228214751,0.024479616203294086,0.022988286671596414,0.021597093700396863,0.020298259212947756,0.01908474248138492,0.01795015190608068,0.016888670039840403,0.015894989447226004,0.014964257497105837,0.014092028579313243,0.01327422253545213,0.01250708832244482,0.011787172111417665,0.011111289166426869,0.010476498960988373,0.009880083083738639,0.009319525554929292,0.008792495237545606,0.0082968300763,0.00783052293602679,0.0073917088457705615,0.006978653481865188,0.006589742747735355,0.006223473325554452,0.005878444092692281,0.005553348310216491,0.005246966501097572,0.004958159946939475,0.004685864740408635,0.004429086337805019,0.004186894563375343,0.003958419021381457,0.0037428448775927298,0.0035394089762956354,0.0033473962617690256,0.003166136477028042,0.002995001115364812,0.002833400602410642,0.0026807816893645725,0.0025366250390454342,0.0024004429887614573,0.0022717774756499803,0.002150198110997689,0.002035300391662921,0.0019267040375893496,0.0018240514457744036,0.0017270062513396814,0.0016352519875368482,0.0015484908373477255,0.0014664424695931058,0.001388842953306272,0.0013154437446195946,0.0012460107407769976,0.0011803233965726224,0.0011181738985504598,0.0010593663928808866,0.001003716263253976,0.0009510494551312441,0.0009012018431973218,0.0008540186390354233,0.0008093538362021167,0.0007670696902866616,0.0007270362314594821,0.000689130807351732,0.0006532376543311406,0.0006192474951883156,0.0005870571615556441,0.0005565692393835735,0.0005276917360589207,0.0005003377676768127,0.0004744252651904552,0.0004498766982776181,0.00042661881573499184,0.0004045824013869919,0.0003837020445159973,0.00036391592389370484,0.0003451656046051122,0.00032739584681861205,0.00031055442577227095,0.00014729598116077283
0.05784859780212259,0.10036566863530494,0.09022024738487544,0.08202979569184388,0.07508295229169115,0.06904034471782339,0.06370138290993865,0.05893305511235325,0.0546405389728839,0.05075277147174928,0.04721451117156239,0.04398160167486176,0.04101796581699335,0.03829360371392132,0.03578320632330001,0.03346516383427334,0.03132083699049626,0.029334009128894056,0.02749046583661585,0.025777666867157767,0.02418448613526397,0.022701002870273213,0.021318331832388793,0.020028483792746687,0.018824249769174073,0.017699104125436904,0.01664712281381714,0.015662913892226515,0.014741558082657313,0.0138785576083848,0.013069791911354656,0.012311479128432612,0.011600142417004106,0.010932580390938557,0.010305841059444681,0.009717198766488716,0.009164133714979428,0.008644313725135577,0.008155577933995434,0.007695922188865834,0.0072634859229763205,0.006856540333824962,0.006473477709728087,0.006112801772731907,0.005773118922168141,0.005453130279634136,0.005151624449457132,0.004867470918327524,0.0045996140281383685,0.004347067463809445,0.004108909204609837,0.003884276894127278,0.003672363588120134,0.0034724138447295994,0.0032837201256319115,0.0031056194793526587,0.002937490481540704,0.0027787504095227594,0.0026288526304956775,0.002487284185420109,0.0023535635516165193,0.0022272385692305996,0.0021078845182722766,0.001995102333726989,0.0018885169477310393,0.0017877757486075424,0.0016925471478320964,0.0016025192462609042,0.0015173985920528127,0.00143690902348231,0.0013607905900768075,0.0012887985462916064,0.0012207024123923882,0.0011562850975523967,0.001095342080809282,0.001037680645557617,0.0009831191637922863,0.00093148642671095,0.0008826210182846551,0.0008363707288697314,0.0007925920061025889,0.0007511494404597811,0.0007119152832452957,0.000674768994692496,0.0006395968201803517,0.0006062913927710658,0.0005747513602283975,0.0005448810349617215,0.0005165900653430842,0.0004897931270856342,0.00046440963330375735,0.00044036346207248535,0.00041758270041008204,0.0003959994035818582,0.0003755493687858597,0.00035617192230016134,0.00033780971923857983,0.00032040855516561866,0.00030391718878583756,0.00028828717503117437,0.00013673635396966146
0.05372412804321547,0.0932126711823702,0.08379215514091687,0.07618676189368001,0.0697360254037831,0.06412485363254872,0.05916700800504926,0.054738993328967256,0.05075277147174928,0.04714236368083469,0.04385648074288817,0.04085412532483701,0.03810180122636497,0.0355716546666468,0.03324018704694043,0.031087334293142477,0.029095790319216386,0.027250498276263913,0.025538260288622716,0.023947432847780226,0.02246768541377131,0.021089806514353382,0.019805546111869576,0.01860748606826207,0.01748893266579732,0.016443826641359294,0.01546666728034507,0.014552447906652444,0.01369660069536488,0.012894949171676995,0.012143667097578442,0.011439242705219899,0.010778447432537863,0.010158308475038402,0.009576084589745487,0.009029244684934795,0.008515448809618686,0.008032531217289168,0.007578485231854254,0.0071514496862591925,0.00674969673721415,0.006371620889364188,0.006015729085472696,0.005680631740215325,0.005365034610147951,0.005067731407734033,0.004787597079642325,0.004523581678463701,0.004274704766606172,0.004040050298314973,0.0038187619320171617,0.003610038731350948,0.0034131312170329192,0.003227337736584693,0.0030520011227477967,0.002886505613869675,0.002730274012862084,0.0025827650636770227,0.0024434710261344306,0.0023119154324505245,0.002187651009683572,0.0020702577543264544,0.0019593411467021607,0.0018545304935557033,0.0017554773886220704,0.0016618542816972809,0.0015733531479210638,0.0014896842492238861,0.0014105749809117558,0.0013357687970728567,0.001265024208708939,0.001198113849219324,0.0011348236022885663,0.0010749517875423137,0.0010183083999280133,0.0009647143988057369,0.0009140010432351214,0.0008660092703093557,0.0008205891133878443,0.0007775991575100089,0.0007369060294291942,0.0006983839198361347,0.0006619141356942922,0.000627384680539524,0.0005946898608869284,0.0005637299170802197,0.0005344106768744288,0.0005066432303081677,0.0004803436244237222,0.0004554325766171225,0.0004318352053370826,0.00040948077703487594,0.0003883024683660509,0.0003682371426206067,0.00034922513950954876,0.000331210077453189,0.0003141386675789776,0.0002979605387332402,0.00028262807277798594,0.0002680962495446495,0.00012716125044062243
0.04997099291204665,0.08670348904906433,0.0779425124030777,0.07086943241423849,0.06487008461389543,0.05965146593414894,0.0550403939596531,0.05092203111871196,0.04721451117156239,0.04385648074288817,0.04080024613286393,0.03800768395491727,0.03544764603681616,0.03309423101754971,0.03092558735733575,0.028923057228503968,0.027070547412873958,0.02535405622175968,0.02376131059601494,0.022281482858402757,0.02090496624185334,0.01962319458526607,0.01842849575408001,0.01731397118883654,0.016273395962936477,0.01530113512589959,0.014392073120334858,0.013541553795858807,0.01274532909194731,0.01199951486800968,0.011300552673249697,0.010645176488241453,0.01003038365300768,0.009453409343616714,0.008911704072851134,0.00840291378127811,0.007924862159758267,0.007475534900729219,0.007053065625277188,0.006655723272588898,0.006281900768988782,0.005930104821590135,0.005598946703189722,0.005287133914589293,0.004993462624443279,0.004716810800979215,0.004456131961399448,0.004210449473081565,0.003978851349634133,0.0037604854915452707,0.0035545553269769187,0.0033603158139864087,0.003177069768983229,0.0030041644907554885,0.0028409886529424944,0.002686969440109141,0.0025415699056658067,0.0024042865320553705,0.0022746469753863532,0.0021522079790287016,0.002036553441496773,0.001927292625813981,0.0018240584988820363,0.00172650619006149,0.0016343115594608867,0.0015471698671251262,0.001464794535414076,0.001386915997087703,0.001313280622564316,0.001243649720478926,0.0011777986058721518,0.0011155157310141148,0.0010566018742616257,0.0010008693826379748,0.0009481414643756209,0.0008982515276885657,0.0008510425625063885,0.0008063665622422139,0.0007640839826663776,0.0007240632353590279,0.0006861802133601002,0.000650317846756272,0.000616365686273072,0.0005842195128748645,0.0005537809716457849,0.0005249572284035595,0.0004976606474568022,0.0004718084891630857,0.00044732262594705634,0.00042412927564611236,0.0004021587509921345,0.0003813452242082743,0.0003616265057916866,0.00034294383653043006,0.00032524169194352633,0.0003084675983493646,0.00029257195982565227,0.00027750789541405516,0.00026323108589160205,0.00024969962952467364,0.00011843695314078893
0.0465422461192605,0.08075673815330475,0.07259820495330493,0.06601136556848752,0.060424344869048685,0.055564314676999293,0.051270017363223674,0.04743452275253068,0.04398160167486176,0.04085412532483701,0.03800768395491727,0.03540677909456469,0.03302240714581728,0.03083044999799034,0.028810560464366253,0.026945365127619247,0.025219878560424513,0.02362106282501908,0.022137489565692114,0.020759076268538734,0.01947687724955449,0.018282915768645602,0.017170047545869427,0.016131848606255217,0.015162522221331298,0.014256821014527687,0.01340998123984305,0.012617666927581372,0.011875922101921982,0.011181129653412197,0.01052997574210604,0.009919418829950372,0.009346662611288886,0.008809132247441537,0.008304453417035895,0.007830433778292234,0.007385046509025328,0.0069664156425472135,0.006572802963912522,0.006202596267798538,0.005854298807819208,0.005526519792976289,0.005217965807066086,0.00492743304506689,0.0046538002734884815,0.004396022434931118,0.004153124827775495,0.0039241977996591765,0.003708391901720065,0.003504913456807021,0.0033130205002736696,0.003132019057304182,0.002961259724004267,0.002800134523703854,0.0026480740132178784,0.00250454461593224,0.002369046161457243,0.0022411096136198544,0.0021202949702010462,0.002006189320002183,0.001898405043575295,0.0017965781456946925,0.0017003667088833635,0.0016094494579442162,0.0015235244266485273,0.001442307718378704,0.001365532353547777,0.001292947196827307,0.001224315958100096,0.0011594162616696928,0.001098038778447278,0.001039986416464616,0.0009850735654281517,0.000933125391300596,0.0008839771774091683,0.0008374737086041563,0.0007934686954251431,0.0007518242355483342,0.0007124103097888284,0.0006751043103045713,0.000639790598784629,0.0006063600925169475,0.0005747098765366901,0.0005447428399953814,0.0005163673351426239,0.0004894968574791891,0.00046404974560098483,0.0004399488994840297,0.00041712151596155246,0.00039549884033891324,0.000375015933036669,0.0003556114503109999,0.00033722743818634555,0.0003198091387138719,0.000303304807800559,0.00028766554386869345,0.0002728451266596687,0.0002587998655796675,0.00024548845695593,0.00023287184965950936,0.00011045655930329605
0.04339953210651504,0.075305926590437,0.06769949725274471,0.06155827720541596,0.05634914344030251,0.0518177551972101,0.04781378220448762,0.04423754027942495,0.04101796581699335,0.03810180122636497,0.03544764603681616,0.03302240714581728,0.03079904616222373,0.028755079083405022,0.026871537263812417,0.025132224283439752,0.023523169867633698,0.022032219240850692,0.020648718120868936,0.0193632668540214,0.01816752556980039,0.01705405767418361,0.016016202616943143,0.015047971338647437,0.014143959520049154,0.013299274967551178,0.012509476346824727,0.011770521114677412,0.011078720975612827,0.010430703542199687,0.00982337915117687,0.00925391199499287,0.008719694887206392,0.008218327107971768,0.007747594874387476,0.0073054540592805695,0.006890014846849174,0.006499528062449966,0.006132372956942148,0.005787046260351314,0.005462152346190768,0.005156394371927095,0.004868566279826861,0.004597545559395663,0.004342286684697119,0.004101815152206242,0.0038752220548037286,0.0036616591347248817,0.003460334266039547,0.0032705073230361037,0.0030914863959316807,0.002922624320302568,0.0027633154896888473,0.002612992924756863,0.0024711255754778366,0.0023372158347582384,0.002210797244638539,0.0020914323780665198,0.001978710880777869,0.0018722476598445406,0.0017716812061529877,0.0016766720396973606,0.0015869012677263497,0.0015020692463750783,0.0014218943375335878,0.00134611175330605,0.001274472481369103,0.0012067422847337195,0.0011427007702390635,0.001082140520681462,0.0010248662856565047,0.0009706942267784582,0.0009194512132824628,0.0008709741642677453,0.0008251094343184988,0.0007817122392615103,0.0007406461192239842,0.0007017824364500824,0.0006649999053342844,0.0006301841524781072,0.000597227304702852,0.0005660276030561347,0.0005364890411352543,0.0005085210259934535,0.0004820380601298184,0.000456959443219232,0.0004332089922021408,0.0004107147785688079,0.0003894088816738094,0.0003692271570978761,0.0003501090190223752,0.0003319972357301191,0.0003148377374258991,0.0002985794355502896,0.0002831740528826572,0.00026857596374323285,0.0002547420436545527,0.00024163152790062942,0.00022920587839520782,0.00021742865835183006,0.00010313270715040347
0.04051095744653044,0.07029576463697329,0.06319671744034783,0.05746502826789612,0.05260318397633923,0.048373832170548914,0.04463668387904507,0.04129871335918733,0.03829360371392132,0.0355716546666468,0.03309423101754971,0.03083044999799034,0.028755079083405022,0.026847135889094376,0.025088918545749184,0.023465312210106615,0.021963279464607577,0.020571477104314007,0.019279962175583587,0.01807996253710842,0.016963695032124082,0.01592421943817507,0.014955319735204031,0.014051406538169997,0.013207436142696538,0.012418842762360827,0.011681481355934942,0.010991579038306498,0.010345693513322152,0.009740677295916877,0.009173646745477215,0.008641955126279743,0.008143169058967364,0.007675047846288974,0.007235525248296848,0.006822693355725551,0.006434788270796327,0.006070177350287045,0.005727347805952965,0.0054048964894415075,0.005101520713640367,0.00481600998493506,0.00454723853834979,0.0042941585833847495,0.004055794179632685,0.0038312356727978475,0.003619634631027935,0.003420199228194573,0.003232190028002041,0.0030549161282135626,0.002887731628995291,0.0027300323940187207,0.002581253075816692,0.0024408643805558863,0.002308370550257753,0.0021833070423447204,0.0020652383888901463,0.0019537562197148584,0.0018484774348955374,0.0017490425141452257,0.0016551139511779694,0.0015663748026865446,0.0014825273426372562,0.001403291813139286,0.0013284052641918086,0.001257620475173294,0.001190704951829314,0.0011274399926966827,0.001067619819671746,0.0010110507679663046,0.0009575505308583344,0.0009069474551908832,0.0008590798838920763,0.0008137955420239006,0.0007709509633148093,0.0007304109541515467,0.0006920480923829804,0.0006557422585645126,0.0006213801972706854,0.0005888551064291165,0.0005580662527464725,0.0005289186113951582,0.0005013225283959331,0.0004751934040781343,0.00045045139621831265,0.0004270211416034751,0.0004048314947308375,0.00038381528255638456,0.0003639090742058584,0.0003450529647307651,0.0003271903719437915,0.0003102678455063632,0.000294234887515679,0.00027904378381979,0.000264649445403658,0.00025100925920209377,0.00023808294774248662,0.00022583243709321452,0.00021422173256826008,0.00020321680171461222,9.639273207893441e-5
0.03784961666834985,0.06567960923037597,0.059047961522523895,0.05369353852643077,0.0491516278760441,0.04520052542995012,0.04170919140703211,0.038590733249880715,0.03578320632330001,0.03324018704694043,0.03092558735733575,0.028810560464366253,0.026871537263812417,0.025088918545749184,0.023446169301545416,0.021929170960390265,0.020525745390803096,0.019225296956391358,0.018018537938667034,0.016897274227935688,0.01585423548603543,0.014882938727524664,0.013977577417824794,0.013132930340271243,0.012344285980674968,0.011607379233601667,0.010918338000229177,0.010273637803803193,0.009670062963917314,0.009104673178265216,0.008574774598307633,0.00807789466640868,0.007611760120349947,0.007174277682526181,0.006763517037035649,0.006377695766555724,0.0060151659774237975,0.005674402383934296,0.005353991660452015,0.005052622899887088,0.004769079040236837,0.00450222914195067,0.004251021415217673,0.004014476911071346,0.0037916838007320125,0.0035817921783866252,0.00338400933128076,0.0031975954272792234,0.0030218595768166587,0.002856156231214213,0.00269988188373662,0.0025524720440999737,0.0024133984598055658,0.0022821665611010428,0.0021583131090508606,0.002041404027919698,0.0019310324054103989,0.001826816645945216,0.0017283987635078185,0.0016354428023337905,0.0015476333743458248,0.0014646743036465758,0.001386287369386622,0.001312211138841668,0.001242199883509789,0.0011760225715638992,0.0011134619308277305,0.0010543135766127414,0.0009983851994729426,0.0009454958084349728,0.0008954750254131921,0.0008481624270302857,0.0008034069303619676,0.0007610662193437076,0.0007210062089954734,0.0006831005446390689,0.000647230133635518,0.0006132827074274479,0.0005811524116703833,0.000550739422540988,0.0005219495874202607,0.0004946940882408889,0.000468889126037271,0.00044445562518637995,0.0004213189560325105,0.0003994086747248146,0.0003786582790642106,0.00035900497934380875,0.000340389483167859,0.0003227557933923675,0.00030605101828530545,0.0002902251931336114,0.000275231112593928,0.0002610241730663758,0.00024756222447762724,0.0002348054308714976,0.00022271613924932515,0.00021125875617052352,0.00020039963159994637,0.00019010694955981814,9.017531259480666e-5
0.035392537876621666,0.06141763617939189,0.055217451340638046,0.05021129442240824,0.045964729187124576,0.0422704953299291,0.03900609035672353,0.03609028282623439,0.03346516383427334,0.031087334293142477,0.028923057228503968,0.026945365127619247,0.025132224283439752,0.023465312210106615,0.021929170960390265,0.020510601568330344,0.019198219066038302,0.017982117863142577,0.016853615061555915,0.015805050111497965,0.014829626041695687,0.013921281930525775,0.013074589231408917,0.012284666578926184,0.01154710910126358,0.010857929251419013,0.010213506885379836,0.009610546835396166,0.009046042614635763,0.008517245176890592,0.008021635877311695,0.007556902949457045,0.00712092094327646,0.006711732672794651,0.006327533302565219,0.005966656266168838,0.005627560762878042,0.005308820618422,0.005009114330927711,0.004727216151106647,0.004461988067406206,0.004212372586524196,0.0039773862149633105,0.003756113561133742,0.0035477019873496607,0.0033513567511450765,0.003166336583441884,0.002991949656976148,0.002827549904712151,0.0026725336526993784,0.0025263365359389084,0.0023884306698788924,0.002258322052650419,0.002135548176357145,0.0020196758282387747,0.0019102990641371581,0.001807037338879526,0.0017095337797335061,0.0016174535903299009,0.0015304825741051242,0.0014483257668827798,0.0013707061695390384,0.001297363572635473,0.001228053465385466,0.001162546022233816,0.0011006251608191193,0.0010420876658672404,0.0009867423737226037,0.0009344094128960652,0.0008849194964766979,0.0008381132623964185,0.0007938406580147179,0.0007519603657684133,0.0007123392668373675,0.000674851940167245,0.0006393801942080109,0.0006058126290566963,0.0005740442269337349,0.0005439759689210826,0.000515514476174754,0.0004885716739271122,0.00046306447667949363,0.00043891449321903017,0.00041604775004601934,0.000394394431990238,0.0003738886389212043,0.0003544681574273456,0.00033607424651441176,0.00031865143637408496,0.00030214733942183786,0.0002865124727605625,0.00027170009134750567,0.0002576660312072045,0.0002443685620166008,0.00023176824848853295,0.00021982781999095157,0.00020851204788041675,0.00019778763009211395,0.00018762308250640757,0.00017798863667840403,8.442807177987989e-5
0.0331199079330311,0.05747549700594101,0.0516743279205516,0.04699025255680411,0.0430168314637186,0.03956016078179969,0.03650563257258288,0.03377725031048473,0.03132083699049626,0.029095790319216386,0.027070547412873958,0.025219878560424513,0.023523169867633698,0.021963279464607577,0.020525745390803096,0.019198219066038302,0.01797004898736526,0.0168319676760621,0.015775851537163266,0.014794533429074996,0.013881654127874066,0.013031543018984904,0.012239121105604517,0.01149982130665611,0.010809522326028498,0.010164493298085997,0.00956134708407927,0.008997000580496628,0.008468640763541146,0.007973695462779956,0.00750980806498977,0.007074815507623622,0.006666729042318631,0.006283717346299164,0.005924091634655779,0.005586292486549696,0.005268878147831432,0.0049705141098076305,0.004689963796768087,0.004426080221073839,0.004177798484860301,0.003944129025820642,0.003724151518828156,0.0035170093580960404,0.0033219046537760477,0.0031380936863272327,0.0029648827695714364,0.0028016244788454173,0.002647714206576994,0.002502587012031404,0.0023657147358220054,0.0022366033535709817,0.002114790545435591,0.001999843461212271,0.0018913566630757925,0.0017889502295147658,0.0016922680060707448,0.0016009759899281023,0.001514760836563437,0.001433328478212672,0.001356402844444344,0.0012837246763678714,0.001215050426883836,0.0011501512398345015,0.0010888120017676466,0.0010308304604847232,0.0009760164052737726,0.0009241909038742412,0.0008751855918510826,0.0008288420104928286,0.0007850109894813467,0.0007435520710280183,0.0007043329724312989,0.0006672290842029902,0.0006321230012757556,0.0005989040848207658,0.0005674680525129035,0.0005377165953063812,0.0005095570187824156,0.00048290190739674367,0.00045766881005086975,0.000433779945490681,0.0004111619262542471,0.0003897454998463227,0.00036946530599641335,0.00035025964897618996,0.00033207028392348917,0.00031484221628440105,0.0002985235134855737,0.00028306512808730627,0.0002684207316282338,0.0002545465584856757,0.00024140125913663015,0.00022894576218898503,0.00021714314464600214,0.00020595850987771818,0.00019535887281126735,0.00018531305191190998,0.00017579156750557878,0.00016676654605604635,7.910581502490032e-5
0.031014489785321397,0.05382330888121145,0.04839174406590363,0.044006015110642394,0.04028561340227976,0.037049005936725665,0.03418889677263626,0.03163413800092385,0.029334009128894056,0.027250498276263913,0.02535405622175968,0.02362106282501908,0.022032219240850692,0.020571477104314007,0.019225296956391358,0.017982117863142577,0.0168319676760621,0.01576616995490321,0.014777119150915174,0.013858105136972776,0.01300317415063118,0.012207017099604173,0.011464878759951919,0.01077248316052054,0.01012597167263568,0.009521851188374952,0.008956950397666669,0.008428382629835668,0.007933514065193714,0.007469936373975639,0.007035443034632632,0.006628008731786372,0.006245771347421963,0.0058870161501149015,0.005550161857420494,0.005233748302787916,0.00493642548464833,0.00465694381019173,0.004394145377129732,0.004146956161257126,0.0039143789965864345,0.003695487252066171,0.0034894191222734072,0.003295372461587273,0.003112600099963267,0.002940405587257597,0.00277813932015189,0.0026251950108707664,0.0024810064624244677,0.002345044619246235,0.0022168148656955475,0.002095854548448281,0.001981730700975806,0.0018740379511208646,0.0017723965949722961,0.0016764508216504659,0.001585867075528359,0.0015003325437633157,0.0014195537581004405,0.001343255301360105,0.0012711786095176217,0.0012030808614448517,0.001138733949205651,0.0010779235222189848,0.001020448099404287,0.0009661182438521834,0.0009147557952463234,0.0008661931553998956,0.000820272622859726,0.0007768457729410115,0.0007357728796795367,0.0006969223766072619,0.0006601703535005186,0.0006254000864299811,0.0005925015987840593,0.000561371250951832,0.0005319113566411657,0.0005040298240184451,0.00047763981985515964,0.00045265945511574306,0.00042901149051123924,0.00040662306061767933,0.0003854254153626731,0.0003653536776419457,0.00034634661599561127,0.0003283464313852914,0.00031129855708637855,0.0002951514708636827,0.00027985651859902417,0.00026536774866931564,0.0002516417563360584,0.00023863753751345636,0.00022631635133938711,0.000214641590958832,0.00020357866201717225,0.00019309486837039728,0.00018315930455539784,0.00017374275461937237,0.00016481759688775086,0.00015635771430838044,7.416920502358428e-5
