0.06134155474841263,0.10140091999368828,0.08801833503509071,0.07756255525123867,0.06894615290851935,0.06165000370513907,0.05536692473210314,0.049893286695727235,0.04508415517393505,0.04083122269880701,0.03705064151926851,0.03367574367234816,0.03065240752083509,0.02793596213517857,0.025489036599535386,0.023280016878454046,0.021281908325171794,0.019471477767777357,0.01782859360841671,0.01633570951217911,0.014977454388195088,0.013740302498526313,0.012612304949346897,0.011582868888184827,0.010642574261216925,0.009783020486119592,0.008996697206242549,0.008276874615061297,0.007617509825402158,0.007013166496138534,0.006458945494960067,0.005950424809701066,0.005483607256922943,0.005054874802562337,0.004660948518521668,0.004298853366317343,0.003965887134361343,0.003659592962958591,0.003377734981016317,0.003118276651416084,0.0028793614814217883,0.0026592958049204904,0.002456533384724534,0.0022696616184838606,0.0020973891603868963,0.0019385347962497246,0.0017920174307974601,0.0016568470634731255,0.0015321166448761352,0.001416994719066332,0.0013107187683298292,0.0012125891870631011,0.001121963819640425,0.0010382530048303265,0.0009609150758324754,0.0008894522704572493,0.0008234070111025442,0.0007623585185235551,0.0007059197271320605,0.0006537344731534882,0.0006054749297013749,0.0005608392656554755,0.0005195495075877698,0.0004813495859602949,0.0004460035487617066,0.0004132939273620347,0.00038302024093163096,0.0003549976269558398,0.0003290555866603895,0.00030503683523827596,0.0002827962476469031,0.0002621998916507067,0.00024312414055420537,0.00022545485873959933,0.00020908665379809014,0.00019392218954175427,0.0001798715547380353,0.00016685168288457612,0.0001547858187076795,0.0001436030274878388,0.0001332377436470706,0.00012362935532972364,0.00011472182202643512,0.00010646332250091508,9.880593054179465e-5,9.170531628079743e-5,8.512047098179214e-5,7.901345340858841e-5,7.334915601967906e-5,6.80950894062411e-5,6.322118349688113e-5,5.869960419195553e-5,5.450458420215576e-5,5.0612266954448573e-5,4.7000562534005004e-5,4.3649014707965086e-5,4.053867815693784e-5,3.765200511578507e-5,3.4972740679717405e-5,3.248582609924387e-5,1.5088654722063743e-5
0.10140091999368828,0.1676386484695187,0.1455251380893987,0.12824671324508286,0.11400702568429022,0.10194852452275383,0.09156376884897832,0.08251637875252582,0.07456693215852539,0.06753651053116694,0.06128659977257889,0.05570706456563812,0.05070849444884873,0.0462170902630511,0.04217111151364927,0.03851832735294369,0.0352141376311238,0.032220155771281345,0.029503118732252753,0.027034034158310294,0.02478750310506811,0.02274117512159879,0.020875304724000343,0.019172386669475905,0.017616853271488764,0.0161948211286857,0.01489387763059108,0.01370289978876743,0.012611899570087737,0.01161189112814065,0.010694776263559053,0.009853245160755753,0.009080690003885533,0.008371129514426062,0.007719142798092937,0.007119811165038709,0.006568666811037294,0.006061647424918562,0.0055950559360358615,0.005165524736048657,0.004769983807447836,0.004405632274536345,0.004069912961010669,0.0037604895966258794,0.003475226362712913,0.003212169508303761,0.0029695308036451137,0.002745672626833666,0.0025390945053488934,0.002348420955952578,0.002172390485185992,0.0020098456293137917,0.001859723926119418,0.001721049723676961,0.0015929267419703477,0.0014745313122324077,0.0013651062273543416,0.0012639551438865596,0.0011704374823297628,0.0010839637783496593,0.0010039914420577022,0.0009300208871713643,0.0008615919957615098,0.000798280887564673,0.0007396969660473391,0.0006854802160733402,0.0006352987306135101,0.0005888464458943775,0.0005458410665035197,0.0005060221637464384,0.0004691494319998893,0.0004350010893043148,0.00040337240970980855,0.00037407437599527166,0.0003469324424962795,0.0003217853985987354,0.00029848432437316365,0.00027689163061061714,0.00025688017612462803,0.00023833245587841223,0.00022113985404368514,0.00020520195658817793,0.00019042591851461477,0.00017672588122064894,0.00016402243588338732,0.0001522421291340957,0.00014131700755842412,0.00013118419789364582,0.00012178552002622403,0.00011306713017106415,0.00010497919179073677,9.74755720434396e-5,9.051356173336183e-5,8.405361688316646e-5,7.805912022285327e-5,7.249616101688322e-5,6.733333178378376e-5,6.254154058757226e-5,5.809383767033777e-5,5.396525530697435e-5,2.5066329928362103e-5
0.08801833503509071,0.1455251380893987,0.12633551406610755,0.11134092235081638,0.09898286203645035,0.08851732912175247,0.07950407218066946,0.07165125019509233,0.06475114114661018,0.05864851463417198,0.053223194174210064,0.04837962395969553,0.044040228488729016,0.0401409761853615,0.036628297243964436,0.033456872193256215,0.030588001794956243,0.027988377607224724,0.02562913631828978,0.023485119854156133,0.021534287808607777,0.019757244699115772,0.01813685518468444,0.016657927646600734,0.015306951592328588,0.014071877927686771,0.01294193373676189,0.011907465105219117,0.010959802935033236,0.010091147756521562,0.009294470354530487,0.008563425647391903,0.007892277739035863,0.007275834445998164,0.006709389900637935,0.006188674071521211,0.0057098082360374225,0.005269265594354464,0.004863836342659356,0.0044905966281684195,0.004146880893529742,0.003830257190492528,0.0035385051020831865,0.0032695959631369037,0.0030216751100504077,0.0027930459270486194,0.0025821554866404042,0.00238758160705433,0.0022080211720380202,0.002042279577222944,0.0018892611835324771,0.0017479606725274086,0.0016174552103418102,0.0014968973378976062,0.0013855085144084262,0.0012825732489917668,0.0011874337625634238,0.0010994851284089509,0.0010181708451857882,0.0009429788012588133,0.0008734375931830074,0.0008091131651995313,0.0007496057399905571,0.0006945470137739839,0.0006435975916045927,0.0005964446410587233,0.0005527997447254962,0.0005123969336253541,0.00047499088551724786,0.0004403552735977954,0.0004082812523534974,0.00037857606862687875,0.00035106178706082684,0.000325574120044316,0.00030196135325106024,0.0002800833585753235,0.0002598106870655755,0.00024102373513893143,0.00022361197788277158,0.00020747326385293398,0.00019251316625272042,0.00017864438580269659,0.00016578620106762372,0.00015386396230756584,0.0001428086252971048,0.0001325563218707768,0.00012304796418680574,0.00011422887999307718,0.00010604847638043952,9.845992974982353e-5,9.141989987311518e-5,8.488826612787189e-5,7.88278841464588e-5,7.32043612468908e-5,6.798584916424674e-5,6.314285271228313e-5,5.864805311972879e-5,5.447614489442884e-5,5.0603685146548196e-5,4.700895439904717e-5,2.183591399747216e-5
0.07756255525123867,0.12824671324508286,0.11134092235081638,0.09813030322474026,0.08724210019817313,0.07802098270737456,0.07007917035403444,0.06315960444208923,0.05707931898782426,0.0517015828668983,0.046920540500018926,0.0426520221824479,0.03882769522641771,0.035391156404518065,0.03229521720387196,0.029499956013923967,0.026971282354029347,0.024679854005147828,0.022600244084115262,0.02071028936126751,0.018990572741080847,0.017424006879157017,0.01599549527396632,0.014691653570750918,0.013500578271192276,0.012411653200023354,0.01141538636480971,0.010503271515297397,0.009667669952706764,0.008901709071097663,0.008199194827216594,0.007554535882869279,0.0069626775881929115,0.0064190443100835826,0.005919488873888892,0.005460248097543224,0.0050379035682868445,0.0046493469477781185,0.004291749204885786,0.003962533267519136,0.003659349659837302,0.0033800547548153426,0.0031226913244278773,0.002885471114286796,0.0026667592056909967,0.0024650599601305986,0.002279004368046629,0.0021073386457662047,0.0019489139444318626,0.0018026770513174042,0.001667661978257226,0.0015429823446129025,0.0014278244725570745,0.001321441122173958,0.0012231458020865935,0.0011323075981972443,0.0010483464696061755,0.0009707289662523287,0.0008989643275393831,0.0008326009257460694,0.0007712230214639154,0.0007144478018749831,0.0006619226756588142,0.0006133228008149277,0.000568348824140967,0.0005267248131415377,0.0004881963631212412,0.00045252886371057767,0.000419505910694621,0.0003889278503729594,0.00036061044478688607,0.00033438364729496996,0.0003100904789500982,0.0002875859969756669,0.0002667363474918331,0.00024741789527030385,0.00022951642399791482,0.00021292640113033685,0.00019755030187817383,0.00018329798739917524,0.00017008613268847637,0.00015783770003386733,0.00014648145430527868,0.00013595151661241998,0.00012618695319667255,0.00011713139670020342,0.00010873269716125391,0.00010094260034188831,9.371645117157491e-5,8.701292030281705e-5,8.079375191014223e-5,7.50235310401936e-5,6.96694689621049e-5,6.470120507891773e-5,6.0090624094479494e-5,5.581168722777101e-5,5.184027636790669e-5,4.8154050158801497e-5,4.473231107126664e-5,4.1555882605804825e-5,1.9303497920524176e-5
0.06894615290851935,0.11400702568429022,0.09898286203645035,0.08724210019817313,0.07756499159230645,0.06936924997936433,0.062310317715258634,0.056159787925959215,0.05075508740798185,0.045974723902446835,0.04172463883197264,0.03793004200591865,0.03453021475973339,0.03147503800565499,0.028722580132300335,0.02623736634563134,0.0239891029693462,0.02195171530753065,0.02010260758523663,0.01842208392591954,0.01689288853376819,0.015499835736088818,0.014229508862037554,0.013070012619676552,0.012010767592766425,0.011042338284272063,0.010156288163868266,0.009345056660696849,0.008601854147923638,0.007920571793498837,0.0072957037861749174,0.006722279932405817,0.006195806996764822,0.005712217456948873,0.005267824578866709,0.004859282904838114,0.004483553399831905,0.004137872621203312,0.003819725378217717,0.0035268204294476857,0.003257068832750648,0.0030085646190733326,0.0027795675077804324,0.0025684874208091804,0.0023738705850429934,0.0021943870408031863,0.0020288193981324518,0.0018760527021939519,0.0017350652867902036,0.0016049205097299138,0.001484759276507059,0.0013737932700375079,0.0012712988133981758,0.001176611301150196,0.0010891201421221845,0.0010082641626387098,0.0009335274249356283,0.0008644354203711409,0.0008005516012348987,0.0007414742189876342,0.0006868334398230595,0.0006362887116160461,0.0005895263589654632,0.0005462573852588661,0.0005062154628662167,0.0004691550943783148,0.0004348499295632434,0.0004030912240426867,0.00037368642713064924,0.0003464578874842394,0.0003212416662002355,0.0002978864480087471,0.00027625254207895144,0.00025621096470240714,0.00023764259687766333,0.00022043741037749715,0.00020449375650376592,0.00018971771226911028,0.00017602247915422505,0.0001633278300617728,0.00015155960045969748,0.00014064922003996548,0.00013053328157629131,0.00012115314389960115,0.00011245456620526291,0.0001043873711521863,9.690513439695905e-5,8.996489843488822e-5,8.352690877723706e-5,7.755437068316848e-5,7.201322478489263e-5,6.687194010142816e-5,6.210132306207791e-5,5.767434125991027e-5,5.356596077435156e-5,4.9752995988700064e-5,4.6213970918404295e-5,4.2928991151085596e-5,3.987962556039736e-5,3.7048797031843874e-5,1.7210340751209075e-5
0.06165000370513907,0.10194852452275383,0.08851732912175247,0.07802098270737456,0.06936924997936433,0.06204167314337283,0.0557302804960107,0.050230917567094746,0.04539827273400199,0.04112375282984515,0.037323285040743004,0.033930018687396424,0.03088968024090255,0.028157470087542547,0.025695906597592244,0.02347327927133047,0.021462508529455304,0.019640285765442522,0.017986411890308307,0.016483279810886042,0.015115463452070321,0.013869387094618324,0.012733056237592966,0.011695836276435834,0.010748268826613172,0.009881918030394482,0.00908924099900657,0.008363477868769786,0.007698557937723144,0.007089019089173754,0.006529938275845304,0.006016871273187535,0.005545800247374,0.005113087950243608,0.004715437562968217,0.00434985737783547,0.004013629643299946,0.00370428300518158,0.0034195680670037892,0.0031574356655760943,0.0029160175174629613,0.00269360894251551,0.0024886534121566634,0.002299728705507008,0.0021255344851191724,0.0019648811295655405,0.00181667968137348,0.0016799327863626437,0.001553726516241357,0.0014372229794786875,0.0013296536368505758,0.001230313248141903,0.0011385543847073493,0.0010537824503131926,0.0009754511592021051,0.0009030584257820398,0.0008361426254859181,0.0007742791906986436,0.0007170775093958814,0.000664178097741247,0.0006152500206225951,0.0005699885369434624,0.0005281129488494164,0.0004893646360518526,0.00045350525836064526,0.00042031511115301484,0.00038959162007762803,0.00036114796247974004,0.0003348118043213161,0.00031042414244910384,0.0002878382429429404,0.00026691866718636745,0.0002475403780736246,0.00022958791943785556,0.00021295466246337453,0.00019754211334294417,0.00018325927699881263,0.00017002207216375385,0.00015775279348432137,0.0001463796167309188,0.00013583614353149167,0.00012606098234360002,0.00011699736269929831,0.00010859277996747236,0.0001007986681422564,9.357009838627272e-5,8.686550122092847e-5,8.064641046064396e-5,7.487722712852681e-5,6.952500176026356e-5,6.45592336102343e-5,5.995168541417326e-5,5.567621247511731e-5,5.1708604928022523e-5,4.8026442144717056e-5,4.4608958318377904e-5,4.1436918347207904e-5,3.849250321317458e-5,3.5759204106261956e-5,3.3221724612717105e-5,1.5432945171387565e-5
0.05536692473210314,0.09156376884897832,0.07950407218066946,0.07007917035403444,0.062310317715258634,0.0557302804960107,0.05006258140933295,0.04512394331039826,0.04078391400675008,0.03694500442253512,0.0335317379763056,0.030484098765088063,0.027753361648392705,0.0252993064094984,0.023088282339039423,0.021091819602920725,0.019285605664032146,0.017648713300380203,0.016163006812854153,0.014812677443745648,0.013583874440608379,0.012464408219722445,0.011443508760271393,0.010511626922488693,0.009660269560035933,0.008881861548001246,0.008169629476985157,0.007517502954431987,0.00692003034121369,0.006372306415710544,0.005869909966846609,0.005408849707937091,0.004985517205693624,0.004596645758176698,0.004239274343572325,0.003910715912128451,0.0036085294154604847,0.003330495064136116,0.003074592385344535,0.0028389807180847215,0.00262198183675217,0.0024220644393667737,0.002237830273950303,0.002068001708336334,0.0019114105744400603,0.0017669881408859667,0.001633756086965421,0.0015108183666596546,0.0013973538656486574,0.0012926097660392911,0.0011958955437628774,0.0011065775326444295,0.00102407399652428,0.0009478506577434952,0.0008774166361562342,0.0008123207577329719,0.0007521481964374264,0.0006965174169649702,0.0006450773892943025,0.0005975050492385107,0.0005535029816351247,0.0005127973053606402,0.0004751357414768502,0.00044028584759597984,0.0004080334033013996,0.0003781809329113234,0.000350546353283826,0.0003249617354268994,0.0003012721698336402,0.0002793347264316206,0.00025901750082461036,0.00024019873932177443,0.00022276603594255026,0.0002066155951875627,0.00019165155497477505,0.00017778536458713714,0.00016493521297888383,0.0001530255032164275,0.00014198636915822762,0.000131753230857355,0.00012226638546879338,0.00011347063071093146,0.0001053149182178967,9.775203430797638e-5,9.07383059305239e-5,8.423332975138545e-5,7.819972248365639e-5,7.260289075437451e-5,6.741081892403596e-5,6.259387342784297e-5,5.8124622303854174e-5,5.3977668699246124e-5,5.012949724685989e-5,4.655833228378939e-5,4.324400697924553e-5,4.0167842508541905e-5,3.731253648233562e-5,3.4662059908706334e-5,3.2201562014644064e-5,2.9917282314663148e-5,1.3898234682719961e-5
0.049893286695727235,0.08251637875252582,0.07165125019509233,0.06315960444208923,0.056159787925959215,0.050230917567094746,0.04512394331039826,0.04067376927117217,0.036762883807582636,0.03330346805228024,0.030227531666373597,0.02748101103044176,0.025020013041626765,0.022808305678574503,0.020815574618854915,0.019016172392895103,0.017388196372612907,0.01591279339324142,0.014573624884293646,0.013356448390137887,0.012248785245006194,0.011239653192895882,0.010319348757249103,0.009479268274817987,0.008711759369922245,0.00800999667307356,0.007367877055384026,0.0067799307227163486,0.006241245312388205,0.0057474007335612115,0.005294412951130256,0.004878685264585708,0.004496965905788464,0.004146310995278818,0.003824052066159725,0.0035277675001203768,0.003255257329943362,0.0030045209499398734,0.002773737348623878,0.0025612475370502125,0.0023655388943812777,0.0021852311931061727,0.0020190640999034268,0.0018658859767582137,0.00172464383013287,0.0015943742765902394,0.0014741954104501333,0.001363299473256311,0.0012609462376095525,0.0011664570285614129,0.0010792093149662,0.0009986318113421842,0.0009242000374387778,0.0008554322889488923,0.0007918859780771878,0.0007331543070884551,0.0006788632421212172,0.0006286687580687646,0.0005822543283601194,0.0005393286363865567,0.0004996234875294155,0.00046289190303804365,0.00042890637891816047,0.00039745729459384795,0.0003683514576826516,0.0003414107725297948,0.00031647102141883505,0.0002933807483353019,0.00027200023620194656,0.0002522005693768861,0.00023386277391682087,0.0002168770288434813,0.0002011419422757628,0.0001865638868325586,0.00017305638925969391,0.000160539569637162,0.0001489396259741209,0.00013818836038538866,0.0001282227433391076,0.00011898451280694571,0.00011041980541704431,0.00010247881695079133,9.511548978331308e-5,8.828722503744814e-5,8.195461743465849e-5,7.608121100443656e-5,7.063327394597318e-5,6.557959110148814e-5,6.089127261439025e-5,5.6541577482455314e-5,5.250575080290379e-5,4.8760873619855616e-5,4.528572437564849e-5,4.2060651039172456e-5,3.906745307044558e-5,3.6289272443378626e-5,3.371049301382665e-5,3.1316647581707425e-5,2.909433204011764e-5,2.7031126059475852e-5,1.2557759900440162e-5
0.04508415517393505,0.07456693215852539,0.06475114114661018,0.05707931898782426,0.05075508740798185,0.04539827273400199,0.04078391400675008,0.036762883807582636,0.033229036122354394,0.030103045427198105,0.027323496592897567,0.024841553966761076,0.02261756852607344,0.020618811202227694,0.018817898156583857,0.017191660947951826,0.01572031372428695,0.014386825122979563,0.013176435151979637,0.012076277200118585,0.01107507786631673,0.010162915449967502,0.009331023377410708,0.008571628551407168,0.007877817195478809,0.007243422596581506,0.006662930475054257,0.006131398679568786,0.005644388626365973,0.005197906442497333,0.004788352187092948,0.0044124758423108035,0.0040673390117212105,0.003750281458694202,0.003458891770380196,0.0031909815552849663,0.00294456268159448,0.002717827142074948,0.0025091291971884797,0.0023169695014581965,0.0021399809615950255,0.0019769161118048315,0.0018266358220107234,0.001688099180576913,0.0015603544140619652,0.001442530725137,0.0013338309453219295,0.0012335249120153935,0.0011409434908351557,0.0010554731738954444,0.0009765511929591235,0.0009036610937675459,0.000836328723852562,0.0007741185917740125,0.0007166305604871734,0.0006634968415306728,0.0006143792604837855,0.0005689667673188271,0.0005269731680109298,0.0004881350563993945,0.00045220992729034723,0.0004189744538620824,0.00038822291416087083,0.0003597657529228913,0.0003334282663815021,0.00030904939889951025,0.0002864806414143257,0.0002655850225501905,0.0002462361841931871,0.00022831753411291754,0.00021172146885687238,0.0001963486608083341,0.0001821074038627175,0.00016891301266713484,0.0001566872708636596,0.0001453579241403758,0.00013485821430205339,0.0001251264509213295,0.00011610561739847656,0.00010774300856662396,9.998989722215593e-5,9.280122717759162e-5,8.613533066815907e-5,7.995366809662144e-5,7.422058829409254e-5,6.890310763544823e-5,6.397070646738242e-5,5.93951414568244e-5,5.515027257022107e-5,5.121190351801367e-5,4.755763457693434e-5,4.416672680541153e-5,4.1019976749632234e-5,3.809960080251634e-5,3.5389128455682e-5,3.28733037411351e-5,3.053799421829371e-5,2.8370106917717302e-5,2.6357510692774384e-5,2.4488964480308363e-5,1.1377025506531426e-5
0.04083122269880701,0.06753651053116694,0.05864851463417198,0.0517015828668983,0.045974723902446835,0.04112375282984515,0.03694500442253512,0.03330346805228024,0.030103045427198105,0.027271919555356128,0.0247544881529142,0.022506537412625427,0.020492170375311425,0.01868175485968898,0.017050497836318235,0.01557742257359579,0.014244614686584833,0.013036653512535135,0.011940174739879267,0.010943528212001924,0.01003650618114546,0.009210124668603742,0.008456445505661658,0.0077684299903024445,0.007139817434921619,0.006565023538475101,0.006039054716463127,0.005557435399203212,0.005116145962085886,0.0047115694407599135,0.004340445559268505,0.0039998308867093685,0.0036870641607850557,0.003399735992973635,0.003135662308580374,0.0028928609857467105,0.0026695312472572244,0.0024640354302022313,0.0022748828181350655,0.0021007152686992117,0.0019402944090594135,0.0017924902048817373,0.0016562707360511866,0.0015306930357190211,0.0014148948682281108,0.0013080873383102612,0.0012095482379972308,0.001118616049293985,0.001034684531110986,0.0009571978276516728,0.0008856460429749538,0.000819561233120103,0.0007585137726140809,0.0007021090572863434,0.0006499845096261635,0.000601806856525897,0.0005572696526560152,0.0005160910255936919,0.0004780116213039809,0.00044279273095540646,0.0004102145818581874,0.00038007477718875367,0.0003521868707274138,0.00032637906414635653,0.00030249301567441406,0.0002803827500332612,0.00025991366057966526,0.00024096159537237167,0.00022341201973471482,0.00020715924859780136,0.0001921057424901975,0.00017816146164217417,0.0001652432731831504,0.00015327440685457836,0.00014218395510929606,0.00013190641379754722,0.00012238126000912444,0.00011355256395712996,0.0001053686320307088,9.778167842380814e-5,9.07475229668382e-5,8.42253129851654e-5,7.817726722018654e-5,7.256843998755275e-5,6.736650392205677e-5,6.25415498044081e-5,5.806590207321793e-5,5.391394876111573e-5,5.0061984686947656e-5,4.64880668481967e-5,4.3171881028621745e-5,4.00946187291267e-5,3.7238863604348933e-5,3.4588486646066e-5,3.21285494250072e-5,2.984521475395401e-5,2.7725664188359188e-5,2.575802183120467e-5,2.3931283944929945e-5,2.2235253918384318e-5,1.0330241087274809e-5
0.03705064151926851,0.06128659977257889,0.053223194174210064,0.046920540500018926,0.04172463883197264,0.037323285040743004,0.0335317379763056,0.030227531666373597,0.027323496592897567,0.0247544881529142,0.022470069628186262,0.020430134431110525,0.018602119917705884,0.016959146020166516,0.015478722111758547,0.014141819215312212,0.012932186125319156,0.011835833633622311,0.010840637810254072,0.009936029613437536,0.009112748401795712,0.008362643616749571,0.007678513364355377,0.007053971674105319,0.006483338334956568,0.005961546712938276,0.005484066043142624,0.005046835484443471,0.0046462078178145655,0.004278901112896791,0.00394195702767787,0.003632704666969286,0.003348729127450184,0.0030878440170159158,0.0028480673618222416,0.002627600414929168,0.002424808961868176,0.0022382067830514427,0.002066440986983928,0.0019082789720815327,0.001762596810597164,0.0016283688784605732,0.0015046585797306791,0.0013906100355852088,0.0012854406249665912,0.0011884342792818567,0.0010989354462960857,0.0010163436488859687,0.0009401085737971819,0.000869725633439164,0.00080473195057525,0.0007447027218136226,0.0006892479207318853,0.0006380093060982667,0.0005906577045622051,0.0005468905404592411,0.0005064295884617508,0.00046901892741529547,0.00043442307594737314,0.00040242529259689776,0.0003728260248506282,0.00034544149317445195,0.00032010239754501953,0.0002966527351758617,0.0002749487193014566,0.00025485778985184,0.000236257707793547,0.00021903572562381908,0.00020308782727832854,0.00018831803136015778,0.0001746377521248321,0.0001619652132023976,0.00015022490950076899,0.0001393471131369067,0.00012926741964958046,0.00011992633104601072,0.00011126887256968912,0.00010324424036345327,9.580547742118269e-5,8.890917547533096e-5,8.251520066690043e-5,7.658644102321688e-5,7.108857396111016e-5,6.598985215895128e-5,6.12609062997985e-5,5.687456332009082e-5,5.280567889637874e-5,4.903098302564096e-5,4.552893763913005e-5,4.227960529150636e-5,3.9264528031275506e-5,3.6466615642978734e-5,3.387004251915982e-5,3.1460152473294055e-5,2.9223370868857205e-5,2.714712348623994e-5,2.5219761597630275e-5,2.343049276581151e-5,2.1769316915580842e-5,2.02269672674509e-5,9.397427878798627e-6
0.03367574367234816,0.05570706456563812,0.04837962395969553,0.0426520221824479,0.03793004200591865,0.033930018687396424,0.030484098765088063,0.02748101103044176,0.024841553966761076,0.022506537412625427,0.020430134431110525,0.018575903770151725,0.016914258398322002,0.015420774316404595,0.014075015653956136,0.012859691708954735,0.011760035601167201,0.01076333565961285,0.009858574979709656,0.009036149416024125,0.008287643634069475,0.007605650927496793,0.006983626560433415,0.006415767164317077,0.005896910647245748,0.005422452440424275,0.004988274895234637,0.004590687367250032,0.004226375061864837,0.003892355119409885,0.003585938726725607,0.003304698279138346,0.0030464388003852913,0.002809172973375726,0.002591099248834876,0.0023905825901980454,0.0022061374870957356,0.0020364129284557164,0.0018801790753482026,0.0017363154135319261,0.0016038001980918648,0.001481701030091015,0.0013691664277747269,0.0012654182741503248,0.0011697450383853988,0.0010814956823495883,0.0010000741752009164,0.0009249345484811725,0.000855576432795279,0.000791541024317631,0.0007324074355681918,0.0006777893903958127,0.0006273322275822859,0.0005807101816875833,0.000537623913308867,0.000497798263898501,0.00046098021309062646,0.0004269370188556016,0.00039545452284299194,0.00036633560523778586,0.00033939877494237533,0.0003144768824431205,0.00029141594400824197,0.00027007406694361507,0.0002503204666955833,0.00023203456747034924,0.00021510517889661383,0.00019942974190405088,0.00018491363769302868,0.00017146955425926397,0.00015901690541591943,0.0001474812977520206,0.00013679404138693596,0.00012689170074625666,0.00011771568195444041,0.00010921185371080529,0.00010133019881990472,9.402449380791953e-5,8.725201425595092e-5,8.097326371176881e-5,7.515172422278968e-5,6.975362669547317e-5,6.474773946104902e-5,6.010517354184579e-5,5.579920325678514e-5,5.180510092479525e-5,4.8099984513933175e-5,4.466267719590352e-5,4.1473577842328986e-5,3.851454159168005e-5,3.576876967416364e-5,3.322070775860946e-5,3.085595214682307e-5,2.8661163189184634e-5,2.6623985353434404e-5,2.4732973420883036e-5,2.297752432829631e-5,2.1347814215350914e-5,1.983474026733635e-5,1.8429866980009468e-5,8.562688252346218e-6
0.03065240752083509,0.05070849444884873,0.044040228488729016,0.03882769522641771,0.03453021475973339,0.03088968024090255,0.027753361648392705,0.025020013041626765,0.02261756852607344,0.020492170375311425,0.018602119917705884,0.016914258398322002,0.015401663624213913,0.014042111174278615,0.012817005373969959,0.011710612302215928,0.010709494442083384,0.009802084301917202,0.008978356458087755,0.008229570964584959,0.007548069589077333,0.006927111869853536,0.006360741676232129,0.005843677475055875,0.005371221260758896,0.004939182349912127,0.0045438131409754196,0.00418175459764035,0.003849989703982662,0.003545803506500092,0.003266748639356873,0.0030106154447688757,0.0027754059675152015,0.002559311234802082,0.0023606913365743637,0.0021780579044575338,0.0020100586548190136,0.0018554637148306963,0.0017131534950889024,0.0015821079085890505,0.00146139676535929,0.0013501711971088091,0.0012476559868213367,0.0011531426957716688,0.0010659834946535607,0.00098558561813809,0.0009114063727136586,0.0008429486363598325,0.0007797567964412735,0.0007214130787296363,0.0006675342261022489,0.0006177684904654281,0.0005717929055227416,0.0005293108118361277,0.000490049608859882,0.0004537587113317334,0.00042020768995702784,0.0003891845784780631,0.0003604943310778746,0.0003339574158548603,0.00030940853145827295,0.0002866954353814965,0.0002656778735819938,0.0002462266020792107,0.00022822249214851566,0.00021155571153040186,0.0001961249748541078,0.00018183685706237582,0.00016860516426373462,0.0001563503569739261,0.00014499902114377796,0.00013448338282247632,0.00012474086268821245,0.00011571366701080936,0.00010734841194767752,9.95957783212272e-5,9.241019430291254e-5,8.57495436662923e-5,7.957489745271675e-5,7.385026710323784e-5,6.854237727523492e-5,6.362045671004231e-5,5.9056045676914764e-5,5.4822818622683256e-5,5.0896420787823566e-5,4.725431765903313e-5,4.3875656209427585e-5,4.0741136979339284e-5,3.7832896120440994e-5,3.513439661020977e-5,3.2630327896838876e-5,3.0306513304577355e-5,2.8149824585411336e-5,2.6148103046927146e-5,2.4290086739185116e-5,2.2565343221900823e-5,2.096420747330725e-5,1.9477724539987906e-5,1.809759655406137e-5,1.6816133778000785e-5,7.813104682882765e-6
0.02793596213517857,0.0462170902630511,0.0401409761853615,0.035391156404518065,0.03147503800565499,0.028157470087542547,0.0252993064094984,0.022808305678574503,0.020618811202227694,0.01868175485968898,0.016959146020166516,0.015420774316404595,0.014042111174278615,0.012802907903858463,0.011686221771516903,0.010677717238733148,0.009765150907969589,0.00893798307682453,0.008187078958308752,0.007504474919002968,0.006883192843932684,0.006317090779497936,0.0058007413659107165,0.005329331866463852,0.0048985811997306755,0.004504670513600595,0.004144184659833919,0.0038140625269688366,0.003511554635671585,0.003234186734838565,0.002979728392982571,0.0027461657758650823,0.002531677953523215,0.00233461620031436,0.00215348584622764,0.001986930313405702,0.0018337170331363672,0.0016927249872152605,0.0015629336582789269,0.0014434132067236531,0.0013333157187062211,0.0012318673925438874,0.0011383615495753098,0.0010521523715289333,0.0009726492793912384,0.0008993118802735414,0.0008316454183711318,0.0007691966740342622,0.0007115502621079708,0.0006583252866382908,0.0006091723141815487,0.0005637706325074768,0.0005218257651965815,0.000483067216119501,0.0004472464207301522,0.000414134883568373,0.00038352248369199343,0.00035521593172287407,0.00032903736388304947,0.00030482306002551154,0.00028242227389704225,0.00026169616515239313,0.00024251682370685784,0.00022476637790907247,0.0002083361788969007,0.00019312605422895472,0.00017904362459502006,0.00016600367794385737,0.0001539275959496259,0.00014274282822595045,0.00013238241009343003,0.00012278452011799676,0.00011389207398648099,0.00010565235158876323,9.80166544828037e-5,9.093999114358816e-5,8.438078764952004e-5,7.830062167593372e-5,7.266397783048319e-5,6.743802255654817e-5,6.259239698102378e-5,5.8099026217531225e-5,5.3931943781048005e-5,5.006712986469549e-5,4.648236234915809e-5,4.315707951488843e-5,4.007225350105125e-5,3.7210273648012756e-5,3.455483892372921e-5,3.209085871121837e-5,2.9804361282662994e-5,2.7682409349386213e-5,2.5713022127919847e-5,2.3885103402406015e-5,2.2188375111876373e-5,2.0613316026012218e-5,1.9151105109509008e-5,1.779356920974249e-5,1.653313472710637e-5,1.536278295830544e-5,7.138004414385671e-6
0.025489036599535386,0.04217111151364927,0.036628297243964436,0.03229521720387196,0.028722580132300335,0.025695906597592244,0.023088282339039423,0.020815574618854915,0.018817898156583857,0.017050497836318235,0.015478722111758547,0.014075015653956136,0.012817005373969959,0.011686221771516903,0.010667210639250718,0.009746895742002354,0.008914109051613078,0.00815923645825889,0.007473945263879261,0.00685097097647816,0.006283947999205966,0.0057672734073346416,0.0052959960709416665,0.004865725475147034,0.004472556047957502,0.004113003838977558,0.0037839531399471715,0.0034826111845333296,0.003206469471820933,0.002953270562776125,0.0027209794326478742,0.002507758641429221,0.0023119467233016153,0.00213203930586546,0.0019666725562632673,0.001814608620338637,0.0016747227768974457,0.0015459920734999626,0.0014274852473316925,0.0013183537648119026,0.001217823838115143,0.001125189297594413,0.0010398052161901573,0.0009610821964879598,0.0008884812428943852,0.000821509151894436,0.0007597143621056006,0.0007026832130710009,0.0006500365682443315,0.0006014267630369448,0.0005565348434843718,0.0005150680652432037,0.00047675762601229014,0.0004413566076528243,0.0004086381069672417,0.0003783935363433702,0.0003504310775907602,0.0003245742740873815,0.00030066074789794357,0.00027854103001022455,0.0002580774929601855,0.0002391433762858157,0.00022162189622356668,0.00020540543187727925,0.0001903947808930802,0.0001764984783392586,0.00016363217313840762,0.00015171805688723875,0.00014068434043100226,0.00013046477400445455,0.00012099820711309814,0.00011222818470395766,0.00010410257649338776,9.657323659584076e-5,8.959569087749913e-5,8.312884966360208e-5,7.713474365870381e-5,7.157828113623765e-5,6.642702460432572e-5,6.165098532937919e-5,5.722243423608698e-5,5.31157278252101e-5,4.930714788288146e-5,4.57747538414985e-5,4.249824676155712e-5,3.945884399470857e-5,3.663916365563883e-5,3.402311811508954e-5,3.159581578431492e-5,2.9343470531372146e-5,2.725331811375049e-5,2.5313539069976598e-5,2.351318755933776e-5,2.1842125675378306e-5,2.0290962802901056e-5,1.885099962019662e-5,1.7514176381539686e-5,1.6273025146549853e-5,1.5120625645516166e-5,1.405056449800188e-5,6.528448762832751e-6
0.023280016878454046,0.03851832735294369,0.033456872193256215,0.029499956013923967,0.02623736634563134,0.02347327927133047,0.021091819602920725,0.019016172392895103,0.017191660947951826,0.01557742257359579,0.014141819215312212,0.012859691708954735,0.011710612302215928,0.010677717238733148,0.009746895742002354,0.008906208141993749,0.008145456981218463,0.007455863551277142,0.0068298190965125904,0.006260690159188634,0.005742664000330508,0.005270624229498047,0.004840049574872371,0.00444693063690306,0.004087700800121191,0.003759178421042189,0.0034585180927359516,0.0031831692855642246,0.002930841035192408,0.002699471627287779,0.002487202441674753,0.002292355282285684,0.002113412645968038,0.00194900048352762,0.0017978730851802988,0.001658899785612955,0.001531053234911206,0.0014133990221121308,0.0013050864720289407,0.001205340463484958,0.0011134541394763192,0.0010287823987847437,0.0009507360741688731,0.0008787767155728383,0.0008124119075687691,0.0007511910598311175,0.0006947016174299672,0.000642565644329119,0.0005944367394178432,0.0005499972493515585,0.0005089557467554424,0.0004710447461371836,0.0004360186329433382,0.0004036517840978731,0.000373736860812786,0.0003460832565118331,0.0003205156846442332,0.00029687289280061306,0.0002750064909521708,0.00025477988299007267,0.0002360672917683911,0.0002187528689215493,0.00020272988161631686,0.0001878999691434435,0.00017417246298766145,0.0001614637646224831,0.00014969677586811492,0.00013880037709634082,0.00012870894905170783,0.00011936193446454016,0.00011070343596169185,0.00010268184712378071,9.524951382828715e-5,8.836242327022988e-5,8.197991830785514e-5,7.60644349678105e-5,7.058126115471472e-5,6.549831479004905e-5,6.0785939742739404e-5,5.64167180732854e-5,5.236529723841245e-5,4.8608231015379684e-5,4.512383302591322e-5,4.189204181856356e-5,3.889429656809998e-5,3.611342253360798e-5,3.353352547839721e-5,3.113989433222765e-5,2.891891142928942e-5,2.685796971941385e-5,2.494539639025711e-5,2.3170382391300465e-5,2.1522917392990026e-5,1.9993729747676183e-5,1.8574231059277006e-5,1.7256464997809245e-5,1.60330600253575e-5,1.4897185728886633e-5,1.384251247584325e-5,1.2863174134271837e-5,5.976866810377462e-6
0.021281908325171794,0.0352141376311238,0.030588001794956243,0.026971282354029347,0.0239891029693462,0.021462508529455304,0.019285605664032146,0.017388196372612907,0.01572031372428695,0.014244614686584833,0.012932186125319156,0.011760035601167201,0.010709494442083384,0.009765150907969589,0.008914109051613078,0.008145456981218463,0.007449874922429184,0.006819339627115284,0.00624689701582111,0.005726484296632611,0.00525278870645042,0.004821133858042767,0.004427387233301716,0.004067884110279502,0.0037393644282381205,0.003438919956987335,0.003163949760623827,0.002912122401716892,0.0026813436715742156,0.002469728886543135,0.0022755789852774225,0.0020973598113708247,0.0019336840815607909,0.0017832956313780512,0.0016450556021206653,0.0015179302906261245,0.0014009804299723629,0.0012933517062469584,0.0011942663474919096,0.001103015646052835,0.0010189532960125855,0.0009414894447543655,0.00087008537196041,0.000804248721515452,0.0007435292216325818,0.0006875148372745363,0.0006358283062440507,0.0005881240163462635,0.0005440851864572036,0.0005034213188522211,0.0004658658940579156,0.0004311742829566957,0.00039912185369480376,0.00036950225359851617,0.0003421258485433471,0.0003168183040951674,0.000293419294511257,0.00027178132718375016,0.0002517686713951091,0.0002332563814945801,0.0002161294055422966,0.00020028177144334547,0.0001856158434067317,0.00017204164224480503,0.0001594762236993186,0.00014784310953548955,0.00013707176668649847,0.00012709713013785455,0.00011785916568480366,0.00010930246906720644,0.00010137589828812998,9.403223623583533e-5,8.722788099436323e-5,8.092256145859509e-5,7.50790761033461e-5,6.966305292699306e-5,6.464272878245665e-5,5.998874647293335e-5,5.567396811532294e-5,5.1673303420114464e-5,4.79635516508353e-5,4.4523256128685624e-5,4.1332570258422016e-5,3.837313412361008e-5,3.5627960790595293e-5,3.308133153647288e-5,3.0718699272477704e-5,2.852659950498143e-5,2.649256822465746e-5,2.46050661729228e-5,2.285340897156612e-5,2.1227702650013333e-5,1.971878414352724e-5,1.8318166366095836e-5,1.701798749858917e-5,1.5810964159463476e-5,1.4690348153118568e-5,1.3649886517373309e-5,1.2683784610295666e-5,1.178667200020693e-5,5.476785471200736e-6
0.019471477767777357,0.032220155771281345,0.027988377607224724,0.024679854005147828,0.02195171530753065,0.019640285765442522,0.017648713300380203,0.01591279339324142,0.014386825122979563,0.013036653512535135,0.011835833633622311,0.01076333565961285,0.009802084301917202,0.00893798307682453,0.00815923645825889,0.007455863551277142,0.006819339627115284,0.006242325777320215,0.005718460974397058,0.005242199383430096,0.004808681168316953,0.0044136285459793895,0.004053261180619563,0.0037242266080535213,0.0034235424929152797,0.0031485483099513573,0.0028968646111890498,0.0026663584577560975,0.00245511390571667,0.0022614066678875652,0.002083682251921605,0.001920537011649473,0.0017707016545803547,0.001633026832305845,0.0015064705064011252,0.0013900868350940586,0.0012830163686434297,0.00118447737521412,0.0010937581473596802,0.0010102101621976244,0.0009332419870666207,0.0008623138383360429,0.0007969327140806646,0.0007366480324575968,0.0006810477166286372,0.0006297546750790983,0.0005824236328607468,0.0005387382748004606,0.0004984086666833688,0.00046116892455264763,0.00042677510584389,0.00039500329924139956,0.0003656478927242012,0.0003385200016968095,0.000313446041148511,0.00029026642749874643,0.0002688343974042882,0.00024901493217051405,0.00023068377758642383,0.00021372655013644857,0.0001980379213996266,0.00018352087333916483,0.00017008601792854218,0.00015765097518282518,0.0001461398042771917,0.00013548248294247434,0.0001256144308223895,0.00011647607284935883,0.00010801243910168274,0.0001001727979444342,9.291031953245201e-5,8.618176704050886e-5,7.994721322861264e-5,7.416978016136673e-5,6.881540011409253e-5,6.385259585474238e-5,5.925227866656799e-5,5.498756262705372e-5,5.1033593773463365e-5,4.736739291871935e-5,4.3967710985962387e-5,4.081489582387506e-5,3.7890769565937076e-5,3.517851566264016e-5,3.266257479918127e-5,3.0328548980623044e-5,2.8163113117835948e-5,2.6153933512311944e-5,2.428959268216711e-5,2.255952002524228e-5,2.0953927848847275e-5,1.946375234013469e-5,1.8080599086612963e-5,1.679669278417976e-5,1.560483080375013e-5,1.4498340311982529e-5,1.3471038667066653e-5,1.2517196834656161e-5,1.1631505586205373e-5,1.0809044263543729e-5,5.0226259557893655e-6
