0.06134155474905101,0.1061777684284757,0.09528353775402265,0.0865026995314957,0.07906548131443314,0.07260467814032379,0.06690322694423534,0.0618171876244622,0.05724394851319503,0.05310661367326164,0.04934541395000236,0.04591258133730414,0.04276909587122446,0.039882518691002344,0.03722549113397233,0.03477466110269445,0.03250989399766402,0.030413679254439163,0.02847067502875078,0.026667352765294527,0.024991715481126664,0.02343307145000212,0.021981850195207153,0.020629451265454846,0.019368118747675966,0.0181908362197043,0.017091238114213425,0.016063534386950462,0.015102446070204167,0.014203149802189008,0.013361229817004272,0.01257263617998311,0.011833648282818937,0.011140842797397105,0.010491065429770075,0.00988140592965464,0.00930917590445074,0.008771889057645005,0.008267243533698981,0.007793106101164182,0.0073474979443486355,0.0069285818686972145,0.0065346507522399955,0.006164117099928798,0.005815503575315253,0.0054874344018303045,0.005178627540297298,0.004887887559862761,0.004614099130686403,0.004356221075157943,0.004113280921736212,0.0038843699126522857,0.003668638421246373,0.003465291740343046,0.003273586207502302,0.0030928256359248063,0.002922358023623013,0.0027615725162218746,0.0026098966009891963,0.002466793512579238,0.0023317598320694785,0.0022043232631769466,0.002084040571196759,0.001970495671117664,0.0018632978529567676,0.0017620801332512287,0.0016664977229935082,0.0015762266026357469,0.001490962195950126,0.001410418135351369,0.0013343251115816163,0.001262429801481564,0.0011944938680704606,0.0011302930275360785,0.001069616178402382,0.0010122645882127308,0.00095805113363032,0.0009067995902737741,0.0008583439686367378,0.0008125278929211471,0.000769204019803911,0.0007282334943159875,0.0006894854404053997,0.000652836483701541,0.0006181703043212344,0.0005853772177742845,0.0005543537819957603,0.0005250024288238689,0.0004972311182575174,0.00047095301407315895,0.00044608617932644264,0.0004225532904654234,0.00040028136889394897,0.0003792015288084571,0.0003592487402966256,0.00034036160671208245,0.00032248215541175185,0.0003055556410486186,0.0002895303605851378,0.0002743574793023862,0.00012999543357594982
0.1061777684284757,0.18378643866772082,0.16492956215756926,0.14973074131784614,0.13685758399159154,0.1256744983827187,0.11580577200659814,0.10700226025873727,0.09908635353934092,0.09192495336300532,0.08541460582541216,0.07947262969041113,0.07403148561868278,0.06903502543386097,0.0644358942207186,0.06019367198490477,0.05627350786457397,0.052645092911830726,0.04928187199316536,0.046160428577558865,0.04325999711643602,0.04056207131652967,0.03805008564406198,0.03570915357277016,0.03352585037963163,0.03148803131976452,0.029584678207372317,0.027805769024932148,0.02614216637350064,0.024585521459321635,0.02312819099384289,0.02176316490380037,0.020484003145378182,0.01928478023588226,0.01816003636303115,0.017104734129182175,0.016114220149867575,0.015184190848662293,0.01431066189813629,0.013489940842568882,0.012718602504879661,0.011993466840538869,0.01131157894827714,0.01067019098977065,0.010066745800991456,0.009498862008739783,0.008964320490748745,0.008461052036014938,0.00798712608132579,0.007540740414531705,0.007120211747803001,0.006723967076472326,0.006350535746908886,0.005998542166617993,0.005666699097435113,0.005353801477774048,0.005058720726522414,0.004780399485942305,0.004517846764803976,0.0042701334479727515,0.004036388140565117,0.0038157933187840526,0.0036075817624089263,0.00341103324549534,0.0032254714645865573,0.003050261185290122,0.0028848055904056313,0.002728543813378788,0.0025809486428646153,0.0024415243856028,0.002309804875315735,0.0021853516167661194,0.002067752054974309,0.001956617960250165,0.0018515839208486096,0.0017523059351791381,0.0016584600964754392,0.0015697413635522503,0.0014858624113288851,0.0014065525556330553,0.0013315567471253002,0.001260634629462045,0.0011935596574934176,0.0011301182711987053,0.00107010912162157,0.001013342345443112,0.0009596388847781731,0.0009088298492849443,0.0008607559177043998,0.0008152667763709799,0.0007722205921422941,0.0007314835175440404,0.0006929292261198799,0.0006564384759493221,0.0006218986995828839,0.0005892036186879654,0.000558252881824612,0.0005289517239537855,0.0005012106462333292,0.00047494511484680833,0.0002250376388674355
0.09528353775402265,0.16492956215756926,0.14800762936869738,0.13436837488203768,0.12281613304427319,0.11278053474832417,0.1039244221211355,0.09602421711735731,0.08892053596160765,0.0824939383748331,0.07665158660420879,0.07131928392241993,0.06643642167161601,0.0619526134205457,0.057825363653234874,0.054018400127351596,0.05050044824005839,0.047244309220486724,0.04422615290338705,0.04142496564912279,0.03882211276231895,0.03640098696309979,0.03414672257479412,0.03204596063254117,0.030086653968196098,0.028257904043857973,0.026549823276463713,0.024953418027499563,0.023460488500383236,0.022063542579833617,0.020755721259490545,0.019530733770286246,0.018382800878642247,0.0173066051102157,0.016297246876274207,0.015350205656754712,0.014461305539485603,0.013626684525117727,0.012842767103980524,0.012106239688189885,0.011414028542260174,0.010763279909586032,0.010151342074396053,0.009575749136783746,0.00903420630580673,0.008524576543306989,0.008044868413427275,0.007593225009188881,0.007167913844825818,0.006767317615659713,0.00638992573868119,0.0060343265981025185,0.005699200427181195,0.005383312766365528,0.005085508444698697,0.004804706035986053,0.004539892747184651,0.004290119700748038,0.004054497576133784,0.0038321925801590856,0.00362242271759404,0.0034244543369629232,0.0032375989290983204,0.003061210157408678,0.002894681101284588,0.002737441695463076,0.0025889563502607335,0.002448721738115743,0.0023162647336809755,0.0021911404959840536,0.002072930681626263,0.00196124177927174,0.0018557035564533697,0.0017559676103092517,0.0016617060148992058,0.0015726100578599689,0.0014883890600328568,0.0014087692723452026,0.001333492844273674,0.0012623168589657174,0.0011950124303893167,0.0011313638581299003,0.0010711678360617143,0.0010142327110378851,0.0009603777882444785,0.0009094326802018653,0.0008612366963490596,0.000815638270599741,0.0007724944242822971,0.0007316702622577435,0.0006930384999249781,0.0006564790191358905,0.0006218784512161818,0.0005891297852641218,0.0005581320001560152,0.0005287897187270119,0.0005010128827086305,0.000474716447168946,0.0004498200931589806,0.00042624795743911696,0.0002019641891356375
0.0865026995314957,0.14973074131784614,0.13436837488203768,0.12198613371790534,0.11149855324367319,0.10238783360862858,0.09434789181785264,0.08717575638015873,0.0807267334688826,0.07489239127053415,0.06958844861321767,0.06474754725484821,0.06031466464410218,0.05624405829825774,0.05249714936278438,0.04904100867205463,0.0458472440789327,0.042891163608109295,0.04015113341322285,0.03760807658088561,0.03524507588030368,0.03304705463422419,0.03100051724941355,0.029093335974771484,0.027314573951209176,0.025654337083947598,0.024103649056416654,0.0226543451046059,0.021298981140737583,0.020030755533914146,0.018843441410947903,0.017731327763836457,0.016689167974063224,0.01571213462412946,0.014795779667675535,0.01393599919021915,0.013129002124554867,0.012371282384779525,0.011659593970675702,0.010990928664179167,0.010362495994067938,0.009771705194128955,0.009216148918407358,0.008693588511640177,0.008201940657839524,0.0077392652551031005,0.0073037543849932,0.006893722259705443,0.006507596045982306,0.00614390747660655,0.005801285170645806,0.0054784475936912325,0.0051741965957244895,0.00488741147218745,0.004617043500082893,0.004362110905081096,0.004121694221011427,0.003894932006999474,0.00368101689066401,0.0034791919098531715,0.0032887471269462815,0.0031090164929988284,0.002939374941345184,0.0027792356915581143,0.0026280477469036584,0.0024852935696930006,0.002350486920833443,0.002223170850360605,0.002102915827369524,0.0019893179989194237,0.0018819975679000497,0.0017805972810098838,0.0016847810186996076,0.0015942324794673834,0.0015086539518333712,0.0014277651674190692,0.0013513022293522858,0.0012790166108060802,0.001210674218522459,0.001146054516850955,0.0010849497080989493,0.0010271639652163905,0.0009725127133899253,0.0009208219570459517,0.0008719276492172995,0.0008256751005346098,0.0007819184250607569,0.0007405200205974401,0.0007013500811150607,0.0006642861393027083,0.0006292126371592009,0.0005960205228296381,0.0005646068720497853,0.0005348745325388822,0.0005067317899144531,0.0004800920537389522,0.0004548735624102726,0.00043099910575771644,0.00040839576416636277,0.000386994663207566,0.0001833653714273186
0.07906548131443314,0.13685758399159154,0.12281613304427319,0.11149855324367319,0.10191271723704887,0.09358534986743106,0.08623668769320458,0.07968121239830595,0.07378667213196999,0.06845395894367923,0.06360603884721017,0.059181345607561164,0.05512958795113909,0.05140895669182943,0.04798419028018708,0.04482519104569582,0.0419060082034447,0.03920407296689199,0.036699611713536195,0.03437518788625882,0.03221533890212391,0.030206284464948996,0.02833568940735609,0.02659246878539101,0.02496662614421874,0.023449118127823854,0.02203174024038257,0.020707029754893858,0.019468182651250554,0.018308982122921813,0.017223736699190417,0.01620722641675776,0.015254655770403469,0.0143616124102382,0.013524030736763393,0.01273815969180131,0.012000534164024496,0.011307949519145488,0.010657438845042694,0.010046252566077912,0.009471840130589881,0.008931833520448379,0.008424032366597889,0.007946390486056554,0.007497003678557129,0.00707409864397246,0.006676022900188094,0.006301235594684068,0.005948299117471231,0.00561587143388359,0.005302699065176525,0.005007610654086864,0.004729511058351121,0.004467375922436775,0.004220246683457579,0.003987225971032529,0.0037674733657894616,0.003560201484761105,0.0033646723648029647,0.003180194118880403,0.003006117841483434,0.0028418347424016555,0.00268677349022612,0.0025403977481203363,0.0024022038864483647,0.0022717188580031536,0.0021484982233151567,0.0020321243139598127,0.0019222045232776958,0.0018183697149782851,0.00172027274047655,0.0016275870568732836,0.001540005438133294,0.0014572387725027384,0.0013790149400664184,0.0013050777644364499,0.0012351860332897105,0.0011691125830088633,0.0011066434427206874,0.0010475770336459828,0.0009917234199194706,0.0009389036072442458,0.0008889488862503792,0.0008417002173581496,0.0007970076543624034,0.0007547298042347352,0.0007147333206008865,0.000676892428726478,0.0006410884798640406,0.0006072095331305337,0.000575149963014927,0.0005448100908748178,0.0005160958389251232,0.0004889184052021805,0.00046319395819945965,0.0004388433499042301,0.00041579184605800533,0.00039396887260019324,0.0003733077772191309,0.00035374560507609853,0.00016761144393029467
0.07260467814032379,0.1256744983827187,0.11278053474832417,0.10238783360862858,0.09358534986743106,0.08593848706908225,0.07919034562562088,0.07317056883219664,0.06775771320969559,0.06286077046804883,0.05840900226773038,0.05434587390396395,0.05062520417580352,0.04720860076212019,0.04406368386552495,0.04116281554358758,0.038482165830368675,0.036001010360472874,0.0337011914944737,0.031566697658968024,0.029583329929506408,0.027738434181744154,0.026020683315583937,0.024419898278745966,0.022926899550460955,0.02153338281616879,0.020231814065235443,0.01901534043454256,0.017877713934937034,0.016813225800827114,0.015816649669485594,0.014883192151869284,0.014008449628462538,0.013188370322062104,0.01241922086808514,0.011697556737830739,0.01102019598093093,0.010384195837091603,0.00978683184088508,0.009225579102107528,0.008698095489877405,0.008202206489881764,0.007735891536359896,0.007297271649370246,0.006884598228752231,0.00649624287727496,0.006130688142468255,0.005786519079123448,0.005462415547656349,0.005157145173494693,0.004869556901328079,0.004598575086513401,0.00434319407128958,0.00410247320012333,0.003875532233754156,0.0036615471249880766,0.003459746123824922,0.0032694061827629323,0.0030898496357688876,0.0029204411278172804,0.0027605847731970307,0.002609721523515726,0.002467326728290871,0.002332907872097126,0.0022060024741170844,0.002086176137004035,0.0019730207335597882,0.0018661527201336015,0.0017652115670211896,0.0016698582971135245,0.0015797741243925578,0.0014946591848458216,0.0014142313529624528,0.0013382251374208544,0.0012663906503670684,0.0011984926447664544,0.0011343096149777354,0.0010736329561920194,0.0010162661784151802,0.0009620241712417522,0.0009107325158926836,0.0008622268411786101,0.0008163522205142347,0.000772962607045416,0.0007319203043333923,0.0006930954702969606,0.0006563656520782012,0.0006216153498416616,0.0005887356075355479,0.0005576236289337125,0.0005281824172133215,0.0005003204365612718,0.00047395129443475285,0.0004489934430831708,0.0004253698991342793,0.00040300798007762706,0.0003818390565643367,0.0003617983195677568,0.0003428245614169991,0.0003248599698453475,0.0001539249671403055
0.06690322694423534,0.11580577200659814,0.1039244221211355,0.09434789181785264,0.08623668769320458,0.07919034562562088,0.07297214241935057,0.06742510085550579,0.062437315389701764,0.057924925342818456,0.053822748020090794,0.05007868883202371,0.04665019354555178,0.0435018850809763,0.040603926667830526,0.03793085097232618,0.03546069956424003,0.03317437570452475,0.031055147793186633,0.02908826174740986,0.027260633770646248,0.02556060354029388,0.023977733535711976,0.022502644118407134,0.02112687668004537,0.0198427790815367,0.018643408989677035,0.01752245172299871,0.016474149968672414,0.015493243288225822,0.01457491575948916,0.013714750429533573,0.012908689503725534,0.012152999397273767,0.011444239931067246,0.010779237077857301,0.01015505876694231,0.0095689933327891,0.009018530260903324,0.008501342938396217,0.008015273158773817,0.0075583171684658335,0.007128613072265921,0.00672442944153967,0.006344154988281253,0.0059862891875242935,0.005649433746283336,0.005332284828709732,0.005033625959315655,0.004752321535306164,0.004487310887054147,0.004237602833542756,0.004002270684541093,0.0037804476474216225,0.003571322601364238,0.0033741362048971546,0.0031881773069067226,0.0030127796342484248,0.0028473187315310802,0.0026912091317903286,0.002543901737963067,0.0024048813975903194,0.0022736646549817233,0.002149797666069965,0.0020328542629141147,0.0019224341557882857,0.0018181612622622245,0.0017196821530504267,0.0016266646056730047,0.0015387962578646622,0.0014557833529891158,0.0013773495706143404,0.0013032349359481214,0.0012331948022458912,0.001166998901030017,0.0011044304550361893,0.0010452853494172208,0.0009893713571889375,0.0009365074149359567,0.0008865229453201597,0.000839257223141366,0.0007945587818739275,0.0007522848580305795,0.0007123008706460803,0.0006744799335254605,0.0006387023981387109,0.0006048554250103304,0.0005728325817703807,0.0005425334660501338,0.0005138633516732806,0.0004867328565345795,0.00046105763077737387,0.000436758064003305,0.0004137590102308783,0.0003919895294996825,0.00037138264504501563,0.00035187511504687456,0.0003334072180728332,0.0003159225513044237,0.00029936784075640637,0.00014184638138833817
0.0618171876244622,0.10700226025873727,0.09602421711735731,0.08717575638015873,0.07968121239830595,0.07317056883219664,0.06742510085550579,0.06229976643203128,0.05769116834086718,0.053521821936056924,0.049731500441355214,0.04627207007693601,0.04310421205074766,0.04019523903316946,0.037517582764604374,0.035047712206220494,0.03276533843459917,0.03065281663802999,0.028694687318148393,0.026877318139685746,0.025188620058926747,0.02361781927703216,0.022155271825562595,0.020792311185873658,0.019521121842282774,0.018334633431476843,0.01722643142868724,0.016190681239905858,0.015222063262572694,0.014315716990811356,0.013467192638275893,0.012672409054134415,0.011927616939036184,0.011229366553864611,0.010574479257679403,0.009960022326061024,0.009383286595411378,0.008841766550165359,0.008333142532585519,0.007855264804830259,0.007406139231866116,0.0069839143888972,0.006586869924383926,0.006213406034380031,0.005862033921678542,0.005531367131206583,0.0052201136675864845,0.004927068811414206,0.004651108562051434,0.004391183643213031,0.004146314015021121,0.0039155838433932305,0.0036981368821974586,0.003493172229284011,0.003299940421969655,0.0031177398405156237,0.002945913392000586,0.002783845449764802,0.0026309590258543347,0.0024867131567996373,0.0023506004841680264,0.0022221450136530943,0.002100900038133152,0.0019864462110505687,0.0018783897580618783,0.0017763608158128733,0.0016800118880502743,0.0015890164096243123,0.0015030674101059946,0.0014218762695688905,0.0013451715593813772,0.0012726979616848773,0.001204215261736974,0.001139497407678828,0.0010783316329584756,0.0010205176367124279,0.0009658668179752632,0.0009142015600077484,0.0008653545610636214,0.0008191682084008924,0.0007754939925342635,0.0007341919588862555,0.0006951301943897807,0.0006581843465405645,0.0006232371727232094,0.000590178117853897,0.0005589029183516031,0.0005293132307439864,0.0005013162832290634,0.00047482454876147766,0.0004497554381774852,0.0004260310120756082,0.00040357771028272545,0.0003823260977196003,0.00036221062564674444,0.00034316940729698514,0.00032514400697444563,0.0003080792418064266,0.00029192299530698615,0.0002766260420217267,0.00013107094129784485
0.05724394851319503,0.09908635353934092,0.08892053596160765,0.0807267334688826,0.07378667213196999,0.06775771320969559,0.062437315389701764,0.05769116834086718,0.05342352523369387,0.04956263453182763,0.04605272565067464,0.04284922623468135,0.03991572668976284,0.0372219582179536,0.03474239232768361,0.0324552390311762,0.03034171056946522,0.02838546765542449,0.026572194622267675,0.024889267773152368,0.02332549251356497,0.021870892178048995,0.020516536334746593,0.01925439967960646,0.018077244945502613,0.016978524883654034,0.015952299558241012,0.014993166055133844,0.01409619834752257,0.01325689553687548,0.012471137055272391,0.0117351436952359,0.01104544354739212,0.010398842098489403,0.009792395875278442,0.009223389126072484,0.008689313119166014,0.008187847703409912,0.007716844834315284,0.0072743138153788245,0.006858408040322395,0.006467413054447341,0.006099735778675702,0.005753894762680123,0.005428511349956075,0.005122301654307229,0.004834069260623616,0.004562698572678284,0.004307148741079986,0.004066448112380466,0.0038396891471732947,0.003626023761688621,0.0034246590516135017,0.003234853362125492,0.003055912672262448,0.0028871872644972915,0.0027280686539611423,0.002577986754328021,0.0024364072594595942,0.0023028292225999447,0.0021767828159328304,0.002057827255465744,0.0019455488777515503,0.0018395593558083873,0.0017394940430800546,0.0016450104351154668,0.0015557867399031942,0.0014715205481141622,0.0013919275955887253,0.0013167406111693064,0.0012457082432536168,0.001178594059212227,0.001115175612279893,0.0010552435708826545,0.0009986009059852023,0.0009450621321083034,0.0008944525981918437,0.000846607824868225,0.0008013728847386971,0.0007586018226947797,0.000718157113503497,0.0006799091540244905,0.0006437357877926517,0.0006095218596498548,0.0005771587984106426,0.0005465442257494759,0.0005175815894687772,0.0004901798195790126,0.00046425300563627744,0.00043972009401205617,0.0004165046037191856,0.00039453435960596327,0.00037374124183461605,0.0003540609505461121,0.0003354327847673406,0.0003177994346407363,0.00030110678612407966,0.00028530373740713166,0.00027034202626617394,0.00025617606767997566,0.00012138140054889814
0.05310661367326164,0.09192495336300532,0.0824939383748331,0.07489239127053415,0.06845395894367923,0.06286077046804883,0.057924925342818456,0.053521821936056924,0.04956263453182763,0.04598079819166523,0.042724573734035376,0.039752610733462146,0.03703113147365311,0.03453205514132607,0.03223169857196129,0.03010984686334406,0.028149070322893044,0.02633421073956177,0.024651987243182127,0.023090688627795453,0.02163992948573984,0.020290454299306704,0.01903397815651825,0.01786305584536163,0.016770973226989117,0.015751656302554096,0.014799594486310186,0.013909775395448798,0.013077629062633767,0.012298979918439756,0.011570005231951869,0.010887198957612504,0.010247340135126737,0.009647465148987205,0.00908484327754075,0.008556955060150917,0.008061473092054655,0.0075962449178503255,0.007159277748433307,0.0067487247691639385,0.006362872840453809,0.006000131422111851,0.005659022576329775,0.005338171925367036,0.005036300455256534,0.00475221707226868,0.004484811831311525,0.004233049764578695,0.0039959652484156255,0.0037726568536679828,0.0035622826311196426,0.00336405578981383,0.0031772407299701377,0.0030011493970880723,0.0028351379276651337,0.0026786035595030566,0.0025309817828939388,0.0023917437113604514,0.002260393652559853,0.0021364668624580946,0.002019527466828673,0.0019091665361281526,0.001805000301232991,0.0017066684983134128,0.0016138328324919876,0.001526175550712331,0.001443398115408747,0.0013652199708622803,0.001291377395133509,0.001221622431171722,0.0011557218909546453,0.001093456427225581,0.0010346196678271795,0.0009790174079580514,0.0009264668562556852,0.0008767959306702107,0.0008298426005808011,0.000785454271967842,0.0007434872124797813,0.000703806013650542,0.0006662830876873835,0.0006307981963873943,0.0005972380100801641,0.0005654956944476479,0.0005354705233516725,0.0005070675159878149,0.00048019709665783963,0.00045477477570532616,0.00043072085017246964,0.00040796012294829626,0.0003864216391319883,0.0003660384385089834,0.0003467473231345093,0.00032848863900581705,0.00031120607094744287,0.0002948464498560158,0.0002793595715139723,0.00026469802627325945,0.00025081703888644915,0.00023767431785762586,0.0001126149568738649
0.04934541395000236,0.08541460582541216,0.07665158660420879,0.06958844861321767,0.06360603884721017,0.05840900226773038,0.053822748020090794,0.049731500441355214,0.04605272565067464,0.042724573734035376,0.039698970371822906,0.03693749412622782,0.03440875986497571,0.032086675825294675,0.02994923639063618,0.02797765853615397,0.02615574715927127,0.024469417740951738,0.022906330123593888,0.021455602628347614,0.020107585463228994,0.01885367869178478,0.01768618423164625,0.016598184221380763,0.015583440088199563,0.014636308055987368,0.013751667853304061,0.012924862122347558,0.012151644583159898,0.011428135417361984,0.010750782652588609,0.0101163285702206,0.009521780343662717,0.008964384262844627,0.008441603015250765,0.00795109558542656,0.00749069941021327,0.007058414483958775,0.0066523891580109185,0.006270907418729904,0.005912377459286411,0.0055753213885344766,0.005258365942119092,0.004960234080656989,0.004679737374010298,0.004415769084997176,0.004167297877442494,0.003933362081957326,0.003713064461812729,0.0035055674280481536,0.003310088658850463,0.0031258970839860914,0.002952309198711915,0.0027886856761213524,0.002634428250448982,0.002488976846221465,0.002351806931226011,0.002222427073480887,0.002100376684191732,0.0019852239309961425,0.0018765638066810947,0.0017740163404124584,0.0016772249398489883,0.0015858548532454164,0.0014995917419271566,0.0014181403542390808,0.0013412232931555475,0.0012685798700116796,0.0011999650377497902,0.0011351483977341224,0.0010739132744232507,0.0010160558528519575,0.0009613843742760468,0.0009097183856371406,0.0008608880390415276,0.0008147334375029555,0.0007711040236528903,0.0007298580084568445,0.0006908618369997552,0.0006539896887905825,0.0006191230101887952,0.0005861500766839028,0.0005549655830744665,0.0005254702595498574,0.0004975705119376044,0.00047117808455418575,0.0004462097440723189,0.000422586983052654,0.0004002357417997645,0.00037908614739998094,0.00035907226875501585,0.0003401318865872043,0.00032220627748222926,0.00030524001102268886,0.0002891807591989372,0.00027397911730410104,0.0002595884355786728,0.0002459646609552675,0.00023306618823209797,0.00022085372009204504,0.00010464506772100632
0.04591258133730414,0.07947262969041113,0.07131928392241993,0.06474754725484821,0.059181345607561164,0.05434587390396395,0.05007868883202371,0.04627207007693601,0.04284922623468135,0.039752610733462146,0.03693749412622782,0.03436812822493829,0.03201531157853643,0.029854767805762905,0.027866022367341037,0.02603159909539754,0.024336429682776328,0.02276740955640011,0.02131305713605741,0.01996324784279635,0.018709003272811442,0.01754232183146548,0.01645604102948095,0.015443724312783513,0.014499567152880477,0.013618318433680165,0.012795214119856013,0.01202592088161919,0.011306487865563042,0.010633305182713243,0.010003067979761249,0.009412745184081667,0.008859552184941721,0.008340926851409497,0.007854508394122967,0.007398118663345693,0.006969745545800737,0.00656752817580411,0.006189743722795238,0.005834795554512648,0.0055012026039361756,0.005187589794187694,0.004892679395932312,0.004615283210131688,0.004354295482195097,0.004108686466901393,0.003877496574220804,0.0036598310340593687,0.003454855026302134,0.0032617892288339667,0.003079905741702506,0.0029085243509347145,0.002747009098907509,0.0025947651323893067,0.0024512358026873016,0.0023158999945357903,0.002188269663229117,0.002067887561563106,0.001954325139821668,0.0018471806042036493,0.001746077119905154,0.0016506611467985918,0.0015606008968894504,0.0014755849034141406,0.0013953206926298756,0.0013195335500187713,0.0012479653736364588,0.0011803736075901225,0.001116530249499436,0.0010562209264071663,0.0009992440338264484,0.0009454099332274236,0.0008945402036403469,0.0008464669433340608,0.0008010321180289409,0.0007580869521550647,0.0007174913600883955,0.0006791134146097808,0.0006428288498539353,0.0006085205963761286,0.0005760783461059571,0.0005453981450772236,0.0005163820121163159,0.0004889375816312328,0.00046297776888499717,0.000438420456299958,0.0004151881993165237,0.00039320795054819703,0.00037241080098611955,0.0003527317371901451,0.00033410941336287515,0.00031648593735377536,0.0002998066697242176,0.00028402003499265055,0.00026907734430295805,0.00025493262877807066,0.00024154248287534298,0.00022886591713945637,0.00021686421972814257,0.00020550082616812432,9.737059842628406e-5
0.04276909587122446,0.07403148561868278,0.06643642167161601,0.06031466464410218,0.05512958795113909,0.05062520417580352,0.04665019354555178,0.04310421205074766,0.03991572668976284,0.03703113147365311,0.03440875986497571,0.03201531157853643,0.029823584766937916,0.02781096539961081,0.025958380949865134,0.02424955194333872,0.022670441883580583,0.02120884353781205,0.019854061528623568,0.018596664556676357,0.01742828901134258,0.016341481202422792,0.01532956908590627,0.01438655684339385,0.013507037403151456,0.012686119210148172,0.0119193644366348,0.011202736467342267,0.010532554972931096,0.009905457240670656,0.009318364705977938,0.008768453837693202,0.008253130690004745,0.007770008562585168,0.00731688830984617,0.006891740919649031,0.0064926920470739224,0.006118008238249359,0.00576608462263048,0.005435433886721561,0.005124676369133455,0.004832531141153076,0.004557807955957685,0.004299399966663189,0.00405627712568539,0.0038274801903092764,0.0036121152693789488,0.0034093488533760985,0.0032184032779344895,0.003038552576709916,0.002869118684635394,0.002709467957571099,0.002559007977516521,0.0024171846164794744,0.00228347933518748,0.002157406694876386,0.0020385120630642337,0.0019263694961358033,0.0018205797831228748,0.0017207686370754663,0.0016265850211830551,0.0015376995984128124,0.001453803294586796,0.00137460596545547,0.001299835159431495,0.0012292349682726487,0.0011625649589420313,0.0010995991801109606,0.0010401252375786887,0.000983943433454891,0.000930865964155491,0.0008807161728364259,0.0008333278522381429,0.0007885445941768626,0.0007462191823838279,0.0007062130254423503,0.0006683956269655667,0.0006326440904482217,0.000598842656246849,0.0005668822684785496,0.0005366601697603963,0.000508079521823121,0.0004810490503059008,0.00045548271200161923,0.00043129938304698433,0.00040842256670360275,0.0003867801193545425,0.00036630399354454016,0.000346929996902284,0.0003285975659547179,0.00031124955380526335,0.0002948320307883858,0.0002792940972907989,0.00026458770791891635,0.0002506675063073376,0.00023749066988102384,0.00022501676393447013,0.00021320760446497371,0.00020202712917810183,0.00019144127615989756,9.07089348802844e-5
0.039882518691002344,0.06903502543386097,0.0619526134205457,0.05624405829825774,0.05140895669182943,0.04720860076212019,0.0435018850809763,0.04019523903316946,0.0372219582179536,0.03453205514132607,0.032086675825294675,0.029854767805762905,0.02781096539961081,0.02593418105343681,0.024206629658743317,0.022613130622349986,0.02114059492313508,0.019777639324388085,0.018514290391266897,0.017341753439029384,0.01625222940041443,0.015238767707097645,0.01429514667427606,0.013415775196245594,0.012595611172504684,0.011830093221005394,0.011115083059676872,0.010446816536512304,0.009821861735677256,0.009237082918470224,0.008689609314069702,0.00817680797012868,0.007696260022509477,0.007245739863416423,0.00682319677982407,0.006426738708165902,0.006054617812109767,0.005705217636308907,0.005377041629477178,0.005068702862407154,0.004778914791629479,0.004506482942059353,0.004250297399651465,0.004009326020990231,0.0037826082782025233,0.0035692496691575176,0.0033684166322598685,0.0031793319120013985,0.0030012703286906653,0.0028335549112553857,0.0026755533567781042,0.0025266747850693494,0.00238636675952672,0.002254112549190841,0.0021294286097913936,0.0020118622634873115,0.0019009895594975443,0.0017964132996077728,0.0016977612139916984,0.0016046842746607684,0.0015168551345679654,0.0014339666818912085,0.001355730700098385,0.0012818766249889334,0.0012121503909385267,0.0011463133591562737,0.0010841413216398227,0.0010254235747346567,0.000969962056958408,0.0009175705462840349,0.0008680739122663254,0.0008213074189320491,0.0007771160746779752,0.0007353540256672137,0.0006958839896475614,0.0006585767271611535,0.000623310547481137,0.0005899708468819868,0.0005584496768696462,0.0005286453403108311,0.0005004620135238471,0.0004738093924972365,0.00044860236165743077,0.0004247606835715359,0.00040220870818133934,0.0003808751003059243,0.0003606925841303779,0.00034159770358774266,0.00032353059755115595,0.00030643478891283476,0.00029025698659129306,0.0002749468996390671,0.00026045706269595386,0.0002467426720226592,0.000233761431457335,0.00022147340765401712,0.0002098408940092028,0.00019882828275174635,0.0001884019446533828,0.0001785301158885688,8.459139580954504e-5
0.03722549113397233,0.0644358942207186,0.057825363653234874,0.05249714936278438,0.04798419028018708,0.04406368386552495,0.040603926667830526,0.037517582764604374,0.03474239232768361,0.03223169857196129,0.02994923639063618,0.027866022367341037,0.025958380949865134,0.024206629658743317,0.02259416841336037,0.021106828106208564,0.01973239183765685,0.018460234833828915,0.017281048185775416,0.016186623193014282,0.015169680433309018,0.014223732446859483,0.013342972091054617,0.012522180786234294,0.01175665237720061,0.011042129396531764,0.010374749285326557,0.009750998686241852,0.009167674341066245,0.00862184943435737,0.008110844463716349,0.00763220189939412,0.007183664035213838,0.006763153544765393,0.006368756343293647,0.005998706424837533,0.005651372400978377,0.005325245510554091,0.005018928907456102,0.0047311280637473,0.004460642148748195,0.004206356265875871,0.003967234445518664,0.0037423133070754316,0.003530696313984172,0.0033315485563715497,0.003144092004673693,0.0029676011839806435,0.0028013992256271866,0.002644854257664704,0.0024973761002953718,0.0023584132366847033,0.002227450032317266,0.0021040041794779737,0.001987624346131575,0.001877888010257324,0.0017743994630212492,0.0016767879658382973,0.0015847060477338429,0.0014978279311629941,0.0014158480751118446,0.0013384798257037658,0.001265454165539047,0.0011965185535496546,0.0011314358481134164,0.001069983306716326,0.0010119516562690223,0.0009571442283898071,0.0009053761546707687,0.0008564736174411121,0.0008102731517196926,0.0007666209945488694,0.0007253724782042854,0.0006863914640046591,0.0006495498138504394,0.0006147268966625024,0.000581809127234054,0.0005506895352619615,0.0005212673623417423,0.0004934476850029425,0.00046714106197631375,0.0004422632039812746,0.00041873466456007237,0.00039648055045227865,0.0003754302501992159,0.0003555171797998734,0.0003366785442212748,0.0003188551137431588,0.00030199101412620426,0.00028603352974186473,0.00027093291876917596,0.0002566422396858654,0.00024311718834913246,0.00023031594495195092,0.00021819903024119548,0.00020672917039927727,0.00019587117003513465,0.00018559179279468378,0.00017585964908421086,0.00016664509046681155,7.896005516779383e-5
0.03477466110269445,0.06019367198490477,0.054018400127351596,0.04904100867205463,0.04482519104569582,0.04116281554358758,0.03793085097232618,0.035047712206220494,0.0324552390311762,0.03010984686334406,0.02797765853615397,0.02603159909539754,0.02424955194333872,0.022613130622349986,0.021106828106208564,0.019717408268860537,0.018433458644535106,0.017245054056043485,0.016143498544989254,0.015121123915725065,0.01417113006045162,0.013287456685315113,0.012464679016729263,0.011697922088934665,0.010982789619053163,0.010315304467315378,0.009691858399047043,0.009109169387406857,0.008564245085766337,0.008054351387543263,0.00757698521460215,0.007129850845467106,0.0067108392247094695,0.006318009799470642,0.005949574509853339,0.0056038836244966805,0.005279413165713537,0.004974753708732599,0.004688600374864266,0.00441974386654552,0.004167062414087194,0.003929514523692695,0.003706132431728848,0.003496016184097922,0.0032983282695521476,0.0031122887458857537,0.002937170806086381,0.002772296737505696,0.0026170342334360733,0.0024707930212532966,0.00233302177544073,0.002203205287858667,0.0020808618701911377,0.0019655409666939974,0.0018568209578824352,0.0017543071374617678,0.0016576298469783979,0.001566442754227633,0.0014804212627223014,0.0013992610411609555,0.0013226766624552626,0.0012504003431835463,0.0011821807752767366,0.0011177820422590724,0.001056982613266217,0.0009995744085709683,0.0009453619311109544,0.0008941614587051755,0.0008458002923040116,0.0008001160560822639,0.0007569560453509119,0.000716176618730335,0.0006776426313105655,0.0006412269057382795,0.0006068097385484132,0.0005742784390979517,0.0005435268987787189,0.0005144551884224708,0.00048696918182854383,0.00046098020361721136,0.00043640469971951285,0.0004131639289044857,0.0003911836739674216,0.0003703939711718835,0.00035072885672137854,0.0003321261291598758,0.00031452712658287113,0.00029787651770612263,0.0002821221058477725,0.00026721464501871725,0.00025310766728545327,0.00023975732068365167,0.00022712221702418135,0.00021516328892449456,0.00020384365549203,0.00019312849610078576,0.00018298493174330943,0.00017338191350055885,0.0001642901176563804,0.0001556818470457239,7.376546913319296e-5
0.03250989399766402,0.05627350786457397,0.05050044824005839,0.0458472440789327,0.0419060082034447,0.038482165830368675,0.03546069956424003,0.03276533843459917,0.03034171056946522,0.028149070322893044,0.02615574715927127,0.024336429682776328,0.022670441883580583,0.02114059492313508,0.01973239183765685,0.018433458644535106,0.01723312623415041,0.01612211590832152,0.015092298120352399,0.014136504141200879,0.013248376785308935,0.01242225049207396,0.011653053825551069,0.010936229345071019,0.010267667113168594,0.00964364903406112,0.009060801887997766,0.008516057415176637,0.008006618167432145,0.007529928115992207,0.007083647212365818,0.006665629258468864,0.006273902563738665,0.005906652964772177,0.005562208858535991,0.005239027960568299,0.0049356855492035945,0.004650863994396071,0.004383343402697318,0.004131993236247605,0.003895764784083447,0.0036736843825234955,0.0034648472958032084,0.0032684121810930278,0.0030835960713764266,0.0029096698191009365,0.002745953951130302,0.0025918148911160746,0.0024466615113199683,0.0023099419803823754,0.002181140877415652,0.002059776546586678,0.0019453986687531788,0.0018375860297032767,0.001735944466897045,0.0016401049781670299,0.0015497219778654071,0.0014644716874043576,0.001384050648320357,0.0013081743475217254,0.0012365759449591666,0.0011690050951811484,0.0011052268551139666,0.0010450206708892303,0.0009881794373825213,0.0009345086246021379,0.0008838254657807763,0.0008359582022030437,0.0007907453804168359,0.0007480351979109092,0.0007076848934966188,0.000669560179068154,0.0006335347096802224,0.0005994895890821458,0.0005673129082010547,0.0005368993141037191,0.0005081496072652895,0.00048097036519409615,0.0004552735904775826,0.0004309763815696314,0.00040800062473991816,0.00038627270569060925,0.00036572323955343534,0.0003462868179517206,0.00032790177198289885,0.0003105099500924323,0.00029405650979368904,0.0002784897223429344,0.00026376078948668526,0.0002498236715287221,0.00023663492593541634,0.0002241535558046388,0.00021234086758284768,0.00020116033740672293,0.00019057748553333222,0.0001805597583363805,0.00017107641738454233,0.00016209843517407587,0.00015359839707334818,0.00014555040909510668,6.896500557521329e-5
0.030413679254439163,0.052645092911830726,0.047244309220486724,0.042891163608109295,0.03920407296689199,0.036001010360472874,0.03317437570452475,0.03065281663802999,0.02838546765542449,0.02633421073956177,0.024469417740951738,0.02276740955640011,0.02120884353781205,0.019777639324388085,0.018460234833828915,0.017245054056043485,0.01612211590832152,0.015082740053091848,0.01411932119660153,0.013225152900570858,0.012394287934597015,0.011621426091082715,0.010901822972666758,0.010231215030334695,0.009605757359381711,0.009021971627471814,0.008476702137776487,0.007967078487059714,0.0074904836195720526,0.0070445263302987005,0.006627017466401847,0.006235949224489612,0.005869477055141972,0.005525903777601704,0.005203665578181957,0.004901319622422018,0.004617533057431816,0.00435107321599186,0.0041007988648265326,0.003865652364077113,0.0036446526241252497,0.0034368887631865824,0.003241514382573918,0.003057742388657095,0.0028848402992858457,0.0027221259812706955,0.0025689637726400705,0.002424760948622172,0.002288964495831415,0.0021610581633156115,0.002040559762752664,0.0019270186936277411,0.0018200136714662876,0.0017191506399916803,0.001624060850273397,0.0015343990913895093,0.001449842059027335,0.0013700868498102148,0.0012948495702470343,0.001223864050630366,0.0011568806547525672,0.0010936651774522375,0.0010339978228249697,0.000977672256383854,0.0009244947252422878,0.0008742832408358096,0.0008268668193678712,0.0007820847753327136,0.0007397860640440453,0.0006998286695045052,0.0006620790340964803,0.0006264115269831397,0.0005927079483558813,0.0005608570668518883,0.000530754187795978,0.0005023007499556954,0.00047540394877795995,0.00044997638428220105,0.0004259357317998782,0.00040320443398890286,0.00038170941264552543,0.00036138179891530547,0.000342156680699297,0.00032397286602472725,0.00030677266130961934,0.0002905016635585756,0.00027510856551168743,0.00026054497291323406,0.0002467652330742599,0.0002337262740249443,0.00022138745352575165,0.00020971041730615588,0.00019865896595523853,0.00018819892988070856,0.00017829805183491908,0.00016892587651911976,0.00016005364681313935,0.00015165420623030647,0.0001437019071837374,0.0001361725247046204,6.452158764436535e-5
