0.0613415547483771,0.1052917257038759,0.09391731864810682,0.08480225613497083,0.07712064789920614,0.07047858005463592,0.06464312410432793,0.059459806685806305,0.05481851842717145,0.05063676849972487,0.04685046966161743,0.04340843684772688,0.04026889398628575,0.0373971459993947,0.034763965503861516,0.03234443815820687,0.030117113583879807,0.02806336641829943,0.02616690584157333,0.0244133925033323,0.022790134751079216,0.021285844488883043,0.019890438599416305,0.01859487569041013,0.017391020588057304,0.01627153087931571,0.015229761166839328,0.014259681691081383,0.013355808712991357,0.012513144599677395,0.011727125978633623,0.010993578648985092,0.010308678185965703,0.009668915373090892,0.009071065750240193,0.008512162688792263,0.007989473505500944,0.007500478203915251,0.007042850498930137,0.006614440833535046,0.006213261138976245,0.005837471126893007,0.005485365931588673,0.005155364946788116,0.004846001720784962,0.0045559147928917465,0.004283839369572148,0.004028599750424175,0.003789102426048227,0.003564329779053091,0.003353334327470467,0.0031552334574252577,0.0029692045971303066,0.0027944807902076166,0.0026303466310961046,0.0024761345287328262,0.0023312212687031583,0.0021950248470887987,0.002067001551754079,0.0019466432697701347,0.0018334750011194459,0.0017270525611829263,0.0016269604562767978,0.0015328099176497821,0.0014442370809709636,0.0013609012993832381,0.0012824835795539023,0.0012086851306936895,0.0011392260176720896,0.0010738439102128128,0.0010122929205896268,0.000954342523060675,0.0008997765488355271,0.0008483922508122285,0.0007999994329703566,0.0007544196394898423,0.000711485399212097,0.0006710395214794915,0.0006329344395131272,0.0005970315979406601,0.0005632008813114004,0.0005313200806306637,0.0005012743953079993,0.00047295596793783985,0.00044626344963114364,0.00042110159382917,0.00039738087655989164,0.0003750171413581145,0.000353931267123595,0.00033404885741009603,0.00031529994963585065,0.00029761874288646885,0.0002809433430910535,0.00026521552437233035,0.00025038050551639407,0.00023638674055024254,0.00022318572249149446,0.00021073179942961671,0.00019898200209992473,0.00018789588220745898,8.871768041224183e-5
0.1052917257038759,0.18074368648727024,0.16122629139088218,0.1455849894869048,0.13240293827901706,0.12100436499819933,0.11098967379635871,0.10209386107814256,0.09412803076743614,0.08695066688216313,0.0804518249834607,0.07454369436344987,0.06915460542090446,0.06422503594891893,0.05970484351181837,0.05555128464070802,0.05172755824735109,0.04820170952191938,0.04494578853831055,0.041935193104343904,0.039148147653121246,0.03656528442936735,0.034169302838672366,0.031944689394706405,0.029877485265279224,0.027955091642290264,0.026166105496746583,0.024500179979803083,0.022947904998311397,0.02150070443508556,0.0201507472101477,0.018890869933059107,0.01771450932147678,0.016615642901161742,0.01558873676642858,0.014628699390891842,0.013730840650865828,0.012890835356038188,0.012104690696616738,0.01136871710788881,0.010679502125426649,0.01003388686824555,0.00942894483798798,0.008861962767143794,0.008330423282848554,0.00783198918541364,0.0073644891672738355,0.006925904818259304,0.006514358783452162,0.006128103955702666,0.005765513598632685,0.005425072308951312,0.00510536773586244,0.004805082985522166,0.004522989646668127,0.0042579413794178456,0.004008868016109252,0.003774770128263147,0.0035547140180505893,0.0033478270977294056,0.003153293622983805,0.002970350750152416,0.00279828489035637,0.0026364283355002557,0.0024841561338967144,0.0023408831950579925,0.002206061605525375,0.002079178138531021,0.0019597519422728388,0.0018473323930506824,0.0017414971002602045,0.0016418500516438977,0.0015480198881533715,0.0014596582985357959,0.0013764385248715184,0.0012980539706039414,0.0012242169035410408,0.0011546572470283525,0.0010891214527042961,0.001027371449025035,0.0009691836601320898,0.0009143480899703772,0.000862667467186471,0.0008139564463775957,0.0007680408617766771,0.0007247570298239709,0.000683951097125185,0.0006454784307439957,0.0006092030478672683,0.0005749970822574134,0.0005427402849010401,0.0005123195565734616,0.00048362851022693866,0.0004565670611444417,0.0004310410430496195,0.0004069618484364122,0.00038424609151256357,0.0003628152923144416,0.0003425955805534354,0.0003235174179189466,0.00015275766883870306
0.09391731864810682,0.16122629139088218,0.143821558039952,0.12987288127344865,0.11811698247596913,0.10795133205698404,0.09901964472245939,0.09108563959888305,0.08398089419404875,0.0775792305510532,0.07178262011120262,0.06651276884199642,0.06170577415258771,0.05730856406991114,0.053276429612847176,0.04957125870325718,0.04616023747526665,0.04301487299472129,0.04011024307725175,0.03742441037956579,0.03493795778504716,0.03263361499527773,0.030495954811158632,0.028511143442669473,0.026666733257217357,0.02495148925121643,0.02335524261248284,0.021868766256522953,0.02048366834996712,0.019192300674011453,0.017987679328099138,0.016863415767875534,0.01581365655040068,0.014833030462834629,0.013916601945967999,0.0130598299119849,0.012258531209640045,0.011508848107957464,0.010807219271712437,0.010150353783756783,0.009535207833697878,0.008958963749569698,0.0084190110943963,0.007912929589613205,0.00743847365720493,0.0069935584014951535,0.006576246875179881,0.006184738492222244,0.005817358468372599,0.0054725481841795265,0.005148856377615543,0.004844931085032922,0.004559512257143558,0.004291424985795864,0.004039573284597434,0.0038029343716710073,0.003580553408961268,0.003371538657152548,0.003175057009092222,0.0029903298691475247,0.0028166293481223237,0.002653274746974174,0.002499629305269764,0.0023550971920648714,0.0022191207193719975,0.0020911777599763592,0.0019707793534371604,0.0018574674849334213,0.001750813023384347,0.0016504138065839627,0.0015558928617551149,0.001466896751179711,0.001383094033413055,0.0013041738312665162,0.0012298444987362718,0.0011598323793356353,0.0010938806491249432,0.001031748238375884,0.0009732088259946405,0.0009180499015206435,0.0008660718898620898,0.0008170873342270395,0.000770920133264354,0.0007274048284643588,0.0006863859383282357,0.0006477173361413204,0.0006112616682287485,0.0005768898099718159,0.0005444803569439015,0.0005139191488601549,0.00048509882403044956,0.00045791840228181883,0.00043228289448469723,0.00040810293684728424,0.0003852944483644736,0.00036377830987247006,0.0003434800632771259,0.000324329629669288,0.00030626104504307035,0.0002892122124798875,0.00013656233488158233
0.08480225613497083,0.1455849894869048,0.12987288127344865,0.11728034713168745,0.10666712283372748,0.09748935122602309,0.0894254414612925,0.08226212134574418,0.07584736900882127,0.07006729323399341,0.06483341087353356,0.06007505141389924,0.055734534210753583,0.05176395443326265,0.04812295575233094,0.044777136249878,0.04169687621013518,0.03885645602087884,0.036233379056977766,0.03380784283883165,0.03156231967213807,0.029481219610715814,0.027550616321431964,0.025758021715442614,0.02409219888444708,0.022543005475397393,0.021101261517196268,0.01975863708083564,0.018507556174525264,0.01734111403321037,0.016253005546194077,0.015237463012292896,0.014289201753995728,0.013403372395789204,0.01257551882407365,0.011801541015787648,0.011077662061680787,0.010400398816606204,0.009766535701413143,0.00917310125484852,0.008617347092047783,0.0080967289777579,0.007608889763289689,0.007151643972357624,0.006722963847944574,0.006320966698575237,0.0059439034037330335,0.005590147954422961,0.0052581879212639515,0.004946615755219805,0.004654120837141992,0.0043794822027605484,0.004121561876959903,0.0038792987593692235,0.0036517030098673076,0.003437850887326316,0.0032368800004544673,0.003047984933785039,0.0028704132153231435,0.0027034615964503517,0.0025464726166732343,0.0023988314290624146,0.002259962864665427,0.002129328715751888,0.0020064252199873053,0.0018907807290720544,0.0017819535472575754,0.0016795299258923202,0.0015831222017493318,0.001492367068069378,0.001406923967853295,0.0013264736000680316,0.0012507165301981378,0.001179371897185165,0.0011121762096947055,0.00104888222490215,0.0009892579037442603,0.0009330854371636284,0.0008801603380418736,0.0008302905941431349,0.0007832958776995639,0.0007390068075396501,0.0006972642601614249,0.0006579187261844949,0.0006208297090296404,0.0005858651629689765,0.0005529009677286076,0.0005218204371868363,0.0004925138597835516,0.0004648780685592834,0.0004388160387378687,0.0004142365110166978,0.0003910536388802644,0.00036918665827962664,0.0003485595782210492,0.0003291008908654497,0.0003107432998457355,0.00029342346564043,0.00027708176684407195,0.000261662076307719,0.00012355577560752094
0.07712064789920614,0.13240293827901706,0.11811698247596913,0.10666712283372748,0.09701672982268739,0.08867137548075088,0.0813386976080952,0.07482480787458301,0.06899150126612397,0.06373523766166822,0.05897557556729516,0.054648267022981756,0.050700873183908035,0.047089842400916515,0.04377848536174911,0.04073552590014007,0.037934035341547045,0.03535063058979038,0.032964858564100696,0.030758715433250483,0.02871626537919758,0.0268233342004508,0.02506726009945448,0.023436688803087746,0.021921403505892445,0.02051218248453701,0.019200678941234617,0.017979318877408834,0.016841213726284054,0.015780085162033275,0.014790200034319856,0.013866313782269213,0.013003620992852738,0.01219771201748121,0.011444534753567576,0.010740360852088154,0.010081755738370501,0.009465551930094601,0.008888825220315227,0.008348873360435383,0.007843196930936991,0.007369482134553851,0.006925585283708929,0.006509518786912555,0.006119438463342619,0.005753632038688103,0.005410508694748281,0.005088589560065415,0.004786499043762188,0.004502956926322493,0.004236771131113107,0.003986831109953792,0.0037521017825899866,0.0035316179773697,0.0033244793263991768,0.003129845572746287,0.002946932252292596,0.002775006716642589,0.0026133844666457254,0.0024614257698061526,0.0023185325366575776,0.0021841454341468003,0.0020577412162835415,0.0019388302537465055,0.0018269542461694308,0.0017216841021405332,0.0016226179736537338,0.0015293794324225778,0.001441615776922204,0.0013589964600992377,0.0012812116282345104,0.0012079707624711514,0.0011390014152189848,0.00107404803420022,0.0010128708677182366,0.0009552449449587476,0.0009009591258203921,0.0008498152152992405,0.000801627137604656,0.000756220165752974,0.0007134302026676267,0.0006731031100584532,0.0006350940818093918,0.000599267058631902,0.000565494181119057,0.0005336552786027599,0.0005036373912516746,0.0004753343231760094,0.0004486462243710361,0.00042347919960689095,0.00039974494236771387,0.00037736039217070496,0.0003562474137336633,0.00033633249648387566,0.00031754647308374073,0.0002998242557016289,0.000283104588852166,0.00026732981774978126,0.0002524456711210602,0.00023840105754221758,0.0001125739372260055
0.07047858005463592,0.12100436499819933,0.10795133205698404,0.09748935122602309,0.08867137548075088,0.08104570378178355,0.07434523933317805,0.06839284931955336,0.06306227209835713,0.058258915109367315,0.05390928813811113,0.049954694956756085,0.046347227813056,0.04304709803349838,0.04002078616462046,0.03723971803299575,0.034679291196005435,0.0323181423401242,0.03013758492420404,0.028121169969673954,0.02625433777794184,0.024524138018983677,0.022919002061286387,0.021428555802900817,0.020043464315182002,0.018755301765824628,0.017556441649299093,0.016439963488893095,0.015399573021798563,0.014429533508089398,0.013524606289732122,0.012679999095949412,0.011891320875322742,0.01115454216233322,0.010465960162320098,0.009822167879771526,0.009220026730156317,0.008656642163891254,0.008129341907622711,0.007635656489315329,0.007173301761947609,0.006740163183439535,0.006334281644364087,0.005953840665027396,0.005597154805905086,0.005262659157219768,0.004948899791179379,0.004654525073899934,0.004378277747644266,0.004118987704574542,0.0038755653824047998,0.0036469957210295695,0.003432332625182083,0.003230693884981442,0.0030412565116837292,0.0028632524498743706,0.0026959646319372546,0.002538723344112981,0.0023909028763343804,0.002251918431425158,0.0021212232708935005,0.00199830607726232,0.0018826885149012401,0.0017739229726322844,0.0016715904732406348,0.0015752987362170692,0.0014846803816174897,0.0013993912635377262,0.0013191089230318274,0.0012435311512830338,0.001172374654334507,0.0011053738116259156,0.001042279521219637,0.000982858125106817,0.0009268904087296678,0.0008741706690637806,0.0008245058462331076,0.0007777147141117824,0.0007336271255067479,0.0006920833080348854,0.0006529332070663498,0.0006160358723285696,0.0005812588851825846,0.0005484778236089435,0.0005175757622853626,0.0004884428053829812,0.0004609756497397279,0.0004350771763698899,0.00041065606832866794,0.00038762645320277334,0.0003659075684935226,0.0003454234483671265,0.0003261026303728737,0.00030787788075193213,0.0002906859371264786,0.0002744672674072123,0.00025916584384482085,0.0002447289312603662,0.00023110688849086077,0.00021825298219692833,0.00010306160612802559
0.06464312410432793,0.11098967379635871,0.09901964472245939,0.0894254414612925,0.0813386976080952,0.07434523933317805,0.06820016050718802,0.06274104472155173,0.05785212023034858,0.05344665315224528,0.04945725862345507,0.045830116551023425,0.042521298896212034,0.03949432206774628,0.03671845076495717,0.0341674840448386,0.031818862667904124,0.02965299737216942,0.02765275324681582,0.025803047020488523,0.02409052772146264,0.02250332002773414,0.021030815517388113,0.019663501054476062,0.018392816343909046,0.017211034664848468,0.016111162223834574,0.015086852610599277,0.014132333616350634,0.01324234425141635,0.012412080244116441,0.01163714664214685,0.01091351639821972,0.010237494030127692,0.009605683607036758,0.009014960443026354,0.00846244598461865,0.007945485460070706,0.0074616279284260845,0.007008608422543333,0.0065843319246061405,0.006186858951888863,0.005814392561655654,0.0054652666116127985,0.005137935132867519,0.004830962692337945,0.004543015637816533,0.004272854131271472,0.004019324888447098,0.0037813545525119258,0.0035579436379283846,0.003348160988684762,0.003151138700510994,0.0029660674629388636,0.002792192282071608,0.0026288085485212456,0.0024752584191895313,0.002330927484756419,0.0021952416973750125,0.0020676645361893536,0.001947694389798492,0.0018348621372760582,0.0017287289112093707,0.0016288840274203825,0.0015349430677353386,0.0014465461032661733,0.0013633560470957644,0.001285057125821023,0.0012113534606269273,0.0011419677494646473,0.0010766400423629849,0.0010151266027631292,0.0009571988483519332,0.0009026423653327557,0.0008512559907574505,0.0008028509577329215,0.0007572500988922894,0.0007142871039626259,0.0006738058273887525,0.0006356596424495833,0.0005997108385400133,0.000565830058495231,0.000533895773217552,0.0005037937908885272,0.000475416798365956,0.00044866393258954224,0.00042344037984795926,0.00039965700103570916,0.0003772299810829516,0.0003560805009727398,0.00033613443075589805,0.00031732204216469023,0.0002995777395420722,0.0002828398078233872,0.00026705017646056015,0.00025215419822315326,0.00023810044189090992,0.00022484049795271684,0.00021232879642812778,0.00020052243602896626,9.469051197446014e-5
0.059459806685806305,0.10209386107814256,0.09108563959888305,0.08226212134574418,0.07482480787458301,0.06839284931955336,0.06274104472155173,0.0577200457445759,0.05322339560731626,0.04917133889725023,0.045501912284308554,0.04216562568205606,0.03912208504948367,0.036337741731421125,0.0337843327869074,0.031437764740881446,0.029277292763500107,0.027284903000584948,0.025444838442883255,0.023743228623851254,0.02216779598028218,0.020707619858013115,0.019352944563109986,0.018095021559990154,0.01692597849104227,0.01583870950929106,0.014826782732201726,0.01388436158261186,0.013006137497095616,0.012187272012739836,0.011423346652475297,0.010710319341212388,0.010044486324528173,0.00942244875330664,0.008841083246354214,0.008297515861838023,0.007789099005599265,0.007313390878910947,0.006868137132815866,0.006451254447878807,0.006060815798908742,0.005695037200314737,0.0053522657563599,0.00503096886590336,0.004729724450099226,0.004447212089903882,0.004182204975193948,0.003933562578679106,0.0037002239792687103,0.003481201768458189,0.0032755764810468713,0.0030824914988266047,0.0029011483809174565,0.002730802580165538,0.0025707595096184574,0.002420370926397998,0.0022790316041679665,0.0021461762683258404,0.0020212767704704537,0.0019038394815637308,0.001793402884590664,0.0016895353498065577,0.0015918330773674605,0.0014999181932399373,0.001413436985854541,0.0013320582719748598,0.001255471881568642,0.0011833872519830986,0.0011155321228481854,0.0010516513239593808,0.0009915056488100302,0.000934870807235668,0.0008815364511701555,0.0008313052679404277,0.0007839921361558252,0.0007394233394225781,0.0006974358336441951,0.0006578765640750522,0.0006206018284113969,0.0005854766826429506,0.0005523743866053966,0.0005211758863618732,0.0004917693308937217,0.00046404962060169787,0.00043791798541004297,0.0004132815904722732,0.00039005316750378126,0.0003681506700201221,0.00034749695081002976,0.00032801946018507465,0.0003096499635437634,0.0002923242769636387,0.0002759820196412211,0.0002605663820180251,0.0002460239085718468,0.00023230429429322696,0.00021936019394076887,0.00020714704326133936,0.00019562289136215586,0.00018474824351506812,8.724295686905813e-5
0.05481851842717145,0.09412803076743614,0.08398089419404875,0.07584736900882127,0.06899150126612397,0.06306227209835713,0.05785212023034858,0.05322339560731626,0.04907798002546826,0.04534236507199885,0.04195944068663304,0.03888359294638277,0.03607759140884004,0.03351051475495348,0.03115631329542856,0.0289927801669706,0.027000794814770024,0.025163753712567738,0.023467133377376548,0.0218981490790765,0.02044548420714465,0.019099072766462222,0.01784992246792355,0.016689969290709317,0.015611956764650436,0.014609334895753112,0.01367617487138556,0.01280709656447021,0.011997206514401448,0.0112420445514958,0.010537537608903053,0.009879959553557638,0.009265896088484465,0.008692213955413225,0.008156033803634166,0.007654706200538708,0.007185790348883975,0.006747035144492319,0.006336362267608059,0.005951851048780557,0.005591724887672317,0.0052543390364704345,0.004938169585938734,0.004641803515489248,0.0043639296860498306,0.004103330671449051,0.003858875337815551,0.0036295120909824174,0.0034142627224589273,0.0032122167927437772,0.0030225264978908997,0.0028444019719932115,0.0026771069828911004,0.002519954983701389,0.0023723054870032623,0.0022335607315617165,0.0021031626150438687,0.0019805898688842055,0.0018653554536889674,0.001757004156210426,0.0016551103701995667,0.0015592760455512972,0.0014691287917298103,0.0013843201224750731,0.001304523830237117,0.0012294344797133018,0.0011587660110751012,0.0010922504439464797,0.0010296366742291278,0.0009706893566334418,0.0009151878661591908,0.0008629253325004235,0.0008137077418443397,0.0007673531009273083,0.0007236906587913313,0.0006825601818447966,0.0006438112783201649,0.0006073027685961213,0.000572902097959108,0.0005404847887839695,0.0005099339293135191,0.0004811396963897534,0.0004539989098143807,0.00042841461603516234,0.0004042956991232669,0.0003815565171971158,0.00036011656247217187,0.00033990014335025156,0.0003208360870080281,0.00030285746114070127,0.0002859013135129455,0.0002699084281312268,0.00025482309694965007,0.0002405929060383602,0.00022716853527343303,0.00021450357064480528,0.00020255432834667426,0.00019127968990008707,0.0001806409475581072,0.00017060165933017492,8.056375651092668e-5
0.05063676849972487,0.08695066688216313,0.0775792305510532,0.07006729323399341,0.06373523766166822,0.058258915109367315,0.05344665315224528,0.04917133889725023,0.04534236507199885,0.04189185022441044,0.03876705586727924,0.035925859534035265,0.0333338804056571,0.030962563756054884,0.028787853508897676,0.02678924219833667,0.024949072371557912,0.02325201089494755,0.02168464542685944,0.020235169258986052,0.01889313140530413,0.017649235752392356,0.01649517769641201,0.015423509842060534,0.014427530528818566,0.013501190496254312,0.01263901412068491,0.011836032470753821,0.011087726037451423,0.010389975445753208,0.009739018803293281,0.009131414607126437,0.008564009333458189,0.008033908998344219,0.007538454103846959,0.007075197485265028,0.006641884657785341,0.006236436324321304,0.0058569327612545685,0.005501599842796523,0.005168796499340975,0.004857003435909821,0.004564812961135298,0.004290919798774412,0.004034112769818757,0.003793267248906926,0.003567338311470783,0.003355354497733068,0.0031564121294393455,0.002969670122786809,0.002794345247605079,0.0026297077890802475,0.002475077572598572,0.0023298203171711607,0.002193344286816404,0.0020650972120875924,0.0019445634572340872,0.0018312614109790015,0.0017247410809577424,0.0016245818743021584,0.001530390548032813,0.001441799314867525,0.001358464091506948,0.0012800628773933266,0.0012062942532742038,0.0011368759897592388,0.0010715437571781339,0.0010100499284854125,0.0009521624679128364,0.0008976638987749988,0.0008463503441891972,0.0007980306351451465,0.0007525254808179414,0.0007096666963801648,0.0006692964841054656,0.0006312667637037063,0.0005954385482792677,0.0005616813626504406,0.0005298727008667715,0.0004998975201350973,0.00047164776854986996,0.00044502194418291965,0.0004199246833879802,0.0003962663761925278,0.0003739628068977815,0.0003529348181833727,0.0003331079970352608,0.00031441238103179035,0.000296782183565201,0.00028015553675741003,0.00026447425082504455,0.000249683588798455,0.0002357320555900714,0.00022257120042278727,0.0002101554317493117,0.0001984418438279443,0.00018739005418305687,0.00017696205125728153,0.0001671220515630104,0.000157836365720435,7.453663641223416e-5
0.04685046966161743,0.0804518249834607,0.07178262011120262,0.06483341087353356,0.05897557556729516,0.05390928813811113,0.04945725862345507,0.045501912284308554,0.04195944068663304,0.03876705586727924,0.03587597646724494,0.0332472404794083,0.03084904656725873,0.02865498225644636,0.02664279610768916,0.02479351897383769,0.023090817830627275,0.021520509536108123,0.02007018758890755,0.018728930623466422,0.017487071256213182,0.01633601031109827,0.015268065718373358,0.014276348294144592,0.013354658633907557,0.012497400783664486,0.011699509388677642,0.010956387773990023,0.01026385497319171,0.009618100139658664,0.00901564309660341,0.008453300027976313,0.007928153500783797,0.007437526160270214,0.006978957556402404,0.006550183653635661,0.006149118652461136,0.0057738388098911575,0.005422567996866384,0.005093664771265757,0.004785610777253396,0.004497000310120305,0.0042265309082931135,0.003972994854116799,0.003735271479878538,0.0035123201900095213,0.003303174122172056,0.0031069343788958856,0.002922764770461002,0.0027498870167351336,0.0025875763617706424,0.002435157560734709,0.002292001202708477,0.002157520337410415,0.0020311673775196062,0.0019124312508750421,0.0018008347798791624,0.0016959322677419023,0.0015973072731078342,0.0015045705568659147,0.0014173581860311667,0.0013353297813863442,0.0012581668969161713,0.0011855715199312264,0.001117264682013678,0.0010529851717098818,0.0009924883409301033,0.0009355449974204066,0.0008819403765554408,0.0008314731863524501,0.0007839547199358105,0.0007392080303050639,0.0006970671626830346,0.0006573764400557899,0.0006199897980125532,0.0005847701651299688,0.000551588885563066,0.0005203251808255666,0.0004908656478334692,0.00046310379063187537,0.00043693958339593476,0.00041227906244426307,0.00038903394528107347,0.00036712127469889534,0.00034646308620363796,0.0003269860971861632,0.00030862141628494426,0.0002913042715844494,0.00027497375633316664,0.00025957259103307883,0.0002450469007488007,0.00023134600662312512,0.00021842223066960952,0.00020623071292692318,0.00019472924017099576,0.00018387808541286835,0.00017363985746829185,0.0001639793599579691,0.00015486345909782604,0.00014626095971237993,6.907124447765598e-5
0.04340843684772688,0.07454369436344987,0.06651276884199642,0.06007505141389924,0.054648267022981756,0.049954694956756085,0.045830116551023425,0.04216562568205606,0.03888359294638277,0.035925859534035265,0.0332472404794083,0.03081164613290699,0.028589619507576547,0.026556695111694006,0.024692261655724912,0.022978748105478286,0.021401025160959486,0.019945954871872396,0.018602044920005445,0.017359178611582482,0.01620840077035629,0.015141745663760753,0.014152097045407652,0.013233073096041437,0.012378930921382203,0.011584486590222182,0.01084504765616745,0.010156355804894462,0.009514537789675453,0.008916063204867819,0.008357707945425619,0.007836522428073256,0.007349803824403839,0.006895071695921684,0.006470046529412243,0.006072630757661082,0.005700891921429002,0.005353047682911005,0.005027452447993366,0.004722585392316014,0.0044370397158342845,0.0041695129769054595,0.003918798377774799,0.00368377689180438,0.003463410136547884,0.0032567339101802206,0.003062852319690841,0.0028809324375467724,0.0027101994318973477,0.002549932121887248,0.0023994589152900037,0.0022581540910193085,0.0021254343927431738,0.0020007559040130865,0.0018836111786742216,0.0017735266027292945,0.0016700599666579358,0.0015727982293295556,0.00148135545641373,0.001395370918283373,0.0013145073334136469,0.0012384492449474711,0.0011669015193423518,0.0010995879568147793,0.0010362500044420915,0.000976645563515982,0.0009205478837010367,0.0008677445369261495,0.0008180364647553395,0.0007712370935883256,0.000727171512345184,0.0006856757078679311,0.0006465958536635476,0.0006097876479237065,0.0005751156972163361,0.0005424529423699968,0.0005116801234594862,0.0004826852810976938,0.0004553632913231499,0.00042961543169343225,0.00040534897635265653,0.0003824768179781137,0.00036091711476835594,0.0003405929606495762,0.0003214320770899941,0.0003033665250625423,0.0002863324357148516,0.00027026975849103567,0.00025512202548598484,0.00024083613096858268,0.00022736212500674893,0.00021465302025562658,0.00020266461104797174,0.00019135530393875723,0.00018068595895918667,0.0001706197408648069,0.00016112197971626576,0.00015216004019878195,0.00014370319908677117,0.0001357225303283919,6.40953986360323e-5
0.04026889398628575,0.06915460542090446,0.06170577415258771,0.055734534210753583,0.050700873183908035,0.046347227813056,0.042521298896212034,0.03912208504948367,0.03607759140884004,0.0333338804056571,0.03084904656725873,0.028589619507576547,0.026528280027277362,0.02464233807480487,0.02291267800900576,0.021323003738051627,0.019859283647187254,0.018509332910257748,0.01726249287042847,0.016109380635002113,0.015041690512974326,0.014052034434257898,0.01313381215369902,0.012281104545942778,0.011488585037334437,0.010751445449797892,0.010065333421980793,0.00942629922072663,0.008830750239011587,0.008275411835332425,0.007757293446240016,0.007273659114769931,0.0068220017394700905,0.006400020478333712,0.00600560084244528,0.0056367970944931345,0.005291816633042068,0.0049690060938371305,0.004666838943074916,0.004383904372537717,0.004118897334015409,0.0038706095748588243,0.003637921555845483,0.0034197951496644646,0.003215267031088917,0.0030234426823352242,0.0028434909472185854,0.0026746390754075686,0.002516168205838644,0.0023674092443758746,0.002227739096035082,0.002096577217049582,0.0019733824554554746,0.0018576501527576075,0.0017489094823476548,0.0016467210025774837,0.0015506744050145793,0.001460386440387311,0.0013754990063658372,0.0012956773832633293,0.0012206086046771258,0.0011499999516356336,0.0010835775599710856,0.0010210851313807272,0.0009622827397001293,0.0009069457245930342,0.0008548636657518087,0.0008058394310497055,0.0007596882928453483,0.0007162371071999778,0.0006753235510497772,0.0006367954129120647,0.000600509933067369,0.0005663331894477115,0.0005341395258877703,0.000503811019512277,0.0004752369843923684,0.0004483135088787331,0.00042294302409757664,0.0003990339013928458,0.00037650007664495264,0.00035526069952274315,0.0003352398059645479,0.00031636601219712547,0.0002985722287990114,0.00028179539345445353,0.0002659762210612841,0.00025105897002827057,0.00023699122363099196,0.00022372368543974348,0.00021120998782965614,0.00019940651270235806,0.0001882722236206092,0.00017776850856933337,0.00016785903265216506,0.0001585096000600167,0.00014968802469807023,0.00014136400892029739,0.00013350902982087794,0.00012609623259531152,5.9550165263926036e-5
0.0373971459993947,0.06422503594891893,0.05730856406991114,0.05176395443326265,0.047089842400916515,0.04304709803349838,0.03949432206774628,0.036337741731421125,0.03351051475495348,0.030962563756054884,0.02865498225644636,0.026556695111694006,0.02464233807480487,0.022890844695619417,0.021284467077253122,0.019808075046441498,0.01844864081337999,0.017194851182252002,0.01603680988317102,0.01496580509247658,0.0139741250849022,0.013054910077054616,0.012202031723590384,0.01140999405127291,0.010673851231682213,0.009989138734154773,0.00935181522715478,0.008758213197686215,0.008204996706854234,0.007689125032847521,0.0072078212095146865,0.006758544664658639,0.006338967312526672,0.005946952575306391,0.005580536901740055,0.005237913425567273,0.004917417467537627,0.0046175136315052545,0.0043367842856584515,0.004073919252392255,0.003827706555890001,0.0035970240991522323,0.003380832160161079,0.0031781666127712743,0.002988132789762926,0.0028098999170356395,0.002642696057307166,0.0024858035088228952,0.0023385546117861353,0.0022003279208097637,0.002070544706551408,0.0019486657542955726,0.001834188430403734,0.00172664399115878,0.0016255951114175493,0.0015306336125569704,0.0014413783716349868,0.0013574733955270535,0.0012785860453186325,0.0012044053980357107,0.0011346407336615856,0.0010690201368247672,0.0010072892036142866,0.0009492098446675368,0.0008945591766613692,0.000843128494968818,0.0007947223210700502,0.0007491575186280523,0.000706262472844622,0.000665876328232352,0.0006278482801995583,0.0005920369163434393,0.0005583096036838146,0.0005265419183375312,0.0004966171145294254,0.00046842562994401683,0.00044186462475570044,0.00041683755193087403,0.00039325375646765987,0.0003710281015152769,0.0003500806194512516,0.00033033618611226154,0.00031172421659619344,0.0002941783810652063,0.00027763633916297846,0.0002620394917892156,0.000247332748990187,0.0002334643128841041,0.00022038547457116538,0.0002080504241123004,0.00019641607265745388,0.00018544188591494964,0.0001750897282204217,0.00016532371647488787,0.00015611008331040946,0.00014741704886722705,0.0001392147006125783,0.00013147488068962314,0.00012417108028514416,0.00011727834056356233,5.53865798777909e-5
0.034763965503861516,0.05970484351181837,0.053276429612847176,0.04812295575233094,0.04377848536174911,0.04002078616462046,0.03671845076495717,0.0337843327869074,0.03115631329542856,0.028787853508897676,0.02664279610768916,0.024692261655724912,0.02291267800900576,0.021284467077253122,0.019791134784324926,0.018418619768207134,0.0171548144624748,0.015989204714591143,0.014912593156696297,0.013916883157740922,0.012994907505808229,0.012140290723887476,0.011347337083899706,0.010610938543370918,0.00992649833056275,0.009289866964060756,0.008697288261025393,0.008145353447222226,0.007630961898743793,0.007151287354961011,0.006703748680979976,0.006285984439988027,0.005895830675596236,0.005531301416113632,0.0051905714993979585,0.004871961386250456,0.004573923687040446,0.0042950311697108196,0.004033966054988819,0.0037895104347892977,0.003560537673547956,0.0033460046732906867,0.003144944899928108,0.002956462083040942,0.0027797245124302067,0.002613959865432461,0.002458450507722948,0.0023125292169655573,0.002175575285363378,0.0020470109623595065,0.0019262982032547393,0.0018129356937852947,0.001706456123637734,0.0016064236852285224,0.0015124317767593598,0.0014241008904839966,0.0013410766693863312,0.0012630281171784573,0.0011896459479400975,0.0011206410633944966,0.0010557431466213796,0.0009946993623419081,0.0009372731549069022,0.0008832431357592915,0.0008324020530578041,0.0007845558367357269,0.0007395227130367801,0.000697132382868693,0.0006572252589706964,0.0006196517573744606,0.0005842716388805829,0.0005509533967359426,0.0005195736870105584,0.0004900167984211931,0.0004621741587169659,0.000435943874842748,0.0004112303044060562,0.0003879436562109701,0.0003659996176895233,0.00034531900731793897,0.00032582745023161403,0.0003074550753619709,0.000290136232624574,0.00027380922869900664,0.0002584160801116621,0.0002439022824531848,0.00023021659457693813,0.00021731083677359927,0.0002051397019457446,0.00019366057893117168,0.00018283338712052994,0.00017262042161786135,0.0001629862082548508,0.00015389736777981057,0.00014532248862511848,0.00013723200768041158,0.00012959809854188415,0.00012239456676222445,0.0001155967516258175,0.00010918143402869479,5.156337504025267e-5
0.03234443815820687,0.05555128464070802,0.04957125870325718,0.044777136249878,0.04073552590014007,0.03723971803299575,0.0341674840448386,0.031437764740881446,0.0289927801669706,0.02678924219833667,0.02479351897383769,0.022978748105478286,0.021323003738051627,0.019808075046441498,0.018418619768207134,0.017141558402412882,0.015965628748590255,0.014881050702214682,0.013879268952046775,0.012952752026732628,0.012094832946750539,0.011299581160115979,0.010561698380963852,0.009876432958863979,0.009239508803271262,0.00864706587363856,0.008095609960266453,0.007581970000827942,0.007103261565193503,0.006656855429167663,0.006240350379817183,0.005851549564451483,0.005488439825278066,0.005149173565773907,0.004832052775461823,0.004535514904262142,0.004258120330345241,0.003998541205837522,0.0037555514997759526,0.003528018085760601,0.003314892743845277,0.0031152049658027953,0.002928055468418851,0.002752610333212148,0.0025880957012172495,0.0024337929614433595,0.0022890343797358353,0.0021531991209383233,0.0020257096234814476,0.0019060282903559725,0.0017936544646299582,0.0016881216616471614,0.0015889950327722183,0.0014958690386649015,0.0014083653125616484,0.0013261306958324698,0.0012488354301871292,0.0011761714924942296,0.0011078510594903362,0.0010436050912136126,0.0009831820227447115,0.0009263465550796331,0.0008728785368854637,0.0008225719294849242,0.0007752338482676906,0.0007306836742723335,0.000688752230397268,0.0006492810169764583,0.0006121215020657537,0.0005771344622352674,0.0005441893698885161,0.0005131638235601945,0.00048394301793572465,0.0004564192505669227,0.0004304914626006382,0.00040606481093031707,0.00038305026946912433,0.00036136425746424554,0.0003409282928342359,0.00032166866875028323,0.0003035161518000016,0.0002864057001738243,0.00027027620050606646,0.00025507022201298225,0.00024073378672883044,0.00022721615475326112,0.00021446962343681618,0.00020244933956974076,0.00019111312366603067,0.00018042130555086158,0.000170336570456489,0.0001608238149276098,0.00015185001189507372,0.00014338408428623411,0.00013539678661724603,0.00012786059403449828,0.00012074959831244285,0.00011403941036547014,0.00010770706883159089,0.00010173095433663008,4.804535454147477e-5
0.030117113583879807,0.05172755824735109,0.04616023747526665,0.04169687621013518,0.037934035341547045,0.034679291196005435,0.031818862667904124,0.029277292763500107,0.027000794814770024,0.024949072371557912,0.023090817830627275,0.021401025160959486,0.019859283647187254,0.01844864081337999,0.0171548144624748,0.015965628748590255,0.014870599507527116,0.013860622223205665,0.01292773251151047,0.012064919058518059,0.011265975288220181,0.010525380151545638,0.009838201165945804,0.009200014704718623,0.008606839835270247,0.008055082923478007,0.007541490886485064,0.0070631114601810985,0.006617259208521187,0.006201486269910184,0.005813557042601003,0.005451426168726986,0.0051132192975684165,0.004797216205478044,0.004501835924967196,0.004225623595473876,0.003967238797446385,0.003725445169004457,0.00349910113706213,0.003287151620910575,0.003088620586822126,0.0029026043504788573,0.0027282655384725935,0.0025648276329181124,0.002411570032750464,0.002267823574565106,0.00213296646341226,0.00200642056970058,0.0018876480541628396,0.0017761482873344461,0.00167145503390604,0.0015731338760146436,0.001480779852077091,0.0013940152906704653,0.0013124878212883023,0.0012358685454665064,0.0011638503537336198,0.0010961463753198265,0.0010324885487814073,0.0009726263031474905,0.0009163253398919297,0.0008633665071894163,0.0008135447587773667,0.0007666681902983689,0.0007225571467916764,0.0006810433955098932,0.0006419693589024885,0.0006051874028656541,0.0005705591759261313,0.0005379549954449732,0.0005072532771370954,0.0004783400046035006,0.0004511082358445804,0.0004254576439376625,0.000401294089381294,0.0003785292216949756,0.0003570801081319635,0.00033686888756859126,0.00031782244769121455,0.000299872123824616,0.0002829534178551852,0.00026700573579660925,0.00025197214272470927,0.00023779913381733082,0.0002244364203831421,0.0002118367298676897,0.00019995561883748465,0.00018875129807189922,0.00017818446891740844,0.00016821817016697766,0.0001588176347245198,0.0001499501554036095,0.00014158495926357628,0.00013369308989482796,0.00012624729713694906,0.00011922193373349946,0.00011259285846474364,0.00010633734534645257,0.00010043399848300985,9.486267221048392e-5,4.480219809911939e-5
0.02806336641829943,0.04820170952191938,0.04301487299472129,0.03885645602087884,0.03535063058979038,0.0323181423401242,0.02965299737216942,0.027284903000584948,0.025163753712567738,0.02325201089494755,0.021520509536108123,0.019945954871872396,0.018509332910257748,0.017194851182252002,0.015989204714591143,0.014881050702214682,0.013860622223205665,0.012919437564777647,0.012050077103114037,0.011246009047184174,0.010501451261019146,0.00981126021387646,0.009170840657828055,0.00857607137423999,0.008023243541656205,0.007509009132736333,0.007030337367535777,0.006584477701219671,0.0061689281604955515,0.005781408092776941,0.005419834584659375,0.005082301953172247,0.004767063825964882,0.004472517416784658,0.004197189672539972,0.003939725024154531,0.0036988745191662425,0.0034734861490792607,0.0032624962148637277,0.0030649215983269973,0.0028798528262319947,0.002706447831033826,0.002543926325559255,0.00239156472087268,0.002248691525448633,0.0021146831724231305,0.0019889602287311153,0.001870983945288049,0.0017602531127739324,0.0016563011917683917,0.0015586936896276604,0.0014670257599445728,0.0013809200027973152,0.0013000244466952748,0.0012240106952954265,0.0011525722235133547,0.0010854228094797774,0.0010222950901717133,0.000962939229685874,0.0009071216904729743,0.0008546240984997483,0.0008052421943825078,0.0007587848633396413,0.000715073237325602,0.0006739398634484136,0.0006352279332453945,0.0005987905680120507,0.0005644901556189907,0.0005321977347809495,0.0005017924231320112,0.0004731608856561511,0.0004461968403962017,0.00042080059861696224,0.0003968786367985035,0.0003743431981329077,0.00035311192127820794,0.0003331074943736358,0.00031425733251216285,0.0002964932769198899,0.000279751314299438,0.0002639713148963616,0.0002490967879356758,0.00023507465324218782,0.00022185502786692662,0.0002093910266798395,0.00019763857598626864,0.0001865562392362385,0.00017610505401583366,0.00016624837953292714,0.00015695175391048114,0.00014818276059785744,0.00013991090329377705,0.00013210748882486016,0.0001247455174317024,0.00011779957998134727,0.00011124576164391184,0.00010506155160592244,9.922575843664084e-5,9.371843072366486e-5,8.852078263836289e-5,4.180756206116068e-5
