0.06134155474825609,0.07808149655737306,0.05601438645131851,0.04149805245572891,0.0312897774040265,0.02386561213659366,0.01835367137246985,0.0142034333828992,0.011046265142300449,0.008625641963329211,0.006758188637922352,0.005310215553136113,0.004182790547690857,0.003301844283120983,0.0026114029407389924,0.0020688449379221013,0.0016415108395901115,0.0013042419592348038,0.0010375700540159911,0.0008263715842547967,0.0006588583229551123,0.0005258144890501661,0.00042001644971226097,0.0003357888288304557,0.0002686633075929465,0.00021511524496455308,0.00017235960801654333,0.00013819233167780684,0.00011086662982201468,8.899630162269127e-5,7.147996094773235e-5,5.744153303412496e-5,4.6183434184433945e-5,3.714966504837964e-5,2.9896670594343035e-5,2.4070297554504533e-5,1.9387548043660796e-5,1.5622112383551813e-5,1.2592884621171851e-5,1.0154835612553149e-5,8.19175213491658e-6,6.610454867819808e-6,5.336189812027957e-6,4.30895183440303e-6,3.480549422880483e-6,2.812259417436154e-6,2.272951772166188e-6,1.8375891131784628e-6,1.4860253981243545e-6,1.2020434551674155e-6,9.725834444518297e-7,7.871240191034799e-7,6.371856957181568e-7,5.159320941569876e-7,4.1784960120686777e-7,3.384899122343851e-7,2.7426301426315783e-7,2.2227065497697038e-7,1.801723233011601e-7,1.4607735058823343e-7,1.1845800736203251e-7,9.607948373516787e-8,7.794345270737267e-8,6.324256537670479e-8,5.132374799289954e-8,4.16585885500961e-8,3.3819435855464826e-8,2.746010312501747e-8,2.2300284352071897e-8,1.8112965402800434e-8,1.4714251446795605e-8,1.1955144656831828e-8,9.71489649220727e-9,7.895631625101042e-9,6.41799915269968e-9,5.21765392388549e-9,4.242408838429968e-9,3.4499296299344738e-9,2.805868361183534e-9,2.2823518014842232e-9,1.856756944327072e-9,1.5107189097787811e-9,1.2293269622176477e-9,1.0004728411521933e-9,8.143224447824368e-10,6.628874339805907e-10,5.396777925245439e-10,4.394199925564247e-10,3.578283356431196e-10,2.9141940347967383e-10,2.373614642991827e-10,1.9335222882577387e-10,1.5751960229119514e-10,1.2834109334603997e-10,1.0457836218907207e-10,8.522405557750588e-11,6.945861550964936e-11,5.661518521460737e-11,4.615109015022064e-11,3.762465877684358e-11,1.5338190306656246e-11
0.07808149655737306,0.09944611370186851,0.07137090823695313,0.052895293961461975,0.039898107492164825,0.030442372007203566,0.02341973220799448,0.018130223283632674,0.014105042578589355,0.01101788190476305,0.008635422793575265,0.006787519540064929,0.005348227521086199,0.004223227009056418,0.003341220647363405,0.002647902854089307,0.0021016488847190942,0.001670384217354666,0.0013292815595047427,0.0010590484647230967,0.0008446426310169883,0.0006743007222682323,0.0005387994234455195,0.0004308900460125824,0.0003448638183276729,0.0002762162320810368,0.0002213869018494524,0.0001775572796828659,0.0001424928921191608,0.00011441997385573189,9.192876810506503e-5,7.389756541918181e-5,5.943291599912518e-5,4.782248739311186e-5,3.84978318658598e-5,3.100493585625117e-5,2.498089244632666e-5,2.0135399920831216e-5,1.6236070364056417e-5,1.3096750642088836e-5,1.056822840411406e-5,8.530828818796202e-6,6.888511993276232e-6,5.564162818825957e-6,4.495829293828151e-6,3.633716023971218e-6,2.937779547583138e-6,2.3758036903862722e-6,1.921858116757018e-6,1.5550630147989058e-6,1.2585985296592154e-6,1.0189100047610557e-6,8.250699802785196e-7,6.682657655345229e-7,5.413876655057287e-7,4.386979331152894e-7,3.5556450009414433e-7,2.882467168425891e-7,2.3372286983569354e-7,1.8955127422027337e-7,1.537583620198397e-7,1.247484854984097e-7,1.0123119557004275e-7,8.216258887380645e-8,6.669798564913061e-8,5.4153736864246925e-8,4.397638954777687e-8,3.57177849587124e-8,2.9014942019961337e-8,2.3573801706602735e-8,1.9156087628028517e-8,1.5568682500207746e-8,1.2655036472096567e-8,1.0288216879249219e-8,8.365284405654356e-9,6.802741390207166e-9,5.532846994029703e-9,4.5006334365479305e-9,3.661489361940324e-9,2.9792021033513153e-9,2.4243713583614866e-9,1.9731235394050896e-9,1.6060695925564766e-9,1.3074600059477239e-9,1.064499562024455e-9,8.667915266313496e-10,7.058867397196977e-10,5.749177411716018e-10,4.683018412212669e-10,3.8150010095185163e-10,3.108216611355448e-10,2.532648599887815e-10,2.0638820144459318e-10,1.6820554849410033e-10,1.3710097982320017e-10,1.1175960970785568e-10,9.111136960794907e-11,7.428531602412516e-11,6.057248816637246e-11,4.939571122307419e-11,2.0142521450054802e-11
0.05601438645131851,0.07137090823695313,0.05123761596249432,0.03798467282135032,0.028659060279433546,0.021872735855671788,0.016831360323475153,0.0130332106923155,0.010142203221653462,0.007924367135133364,0.006212376251873278,0.004884185381441378,0.003849436419332067,0.0030404462893649994,0.0024060417604023013,0.0019072369683041587,0.0015141430983437246,0.0012037238553237808,0.000958144043906168,0.0007635414542132568,0.0006091053168973248,0.0004863795279585331,0.00038873239057558243,0.0003109508161363798,0.00024892825982918056,0.00019942371703851082,0.0001598749010288899,0.0001282529397450922,0.00010294902974767109,8.268578400979793e-5,6.644772787564503e-5,5.342668936276487e-5,4.2978807590592105e-5,3.459062680576791e-5,2.7852311886695917e-5,2.2436457527775947e-5,1.8081299500797242e-5,1.4577396318386305e-5,1.1757051246063751e-5,9.48590141870969e-6,7.656223103116557e-6,6.181597736178534e-6,4.992658248296686e-6,4.033693955864676e-6,3.25993852297825e-6,2.635401900758019e-6,2.131135874395174e-6,1.7238455409681984e-6,1.394776996140155e-6,1.1288257309711784e-6,9.138215208909056e-7,7.399545459909416e-7,5.993146010964477e-7,4.855209187689777e-7,3.9342463922799885e-7,3.18869556704156e-7,2.5849964005505175e-7,2.0960411540784665e-7,1.6999272804038817e-7,1.3789526358634443e-7,1.1188057882666244e-7,9.079132933635153e-8,7.369133176304352e-8,5.98231001051335e-8,4.857357783740009e-8,3.9446474885801136e-8,3.203992928485694e-8,2.6028462999324344e-8,2.114840205070342e-8,1.7186092397644933e-8,1.3968372769743291e-8,1.1354870068611538e-8,9.231767007223035e-9,7.506759348702965e-9,6.104974646210024e-9,4.9656683375972164e-9,4.039548489456179e-9,3.2866090667450508e-9,2.674374662829256e-9,2.1764782369627735e-9,1.7715084305909784e-9,1.442075166966107e-9,1.1740520410101998e-9,9.559619253808508e-10,7.784786209930721e-10,6.340225556835189e-10,5.164327199956074e-10,4.207004151935738e-10,3.4275312784712635e-10,2.7927906273110703e-10,2.2758466039289283e-10,1.854788792076156e-10,1.5117919868977863e-10,1.2323525429803069e-10,1.0046678657641953e-10,8.191321353499875e-11,6.67926427289556e-11,5.4468550962641645e-11,4.442269321095004e-11,3.623307301325955e-11,1.4778013072095546e-11
0.04149805245572891,0.052895293961461975,0.03798467282135032,0.02816707089249082,0.021257102407486905,0.016227474546273435,0.012490234506937342,0.009673969724138975,0.007529849252600057,0.00588461687207581,0.004614345571126638,0.0036286285602568358,0.002860519253021658,0.0022598614728567765,0.0017887261844847027,0.0014182117789391518,0.0011261561792322607,0.0008954748915503963,0.0007129380420005035,0.0005682607521163303,0.0004534204696411432,0.00036214071906841977,0.0002894981585224374,0.00023162181249587743,0.0001854617360736283,0.0001486103240335569,0.0001191637663825679,9.561427332764366e-5,7.676598750661805e-5,6.166920304780717e-5,4.9568782712659386e-5,3.986362100464615e-5,3.207472513265411e-5,2.5820036568530505e-5,2.079453702501775e-5,1.6754505960558236e-5,1.350504585512566e-5,1.0890184151133279e-5,8.785010214220723e-6,7.089421930179027e-6,5.723147235269901e-6,4.621776772842996e-6,3.73359941617643e-6,3.0170760049416407e-6,2.4388209390494118e-6,1.971988296634802e-6,1.594980464790925e-6,1.2904141211567657e-6,1.0442917386110646e-6,8.453373499938424e-7,6.844636905495026e-7,5.54344491509966e-7,4.4907098935906507e-7,3.63875926182695e-7,2.949116702969762e-7,2.3907176012493314e-7,1.938473077043688e-7,1.572114017601927e-7,1.2752601152049673e-7,1.0346698115707116e-7,8.396357577038966e-8,6.81497374520936e-8,5.532476882886534e-8,4.4921609558832126e-8,3.6481230674865965e-8,2.963196013558668e-8,2.407278458949461e-8,1.9559858442157934e-8,1.589560091426164e-8,1.2919882062643256e-8,1.050289550748424e-8,8.539393498896944e-9,6.944022672494754e-9,5.647549358121074e-9,4.59380401530816e-9,3.737207181533546e-9,3.0407657830042264e-9,2.474450003657638e-9,2.013878132576917e-9,1.6392507158060495e-9,1.3344865659087008e-9,1.0865222511640805e-9,8.847440142749822e-10,7.205269915927894e-10,5.868613918559463e-10,4.780491646536098e-10,3.8945782001842485e-10,3.173205943465217e-10,2.5857420796343233e-10,2.1072711954173175e-10,1.717525262256715e-10,1.400014467593123e-10,1.1413210644939504e-10,9.305255707794171e-11,7.587404378229253e-11,6.187310010603325e-11,5.046073287269652e-11,4.115736701530008e-11,3.3572470694712456e-11,2.738798403507165e-11,1.1172419747773916e-11
0.0312897774040265,0.039898107492164825,0.028659060279433546,0.021257102407486905,0.01604613471524341,0.012252318415295449,0.00943271663480838,0.0073074893677760044,0.005689128853135161,0.004447056760658263,0.003487857366404515,0.002743370595579185,0.0021631146329576176,0.001709261737666501,0.0013532005331302228,0.0010731252636926696,0.0008523118323011114,0.0006778653332192141,0.0005397982806607665,0.0004303449050807786,0.000343446455528122,0.00027436191121454467,0.0002193716255074491,0.00017555044991772895,0.00014059320159199272,0.00011267982516413155,9.037082989533343e-5,7.252593447708224e-5,5.8240580783049676e-5,4.67962600825616e-5,3.76215535278511e-5,3.0261509701138786e-5,2.4353527734026687e-5,1.9608329779145187e-5,1.5794924101963047e-5,1.272870384158391e-5,1.0262014389231076e-5,8.276667652655885e-6,6.6779942340166394e-6,5.390112275524409e-6,4.352160163192132e-6,3.515293792333827e-6,2.8402910335260817e-6,2.295638964794958e-6,1.8560053367438613e-6,1.501016148998193e-6,1.214277324532969e-6,9.82591200153179e-7,7.953286286761397e-7,6.439254740558794e-7,5.214786167567591e-7,4.2242161949027044e-7,3.422642051095067e-7,2.7738288372097744e-7,2.248526034791338e-7,1.823113228271295e-7,1.478510166393558e-7,1.1992991830704204e-7,9.73018304608219e-8,7.89591614758686e-8,6.408700464753448e-8,5.202610540999595e-8,4.224298542755456e-8,3.430583195243287e-8,2.7865033279571462e-8,2.263745982206913e-8,1.8393765978751752e-8,1.4948129092604366e-8,1.2149955275600813e-8,9.877173133416367e-9,8.030809855845183e-9,6.5306032546551715e-9,5.311450938975321e-9,4.320536171281669e-9,3.5150008611871213e-9,2.860061076141026e-9,2.32748055166013e-9,1.894333902450363e-9,1.5420043254139873e-9,1.2553711550778355e-9,1.0221511672414104e-9,8.323644219948028e-10,6.779010101677266e-10,5.521695710868877e-10,4.4981209209604147e-10,3.6647244594160524e-10,2.9860850511319876e-10,2.433396009164028e-10,1.9832265585629172e-10,1.6165158184699273e-10,1.317755600788301e-10,1.0743264747542319e-10,8.759582628559222e-11,7.142915764155133e-11,5.825214111933822e-11,4.751073998544251e-11,3.8753821871149396e-11,3.161399984654144e-11,2.5792049688193444e-11,2.1044233982026103e-11,8.58599467666067e-12
0.02386561213659366,0.030442372007203566,0.021872735855671788,0.016227474546273435,0.012252318415295449,0.009357591996042636,0.007205738822286117,0.005583470681502403,0.00434785330842688,0.003399333814214048,0.0026666806197988557,0.0020979114073813934,0.001654519507675603,0.0013076454293613551,0.0010354570609165219,0.000821312308078425,0.0006524450120036912,0.0005190101402857573,0.00041338098531667165,0.0003296262760394764,0.00026311763221518233,0.00021023261827441114,0.00016812864875933144,0.0001345698724593723,0.00010779397431935882,8.64092532331317e-5,6.93147951097131e-5,5.563835252609859e-5,4.4687859932092617e-5,3.591349069692346e-5,2.8877892795532668e-5,2.3232789594855845e-5,1.8700548309801175e-5,1.5059635377333367e-5,1.2133120144001817e-5,9.779574219995028e-6,7.885857205503042e-6,6.3613903793236095e-6,5.133605992664218e-6,4.144326770959961e-6,3.346882470697311e-6,2.7038111970775934e-6,2.185025212233228e-6,1.7663461128040087e-6,1.4283340417260771e-6,1.1553511944728102e-6,9.348121894566515e-7,7.565836032337163e-7,6.125026746374074e-7,4.959912876259873e-7,4.017461878795995e-7,3.254902374985955e-7,2.6377257336084985e-7,2.1380797179489868e-7,1.7334766398147475e-7,1.4057539510601102e-7,1.140237563731073e-7,9.250680638161003e-8,7.506578763194504e-8,6.09253754154332e-8,4.945840174626037e-8,4.015740192756662e-8,3.261165585860579e-8,2.648865646075894e-8,2.1519146456177663e-8,1.7485032417785936e-8,1.4209619712992326e-8,1.1549720212640644e-8,9.389271692688333e-9,7.634177878855056e-9,6.208134439542557e-9,5.04925160843195e-9,4.107320667794073e-9,3.3416009728773164e-9,2.719027939368649e-9,2.212761558956785e-9,1.801010452690069e-9,1.4660789341619025e-9,1.1935946142816145e-9,9.71882203784367e-10,7.914557315022819e-10,6.446066984544979e-10,5.250699737366952e-10,4.2775270250796646e-10,3.485142987185047e-10,2.839878617889058e-10,2.314351903875321e-10,1.8862905101920326e-10,1.537575607371486e-10,1.2534651651275294e-10,1.0219629187789824e-10,8.333056007481618e-11,6.795462034976346e-11,5.5421523409362154e-11,4.5204532072147535e-11,3.687472881526982e-11,3.0082805524341775e-11,2.4544252126160966e-11,2.002730793990952e-11,1.6343159015913856e-11,6.668980830578613e-12
0.01835367137246985,0.02341973220799448,0.016831360323475153,0.012490234506937342,0.00943271663480838,0.007205738822286117,0.005549920193342411,0.004301349064521315,0.0033501657399443163,0.0026198422185664677,0.0020556129290502656,0.0016175052785413271,0.0012759039346424278,0.0010086092994979132,0.0007988244649576627,0.0006337432442263119,0.0005035402160158773,0.0004006368008109889,0.00031916097256486607,0.0002545452241741039,0.00020322470495890733,0.0001624088378325188,0.0001299074012419358,0.0001039973421366404,8.332028278274211e-5,6.680331091241999e-5,5.3597533715040975e-5,4.3030253046502155e-5,3.4567631779357016e-5,2.7785472317196753e-5,2.2346289775906198e-5,1.798128486335326e-5,1.4476141395395367e-5,1.1659816881938386e-5,9.395680830310004e-6,7.574498436987179e-6,6.108867610231695e-6,4.928802574597442e-6,3.97822352309498e-6,3.2121633141138353e-6,2.5945424229158377e-6,2.096394811921825e-6,1.6944520410038934e-6,1.3700123058896231e-6,1.1080363322102712e-6,8.964240664799867e-7,7.254355893690473e-7,5.872271752955544e-7,4.754793596844417e-7,3.8509858187554976e-7,3.1197770733450714e-7,2.528037011426735e-7,2.049030857365934e-7,1.661176958383948e-7,1.3470474164226093e-7,1.0925638632976002e-7,8.863499799872415e-8,7.192099828789045e-8,5.837083935161644e-8,4.7383128468034046e-8,3.847130991119541e-8,3.1241626515341756e-8,2.5375334081814536e-8,2.061434290080355e-8,1.6749622079524264e-8,1.3611831990261876e-8,1.1063754296800298e-8,8.994172724201308e-9,7.3129250668563105e-9,5.946901095345289e-9,4.836804623204672e-9,3.934533107171626e-9,3.201056441778889e-9,2.604699405154476e-9,2.1197505938318515e-9,1.725335507572994e-9,1.4045034066629784e-9,1.1434872174979989e-9,9.311035559008146e-10,7.582662329132516e-10,6.175916932383277e-10,5.030789462530248e-10,4.098498722066315e-10,3.3393847240406127e-10,2.721198054406771e-10,2.2177110960905535e-10,1.8075903431919566e-10,1.4734805525561166e-10,1.2012608047377968e-10,9.79440100159208e-11,7.98666234032424e-11,6.513266519703726e-11,5.3122400605486756e-11,4.333123883489412e-11,3.534828600574595e-11,2.8838903626318898e-11,2.3530522371035327e-11,1.920110186832502e-11,1.566974158699821e-11,1.278904076078562e-11,5.219440329344425e-12
0.0142034333828992,0.018130223283632674,0.0130332106923155,0.009673969724138975,0.0073074893677760044,0.005583470681502403,0.004301349064521315,0.0033343660082236354,0.002597551864361891,0.002031708309445414,0.00159446477589123,0.0012548905731000655,0.000990065583719297,0.0007828059759274839,0.0006201076503335387,0.000492054348738202,0.0003910365552216256,0.0003111838099583821,0.0002479467436146271,0.00019778602093926175,0.0001579387538215367,0.00012624174751780593,0.00010099687812364054,8.086798170308523e-5,6.480149306788141e-5,5.1965102845674205e-5,4.1700163505904004e-5,3.348463962242617e-5,2.6904180637089283e-5,2.1629475262320498e-5,1.739848093639028e-5,1.4002448588280392e-5,1.1274910460384142e-5,9.082987139211781e-6,7.320514044183689e-6,5.9025983179557934e-6,4.761302418742396e-6,3.842216758841299e-6,3.1017350032700285e-6,2.5048855488900987e-6,2.0236038504647117e-6,1.6353546264313227e-6,1.322032080903152e-6,1.0690812859187608e-6,8.647956789913635e-7,6.997549435848561e-7,5.663748930288648e-7,4.5854679297212473e-7,3.713481621458474e-7,3.0081074203558803e-7,2.4373422422371617e-7,1.9753662740216891e-7,1.601340483532083e-7,1.2984397043453177e-7,1.0530747614999268e-7,8.542663827082261e-8,6.93141048569852e-8,5.625248555104883e-8,4.566161991584225e-8,3.707218747323968e-8,3.010442245105837e-8,2.445093937043414e-8,1.9862870515758893e-8,1.6138672706324242e-8,1.311508631770307e-8,1.065983031925165e-8,8.665698110664692e-9,7.045784068382035e-9,5.7296231076656114e-9,4.660067723967856e-9,3.790760917808625e-9,3.0840907450443954e-9,2.5095342618727668e-9,2.042316388206007e-9,1.6623235311513745e-9,1.3532233589883727e-9,1.1017514366717975e-9,8.971329572507276e-10,7.30613878553739e-10,5.950806823710893e-10,4.847519386498845e-10,3.9492806225969494e-10,3.217882415572825e-10,2.6222561351662015e-10,2.1371345587036426e-10,1.741965386414071e-10,1.4200288787115017e-10,1.1577211353569295e-10,9.439718167082962e-11,7.697710058018198e-11,6.277846879620434e-11,5.1204219771187956e-11,4.1768212167226584e-11,3.407456912270926e-11,2.7800876281780587e-11,2.2684515773217852e-11,1.851154915547863e-11,1.51076725535393e-11,1.233085665939111e-11,1.0065356886756078e-11,4.1084189625852616e-12
0.011046265142300449,0.014105042578589355,0.010142203221653462,0.007529849252600057,0.005689128853135161,0.00434785330842688,0.0033501657399443163,0.002597551864361891,0.0020239661338511614,0.0015833879669891228,0.0012428735485819423,0.0009783698864753582,0.000772050383339877,0.0006105476847091604,0.00048374411221808154,0.000383923091421841,0.0003051620462686845,0.00024289111356743526,0.00019356819870517024,0.00015443711361403604,0.00012334592485330935,9.860947812328894e-5,7.89046754378546e-5,6.319025252743676e-5,5.064502405805859e-5,4.0620141931580855e-5,3.260204791810217e-5,2.6183629135063642e-5,2.1041693369202783e-5,1.691933269825361e-5,1.3612081429718306e-5,1.095702845739784e-5,8.824236556392092e-6,7.109967635279916e-6,5.731325028701114e-6,4.622010010190536e-6,3.728956104742865e-6,3.009656163801629e-6,2.4300370600782275e-6,1.9627679168962423e-6,1.585912029983273e-6,1.2818516086707723e-6,1.0364293379485735e-6,8.38262449780605e-7,6.78194191302835e-7,5.488548319561216e-7,4.4431008038658696e-7,3.597793129500913e-7,2.914096044315997e-7,2.3609439742943052e-7,1.9132790636409243e-7,1.5508814805482654e-7,1.2574291980646204e-7,1.0197418419209054e-7,8.271722707290708e-8,6.711167941102451e-8,5.446207162993419e-8,4.420605137897659e-8,3.588876513011586e-8,2.914219987280037e-8,2.366851807007437e-8,1.9226608936899938e-8,1.5621231364956846e-8,1.2694246000154914e-8,1.0317532074796394e-8,8.387263394819218e-9,6.819281214673926e-9,5.545352652415647e-9,4.510144269278906e-9,3.6687734098281847e-9,2.984826448238792e-9,2.4287544742065275e-9,1.9765741882381253e-9,1.6088156708795372e-9,1.3096698978540044e-9,1.0662979141836148e-9,8.682708784080716e-10,7.071160797380222e-10,5.759487891893316e-10,4.691736504587336e-10,3.822424231039131e-10,3.114574021425273e-10,2.5381186940776456e-10,2.0686057463448794e-10,1.6861457366034554e-10,1.374558268876253e-10,1.1206783199835427e-10,9.1379270206279e-11,7.451821646080725e-11,6.077492682399767e-11,4.957159118332624e-11,4.0437743443037846e-11,3.299026773413472e-11,2.6917138996653775e-11,2.196419836346435e-11,1.792439523995275e-11,1.462903466258659e-11,1.194065509657288e-11,9.747232110050794e-12,7.957460426855852e-12,3.2484565969934337e-12
0.008625641963329211,0.01101788190476305,0.007924367135133364,0.00588461687207581,0.004447056760658263,0.003399333814214048,0.0026198422185664677,0.002031708309445414,0.0015833879669891228,0.0012389600481510013,0.0009727064870411195,0.0007658469715942622,0.0006044603992166192,0.0004781062098083589,0.00037888064555194334,0.00030075460364945884,0.0002390998545400919,0.00019034462325688518,0.00015171994087117332,0.0001210708232383677,9.671443531525381e-5,7.733273292991343e-5,6.189066945573455e-5,4.9573528477633096e-5,3.973867522919514e-5,3.187825030323359e-5,2.5590215368718008e-5,2.0555806064199175e-5,1.652192202375132e-5,1.3287336292872412e-5,1.0691869838856227e-5,8.607875180973313e-6,6.933523374655229e-6,5.587502959229697e-6,4.504826982470103e-6,3.6335114515703286e-6,2.9319404216365154e-6,2.3667730714709243e-6,1.911279285325121e-6,1.544014527342268e-6,1.2477637418585981e-6,1.0086988396208573e-6,8.157059582287085e-7,6.598478229319938e-7,5.339337277524331e-7,4.3217533082185907e-7,3.4991093921020457e-7,2.8338450350358387e-7,2.29568350651725e-7,1.8602091087070057e-7,1.507724630587401e-7,1.222333292519266e-7,9.912006758901833e-8,8.039610467446031e-8,6.522395894502461e-8,5.292677384724352e-8,4.295733267550112e-8,3.487308905607906e-8,2.831603673258773e-8,2.299647422369452e-8,1.8679905664995275e-8,1.5176468062090698e-8,1.2332394604143372e-8,1.002311953190738e-8,8.147707017198419e-9,6.624348343806503e-9,5.386721384535052e-9,4.381046338853783e-9,3.5637038617181685e-9,2.899307603795221e-9,2.359144033497388e-9,1.919909210580544e-9,1.562685721599075e-9,1.2721139047966066e-9,1.035720299191959e-9,8.433733585595926e-10,6.868422078782162e-10,5.594388519413105e-10,4.5572798735200996e-10,3.712915928196876e-10,3.0253791641673125e-10,2.465464542912408e-10,2.0094211354353837e-10,1.637930446360812e-10,1.335276750394492e-10,1.0886732264145313e-10,8.877145306935204e-11,7.239320044059732e-11,5.90432208497915e-11,4.816031243616478e-11,3.9287531248963144e-11,3.2052771635159925e-11,2.6152974040131578e-11,2.1341280592820095e-11,1.7416586604064006e-11,1.4215039750344803e-11,1.1603122838126277e-11,9.472024319270597e-12,7.733056157181831e-12,6.31392365801243e-12,2.577844218320721e-12
0.006758188637922352,0.008635422793575265,0.006212376251873278,0.004614345571126638,0.003487857366404515,0.0026666806197988557,0.0020556129290502656,0.00159446477589123,0.0012428735485819423,0.0009727064870411195,0.0007638186308983608,0.0006014970317154752,0.00047483378060291827,0.00037564678745462265,0.00029774095811853623,0.00023638977008362018,0.0001879642867478118,0.00014966343443253635,0.00011931533806982695,9.522941117384698e-5,7.60852353529338e-5,6.084843860477691e-5,4.8706595540620214e-5,3.902010863497283e-5,3.1284384945052526e-5,2.5100586058644445e-5,2.0152922751846185e-5,1.619097111488346e-5,1.3015858621918746e-5,1.0469444471118613e-5,8.425824821490434e-6,6.784648872001887e-6,5.465849381923441e-6,4.40548082900241e-6,3.5524269584513235e-6,2.865792160454373e-6,2.3128317569432556e-6,1.8673077389638428e-6,1.508180929626075e-6,1.218569574460368e-6,9.849192178024674e-7,7.963403520657519e-7,6.44079447827253e-7,5.210961413742067e-7,4.2172500089280806e-7,3.4140474514460926e-7,2.764613058418207e-7,2.2393390778343428e-7,1.814355456812226e-7,1.4704098559565554e-7,1.1919680799960986e-7,9.664911398018612e-8,7.838539518071218e-8,6.358776853884044e-8,5.1595335429184054e-8,4.187387065557719e-8,3.399140290050789e-8,2.7598532980520923e-8,2.2412564056263565e-8,1.820470035649361e-8,1.4789717091382382e-8,1.2017621395995629e-8,9.766918120559104e-9,7.939169718375876e-9,6.454600065448521e-9,5.248540726953727e-9,4.268557324426249e-9,3.4721251357290456e-9,2.8247483963219444e-9,2.2984381662409618e-9,1.870480055558754e-9,1.5224363398102313e-9,1.2393376691506685e-9,1.0090281810642559e-9,8.216347701930629e-10,6.691368721830475e-10,5.450176429121002e-10,4.4398106821469604e-10,3.617224909358312e-10,2.947424279285003e-10,2.401954780841585e-10,1.9576768195257105e-10,1.5957695511898059e-10,1.300922380728321e-10,1.0606783151601307e-10,8.649005483434541e-11,7.053390700475006e-11,5.752784793925512e-11,4.6925173647168726e-11,3.8280746659540106e-11,3.123207660272359e-11,2.5483935125897977e-11,2.0795842888136572e-11,1.697189082745631e-11,1.3852458963860389e-11,1.1307477960898076e-11,9.230945213374832e-12,7.536461243858867e-12,6.153596048860067e-12,5.0249306584505034e-12,2.0518240528466645e-12
0.005310215553136113,0.006787519540064929,0.004884185381441378,0.0036286285602568358,0.002743370595579185,0.0020979114073813934,0.0016175052785413271,0.0012548905731000655,0.0009783698864753582,0.0007658469715942622,0.0006014970317154752,0.0004737605461864712,0.0003740661077262144,0.0002959831828301014,0.00023464205164278398,0.00018632674574612642,0.0001481837213373402,0.00011801002633212961,9.409725489689744e-5,7.51153523368246e-5,6.002530873202303e-5,4.801305558112723e-5,3.843908820477945e-5,3.079985615217311e-5,2.4698027694328303e-5,1.9819490660075308e-5,1.5915496461564376e-5,1.2788750844530255e-5,1.0282546757791055e-5,8.272251345805339e-6,6.6586210812996606e-6,5.362541045151708e-6,4.320876778885063e-6,3.4831975240493294e-6,2.8091835284545455e-6,2.266571499948536e-6,1.82952423099987e-6,1.4773351466498424e-6,1.19339773707033e-6,9.643847962208604e-7,7.795940713304219e-7,6.304260736451807e-7,5.099669757874445e-7,4.1265516107575583e-7,3.340144316964898e-7,2.7044038685772817e-7,2.190292506549597e-7,1.7744062017071542e-7,1.4378734038390713e-7,1.1654708979324138e-7,9.449135474750391e-8,7.662834054096874e-8,6.215705994904493e-8,5.0430391840184684e-8,4.092534271249291e-8,3.3219095437621665e-8,2.69697102872854e-8,2.1900567839215253e-8,1.7787823010628616e-8,1.4450283346057952e-8,1.1741239955562371e-8,9.541871944666096e-9,7.75591933730467e-9,6.305379030644475e-9,5.12702614436924e-9,4.169601561422383e-9,3.3915373626114194e-9,2.759116717764856e-9,2.244984809017572e-9,1.8269434747300961e-9,1.4869752430994954e-9,1.2104528864590428e-9,9.8549906237394e-10,8.024674106938452e-10,6.535219655791522e-10,5.32296172283394e-10,4.33616376691024e-10,3.5327754564820103e-10,2.878613112220569e-10,2.345883196960418e-10,1.911983921799894e-10,1.5585323795944882e-10,1.2705746036498603e-10,1.0359440291254575e-10,8.447403766687631e-11,6.889062739818369e-11,5.6188322029017124e-11,4.5833197408982176e-11,3.739052601114938e-11,3.050629740016119e-11,2.4892191324531837e-11,2.0313356341202236e-11,1.6578468564077547e-11,1.3531643849752487e-11,1.1045856844960978e-11,9.017585329437972e-12,7.362451068045933e-12,6.011671235208835e-12,4.9091692715391524e-12,4.009222299448194e-12,1.6372725929158502e-12
0.004182790547690857,0.005348227521086199,0.003849436419332067,0.002860519253021658,0.0021631146329576176,0.001654519507675603,0.0012759039346424278,0.000990065583719297,0.000772050383339877,0.0006044603992166192,0.00047483378060291827,0.0003740661077262144,0.0002954053450611692,0.00023378507132171093,0.00018536793882127428,0.00014722526073733836,0.0001171076725465848,9.327835278896755e-5,7.43901503881361e-5,5.9394078417946555e-5,4.7470548709429e-5,3.7977299056886804e-5,3.0409702411148464e-5,2.4370343020799657e-5,1.954558158038074e-5,1.568742648636127e-5,1.2599456878425303e-5,1.0125855351232106e-5,8.142837946282177e-6,6.551939545255573e-6,5.274740334351499e-6,4.248715059328051e-6,3.4239595660513165e-6,2.7606045564059815e-6,2.2267689170596373e-6,1.7969375924896914e-6,1.45067414031207e-6,1.1715975932012177e-6,9.465683899776564e-7,7.650399302902757e-7,6.185415175550182e-7,5.00265665734671e-7,4.0473840344832796e-7,3.2755565711208747e-7,2.651722983517437e-7,2.1473320554663938e-7,1.7393787394981044e-7,1.4093183776480084e-7,1.1421953783946909e-7,9.259435594445289e-8,7.50824004494516e-8,6.089731528611759e-8,4.940393112056865e-8,4.00890136711095e-8,3.253771190048603e-8,2.6414586509711283e-8,2.144832107379999e-8,1.7419395629337945e-8,1.4150144548847383e-8,1.1496734299684176e-8,9.342687841067965e-9,7.593655530964086e-9,6.1731910792931925e-9,5.019338188938238e-9,4.081871369147538e-9,3.3200648239576586e-9,2.700887781444181e-9,2.1975443107929893e-9,1.7882915202747538e-9,1.4554827892794056e-9,1.184792968637441e-9,9.645907709540368e-10,7.854302556291303e-10,6.396387039548118e-10,5.209825304830097e-10,4.243963888360528e-10,3.4576346677816853e-10,2.8173725679540976e-10,2.2959694013797055e-10,1.8713001940409417e-10,1.525370452588533e-10,1.2435426205630467e-10,1.0139078952221366e-10,8.267759883500899e-11,6.742606067207915e-11,5.499426319875084e-11,4.485963850755611e-11,3.659671197179539e-11,2.9859012572031336e-11,2.4364363546936654e-11,1.9882919678972205e-11,1.6227436740752903e-11,1.3245355316003512e-11,1.0812359662554827e-11,8.827135957810207e-12,7.207105943882817e-12,5.884953951139876e-12,4.805799349707321e-12,3.92489415036818e-12,3.2057479583559045e-12,1.3093003741260004e-12
0.003301844283120983,0.004223227009056418,0.0030404462893649994,0.0022598614728567765,0.001709261737666501,0.0013076454293613551,0.0010086092994979132,0.0007828059759274839,0.0006105476847091604,0.0004781062098083589,0.00037564678745462265,0.0002959831828301014,0.00023378507132171093,0.0001850521619216972,0.00014675409671879077,0.00011657769780851245,9.274603700887112e-5,7.388684433624415e-5,5.8935547104421206e-5,4.706305110315325e-5,3.762146175531405e-5,3.010297533865766e-5,2.4108540471613055e-5,1.932383280316076e-5,1.550074595401969e-5,1.2443071015009983e-5,9.99537491481469e-6,8.034334218881518e-6,6.461962129798918e-6,5.200300973954734e-6,4.1872530911358775e-6,3.3732988331682223e-6,2.718907808567837e-6,2.192493262518296e-6,1.7687929720165284e-6,1.42758578348724e-6,1.1526727910028902e-6,9.310675411819115e-7,7.523516069886067e-7,6.081611871641782e-7,4.917776643562193e-7,3.978007526955089e-7,3.218873368151778e-7,2.605426201135544e-7,2.1095296963604778e-7,1.708520307423873e-7,1.3841341219320035e-7,1.1216460966355101e-7,9.091791958282192e-8,7.371495539544195e-8,5.978206185327715e-8,4.849446668355917e-8,3.9347441952276606e-8,3.193309260007079e-8,2.5921664992022446e-8,2.104648822334529e-8,1.7091836677170594e-8,1.388314290759991e-8,1.1279102439448638e-8,9.1653022178965e-9,7.4490766812679514e-9,6.055353384515113e-9,4.923296606559644e-9,4.003594722184801e-9,3.2562671279785408e-9,2.6488906363847446e-9,2.155164656652784e-9,1.753750095390101e-9,1.4273294827110295e-9,1.161845956149625e-9,9.458868946092203e-10,7.701845734155009e-10,6.272115173975365e-10,5.10852509461907e-10,4.161386674261186e-10,3.3903179141567426e-10,2.7624943758724375e-10,2.251229945395056e-10,1.8348251021467165e-10,1.4956320694412151e-10,1.2192958449402926e-10,9.941378939667421e-11,8.106555888094941e-11,6.611155758987302e-11,5.392233822935376e-11,4.398549170242563e-11,3.588382319165214e-11,2.9277610220105864e-11,2.3890176651400085e-11,1.949616087692156e-11,1.5911973416469174e-11,1.2988034065998118e-11,1.0602455710086938e-11,8.655904390696415e-12,7.067415934599407e-12,5.770990604097988e-12,4.712820663888673e-12,3.849032902730626e-12,3.143850198963266e-12,2.5680941361811956e-12,1.048982616744562e-12
0.0026114029407389924,0.003341220647363405,0.0024060417604023013,0.0017887261844847027,0.0013532005331302228,0.0010354570609165219,0.0007988244649576627,0.0006201076503335387,0.00048374411221808154,0.00037888064555194334,0.00029774095811853623,0.00023464205164278398,0.00018536793882127428,0.00014675409671879077,0.0001164028922342685,9.248382093434153e-5,7.359049482033846e-5,5.863661643924897e-5,4.677931949592889e-5,3.736206343834397e-5,2.987170768042793e-5,2.3905996514520542e-5,1.914876815654014e-5,1.5350946162017462e-5,1.231589298287118e-5,9.888076205407894e-6,7.944265094876705e-6,6.386669668537694e-6,5.137577730825109e-6,4.135151623341107e-6,3.3301259895272185e-6,2.6832077703982046e-6,2.1630250560288454e-6,1.7445060150307756e-6,1.4075956106014263e-6,1.1362381770983178e-6,9.17569650406908e-7,7.412754200771141e-7,5.990792320885132e-7,4.843359427269439e-7,3.9170668349231735e-7,3.1689950751414e-7,2.564621281353786e-7,2.0761614444610985e-7,1.6812434207224611e-7,1.3618438895450425e-7,1.1034361444196575e-7,8.943064349610575e-8,7.250051678278583e-8,5.879060923802716e-8,4.768520154692979e-8,3.8686990083439916e-8,3.1394164204774486e-8,2.5481953543592e-8,2.0687766370441976e-8,1.6799214559684378e-8,1.3644460150312151e-8,1.1084430056050625e-8,9.006534788202485e-9,7.319598614022746e-9,5.949765930095319e-9,4.8371946515365465e-9,3.933384353392829e-9,3.1990165671863172e-9,2.6022084763345556e-9,2.1171004230440646e-9,1.7227130602026445e-9,1.4020223920144964e-9,1.1412109421031155e-9,9.290613386763012e-10,7.564650950464567e-10,6.160245958552725e-10,5.017305196736375e-10,4.0870033392160173e-10,3.329662472308404e-10,2.7130322416273014e-10,2.2108946065750455e-10,1.801931677598566e-10,1.4688068257970785e-10,1.1974187282112357e-10,9.762956743889802e-11,7.961036595336347e-11,6.492468080288299e-11,5.2954273310444955e-11,4.3195872873190995e-11,3.523973546921927e-11,2.8752213487961116e-11,2.346158390834588e-11,1.9146523696670145e-11,1.562673633944215e-11,1.2755326707858562e-11,1.0412597142574905e-11,8.500999052934297e-12,6.941024163232979e-12,5.667859998377211e-12,4.628667047020074e-12,3.780361718116481e-12,3.087810873713194e-12,2.5223613229740345e-12,2.0606419671232214e-12,8.417939546538494e-13
0.0020688449379221013,0.002647902854089307,0.0019072369683041587,0.0014182117789391518,0.0010731252636926696,0.000821312308078425,0.0006337432442263119,0.000492054348738202,0.000383923091421841,0.00030075460364945884,0.00023638977008362018,0.00018632674574612642,0.00014722526073733836,0.00011657769780851245,9.248382093434153e-5,7.349262744680489e-5,5.848911512530588e-5,4.661190777675069e-5,3.719254368864209e-5,2.9710244103005128e-5,2.375790823080031e-5,1.901635170788006e-5,1.5234661938246874e-5,1.2215133182770467e-5,9.801656999604443e-6,7.870737093975609e-6,6.324509038196119e-6,5.085299362580823e-6,4.091371892468222e-6,3.29359338318733e-6,2.652813491802784e-6,2.1378015729215806e-6,1.7236187493785196e-6,1.3903311133946798e-6,1.121990896381771e-6,9.05828581229845e-7,7.316113871686314e-7,5.911332060789e-7,4.778085682094074e-7,3.863490591414996e-7,3.125051763320362e-7,2.5286019038331497e-7,2.0466538393265805e-7,1.6570824949231685e-7,1.3420696779476285e-7,1.0872586203268056e-7,8.810760948058492e-8,7.14188519484833e-8,5.790652840655175e-8,4.6962794445646866e-8,3.809682351284872e-8,3.091212724807905e-8,2.508830497588832e-8,2.036634988575406e-8,1.6536812991512407e-8,1.3430264602938738e-8,1.0909603885791956e-8,8.863855771982092e-9,7.203165487315662e-9,5.854757866702231e-9,4.75967424240367e-9,3.870136297207858e-9,3.1474156580959005e-9,2.5601116104682687e-9,2.0827582849771496e-9,1.6946979254715853e-9,1.3791691218665803e-9,1.1225687719393447e-9,9.138544945761228e-10,7.440606284496093e-10,6.05906118255329e-10,4.934767584956499e-10,4.0196762719868254e-10,3.274742553870187e-10,2.668232690564107e-10,2.1743500972890265e-10,1.7721206934460988e-10,1.4444883065854766e-10,1.1775803839107309e-10,9.601118192089417e-11,7.829008146769953e-11,6.384756428186862e-11,5.207551775482687e-11,4.247893048879305e-11,3.465479495253373e-11,2.82749580501615e-11,2.307217828747143e-11,1.882878795195572e-11,1.5367471986734306e-11,1.254376711204226e-11,1.02399592520488e-11,8.360117788259484e-12,6.826054218444933e-12,5.574032621817607e-12,4.552091663483597e-12,3.7178641223134224e-12,3.036801250729777e-12,2.480726596059344e-12,2.026657986593659e-12,1.6558478240027566e-12,6.765005600495082e-13
0.0016415108395901115,0.0021016488847190942,0.0015141430983437246,0.0011261561792322607,0.0008523118323011114,0.0006524450120036912,0.0005035402160158773,0.0003910365552216256,0.0003051620462686845,0.0002390998545400919,0.0001879642867478118,0.0001481837213373402,0.0001171076725465848,9.274603700887112e-5,7.359049482033846e-5,5.848911512530588e-5,4.655656474010527e-5,3.710877920633769e-5,2.9614808004897655e-5,2.366093333379892e-5,1.892369092067756e-5,1.5149428159654216e-5,1.2138713719894652e-5,9.734379932159747e-6,7.812306413622718e-6,6.274286002084687e-6,5.042481656256434e-6,4.0551051006400924e-6,3.263037884343414e-6,2.627182270540763e-6,2.1163793237750727e-6,1.7057691945019345e-6,1.3754971269761298e-6,1.1096904570672114e-6,8.956485144134698e-7,7.232001472448805e-7,5.841934737949936e-7,4.7209012279674085e-7,3.8164217868139924e-7,3.0863468691892543e-7,2.496802010810348e-7,2.020546938958949e-7,1.6356638478868343e-7,1.324507908542141e-7,1.0728669090475571e-7,8.692878398338458e-8,7.045368695537601e-8,5.711659938681604e-8,4.631650604528274e-8,3.756821779648708e-8,3.047989385897238e-8,2.4734960713746096e-8,2.007755992705807e-8,1.6300830180711197e-8,1.3237466915260575e-8,1.0752113335162257e-8,8.73522475714459e-9,7.0981188880717395e-9,5.768981156898733e-9,4.689639540716583e-9,3.81295965729527e-9,3.100740057454277e-9,2.5220110613901103e-9,2.0516592922474545e-9,1.6693151802171264e-9,1.3584528710938245e-9,1.105661759089531e-9,9.000567413282112e-10,7.328006378267196e-10,5.967173342066674e-10,4.85978326818896e-10,3.958486749851447e-10,3.224810478890804e-10,2.6274871897520866e-10,2.1411010934584952e-10,1.74498893956653e-10,1.422348258000488e-10,1.1595135579971174e-10,9.453687206257267e-11,7.708698556513197e-11,6.286577753339294e-11,5.127431888395001e-11,4.182509201058345e-11,3.41212042116071e-11,2.7839491917689346e-11,2.2716784896021535e-11,1.8538737394152553e-11,1.5130744907100212e-11,1.2350555821734124e-11,1.0082260667660219e-11,8.231401295780304e-12,6.720990673569069e-12,5.4882732349183926e-12,4.482087586062404e-12,3.6607192433037695e-12,2.9901520885986155e-12,2.442644298365638e-12,1.9955683675185177e-12,1.630466118812678e-12,1.332278747089984e-12,5.443596965332248e-13
0.0013042419592348038,0.001670384217354666,0.0012037238553237808,0.0008954748915503963,0.0006778653332192141,0.0005190101402857573,0.0004006368008109889,0.0003111838099583821,0.00024289111356743526,0.00019034462325688518,0.00014966343443253635,0.00011801002633212961,9.327835278896755e-5,7.388684433624415e-5,5.863661643924897e-5,4.661190777675069e-5,3.710877920633769e-5,2.9583231601068528e-5,2.3612958035653417e-5,1.886884068872627e-5,1.5093516320524515e-5,1.2085133224579267e-5,9.684961326469422e-6,7.767887877044912e-6,6.235090855803726e-6,5.008366839031621e-6,4.0257231208109005e-6,3.237940826224127e-6,2.6058871258606724e-6,2.0984076607667287e-6,1.6906699538251053e-6,1.3628584715190355e-6,1.09914465897735e-6,8.868725419395876e-7,7.159137160770338e-7,5.781557182417241e-7,4.670956304772198e-7,3.775168548768296e-7,3.052317297562372e-7,2.4687634651478055e-7,1.997468099587111e-7,1.6166844401951263e-7,1.308912187304846e-7,1.0600607003102842e-7,8.587788409923576e-8,6.959178668440664e-8,5.641006493410082e-8,4.57375933551041e-8,3.709406714684598e-8,3.009168888063004e-8,2.441722700501698e-8,1.981758156881824e-8,1.608816538623659e-8,1.306354673164219e-8,1.060990970509405e-8,8.618976350328114e-9,7.00310493595119e-9,5.691335097581549e-9,4.62619561833168e-9,3.761126761736197e-9,3.058398048743306e-9,2.48742563163869e-9,2.023412094974691e-9,1.6462465217865984e-9,1.3396147296994818e-9,1.0902792875940377e-9,8.874967352561908e-10,7.225457178109837e-10,5.883448143239003e-10,4.791429236149392e-10,3.9026836303302385e-10,3.179254921013708e-10,2.5902981639760125e-10,2.1107425726844378e-10,1.7202067044422854e-10,1.4021182545953857e-10,1.1429997021002072e-10,9.318884254768606e-11,7.598658726928135e-11,6.1967519430626e-11,5.054106538417101e-11,4.122652899988252e-11,3.36325864781197e-11,2.744062041146071e-11,2.2391171698381506e-11,1.8272923986476876e-11,1.4913745617369107e-11,1.217340348565449e-11,9.937635741713137e-12,8.113329105617614e-12,6.624594285384938e-12,5.409571734642394e-12,4.4178314263426955e-12,3.6082558478152357e-12,2.9473161550337206e-12,2.407668261310523e-12,1.967009316379284e-12,1.6071461470508074e-12,1.3132362640118503e-12,1.073169383196262e-12,4.3853169007359144e-13
