0.06134155474834735,0.10746030989040323,0.09727702267048177,0.08900024337448231,0.08193916379278532,0.07576401855136616,0.07027998487528664,0.06535790099427619,0.060905688820603876,0.0568543290371919,0.05315014850027122,0.049750219801498075,0.04661944318109479,0.04372860399715228,0.04105302817930867,0.03857162113941626,0.036266161948586895,0.03412077288811155,0.032121512791176254,0.030256059833646876,0.028513460295824244,0.02688392687238539,0.02535867479359455,0.023929787223388177,0.022590103625095947,0.021333126353105636,0.02015294186719313,0.01904415379175184,0.018001825659361093,0.017021431633390094,0.016098813857860217,0.015230145351644075,0.014411897568399556,0.013640811909383266,0.012913874603291853,0.012228294468854123,0.01158148316009558,0.010971037556380764,0.010394724015422241,0.009850464251898255,0.009336322637932548,0.008850494753190663,0.008391297036218298,0.007957157410853566,0.00754660677645308,0.007158271266924948,0.006790865196491053,0.006443184618875719,0.006114101436903593,0.00580255800680754,0.00550756218794142,0.005228182795210534,0.004963545415038337,0.004712828550971021,0.004475260069052203,0.004250113915301099,0.004036707081285243,0.003834396796133094,0.0036425779251776785,0.0034606805582610145,0.0032881677712750523,0.0031245335467935814,0.002969300841187114,0.0028220197861429583,0.002682266014104477,0.0025496390978063874,0.002423761095464709,0.0023042751931806812,0.0021908444373205938,0.002083150550425232,0.0019808928242469326,0.0018837870843783633,0.0017915647213491773,0.001703971783340738,0.001620768126395486,0.0015417266178594582,0.0014666323894103883,0.001395282136453381,0.0013274834605217535,0.001263054251874056,0.0012018221096072937,0.0011436237967056527,0.001088304727906081,0.0010357184880570094,0.0009857263790233467,0.0009381969934273253,0.0008930058133647077,0.0008500348325977888,0.000809172200667993,0.000770311887677665,0.0007333533683310262,0.0006982013240720789,0.0006647653622796554,0.0006329597513887748,0.0006027031710203277,0.0005739184761929424,0.0005465324747560805,0.000520475717317205,0.0004956822988442904,0.000472089671266775,0.00022481923324179417
0.10746030989040323,0.18826244655982904,0.17042842958243387,0.1559327606303591,0.1435658428708999,0.13275025867584,0.12314487512408068,0.11452353141825222,0.10672499990501416,0.09962842848482656,0.09313983589133645,0.08718405636164261,0.08169963010142989,0.07663540194600826,0.07194816708867413,0.06760098823900962,0.06356195974963708,0.05980327881994718,0.056300533455145185,0.05303214704852599,0.049978938477071244,0.04712376895430659,0.04445125508925829,0.041947533207952636,0.03960006389014248,0.03739746841866254,0.03532939083220554,0.03338638071773603,0.03155979295949607,0.029841701458684144,0.028224824456914543,0.026702459567324643,0.02526842697494791,0.023917019558184427,0.022642958905593813,0.021441356380069165,0.02030767852989407,0.01923771625505505,0.01822755723538383,0.017273561204945054,0.016372337715921614,0.015520726090422765,0.014715777300423283,0.01395473755493093,0.013235033399579932,0.012554258162303433,0.011910159601381448,0.011300628627519932,0.010723688989626196,0.010177487826761089,0.009660286999940426,0.009170455129050376,0.008706460266272337,0.008266863146668996,0.007850310963638002,0.007455531620793127,0.007081328418237415,0.006726575135314439,0.0063902114751554495,0.00607123884131236,0.005768716417717049,0.005481757527203215,0.0052095262465152725,0.004951234256658013,0.004706137910228392,0.004473535498528594,0.0042527647036845195,0.004043200220987406,0.003844251538787896,0.003655360864655871,0.00347600118659655,0.0033056744596302173,0.003143909908764647,0.002990262439868163,0.0028443111512247918,0.0027056579383084867,0.0025739261853911233,0.002448759538348909,0.002329820752780744,0.0022167906125190873,0.002109366913841705,0.0020072635108648873,0.001910209418409102,0.0018179479682678273,0.0017302360154701699,0.00164684319154354,0.0015675512015172685,0.0014921531620439507,0.0014204529779111817,0.0013522647547548408,0.0012874122455040285,0.0012257283285229265,0.0011670545156287453,0.0011112404880053856,0.0010581436584053035,0.0010076287580176972,0.0009595674464953421,0.0009138379438667493,0.0008703246828997493,0.0008289179807308526,0.0003947568643626609
0.09727702267048177,0.17042842958243387,0.15428798233937835,0.14116851992535828,0.12997545496763907,0.12018626957800604,0.11149226564302417,0.1036887858556601,0.09662993219810478,0.09020634321622722,0.08433297330224265,0.07894180326016143,0.07397721658968326,0.06939292155513543,0.06514982076827147,0.06121448836180554,0.0575580516333456,0.05415535056880527,0.05098429351128253,0.04802535456063994,0.045261175502617546,0.04267624624558841,0.04025664516783867,0.037989825852713155,0.035864440214740334,0.03387019050360818,0.03199770447670225,0.030238429338930173,0.02858454102651098,0.02702886613275557,0.02556481433402369,0.024186319600041417,0.022887788796491004,0.021664056550415867,0.020510345450208745,0.01942223081289096,0.01839560938480811,0.017426671440379515,0.016511875832409484,0.015647927617901847,0.014831757936563494,0.014060505869106898,0.013331502040269672,0.012642253766663059,0.011990431573178306,0.011373856927421794,0.010790491062154628,0.010238424769594107,0.009715869067741745,0.009221146650495782,0.008752684043431797,0.008309004397627356,0.007888720859452941,0.007490530462624961,0.007113208495206469,0.006755603297719903,0.006416631454337296,0.006095273342842586,0.00579056901197994,0.005501614359308363,0.005227557583537212,0.004967595888934237,0.0047209724218330446,0.00448697342010386,0.004264925558975646,0.004054193477645879,0.0038541774733071438,0.0036643113492151325,0.0034840604053315433,0.0033129195613306184,0.0031504116018245126,0.0029960855350380233,0.0028495150568143626,0.0027102971122676886,0.0025780505485511543,0.002452414851986502,0.002333048963777111,0.002219630169206059,0.002111853054991432,0.002009428530348023,0.001912082907509459,0.001819557037621336,0.0017316054986490081,0.001647995831617552,0.0015685078220985665,0.0014929328242349466,0.0014210731243542302,0.0013527413417965574,0.0012877598644891637,0.0012259603172868581,0.0011671830608429475,0.0011112767191694302,0.0010580977342387402,0.0010075099458346642,0.0009593841951978203,0.0009135979509977271,0.000870034956267151,0.0008285848951464052,0.000789143078139723,0.0007516101448107743,0.00035794589149030706
0.08900024337448231,0.1559327606303591,0.14116851992535828,0.12916740088463952,0.11892826185646399,0.10997319137858952,0.10201984480177106,0.09488103651011448,0.08842332388778096,0.0825466816893452,0.07717332458412396,0.07224104001602782,0.06769895921745528,0.06350474204817447,0.05962262846020128,0.056022045683700394,0.05267658535339681,0.04956323479140523,0.04666178768996876,0.04395438442471,0.04142514797309005,0.039059891637709065,0.036845881565007677,0.03477164169117719,0.03282679197188243,0.031001913024097605,0.02928843195821995,0.027678525374944862,0.026165036395881858,0.02474140325662494,0.023401597503339255,0.022140070223558905,0.020951705037968393,0.01983177682015369,0.01877591529535655,0.01778007281645705,0.016840495737441452,0.015953698894710044,0.015116442787862117,0.014325713116013994,0.013578702374408724,0.01287279326172952,0.01220554368311172,0.011574673166043437,0.010978050527929467,0.010413682657655216,0.009879704292226149,0.009374368682263073,0.008896039055045185,0.008443180794395155,0.008014354265963336,0.007608208226063784,0.007223473757285881,0.0068589586817658366,0.006513542408844192,0.00618617117702068,0.005875853655417818,0.0055816568733803446,0.005302702449504912,0.005038163095516926,0.004787259371191593,0.00454925666982503,0.004323462415989673,0.004109223458070771,0.003905923640392661,0.0037129815406988648,0.0035298483607593273,0.003356005957869862,0.0031909650067580286,0.003034263282555745,0.0028854640555608033,0.0027441545897662206,0.002609944737732829,0.002482465624777025,0.0023613684165003854,0.002246323163483596,0.002137017717860068,0.0020331567171066253,0.0019344606301779713,0.0018406648619140945,0.0017515189118376823,0.0016667855836003873,0.0015862402420092556,0.0015096701142642,0.001436873632584993,0.0013676598157502697,0.0013018476868506094,0.00123926572508452,0.0011797513493397166,0.0011231504317484702,0.0010693168391719167,0.001018112000929345,0.0009694045012655257,0.0009230696949163834,0.000878989344442617,0.0008370512779884501,0.0007971490662176603,0.0007591817173727509,0.0007230533892702024,0.0006886731172501478,0.00032797727861194007
0.08193916379278532,0.1435658428708999,0.12997545496763907,0.11892826185646399,0.10950281898029068,0.10125925847636852,0.09393771181001576,0.08736589445837595,0.08142098665129271,0.07601092572422408,0.07106411843182547,0.06652330454504773,0.06234166451858303,0.058480228438121395,0.054906082606579254,0.051591087613137576,0.04851093689328567,0.04564444921258959,0.04297302626862187,0.04048022960354991,0.03815144551067595,0.035973616029243316,0.0339350203721398,0.032025095402922976,0.030234286746677053,0.028553924210060866,0.026976116704435782,0.025493662967042807,0.024099975198484558,0.022789013341977915,0.021555228201411203,0.02039351195384359,0.019299154884598047,0.01826780739418521,0.017295446495688538,0.01637834615671746,0.015513050952350949,0.01469635257841373,0.013925268849239891,0.013197024863377205,0.012509036065492501,0.011858892974772578,0.011244347381938136,0.010663299846617236,0.010113788346696545,0.009593977952947391,0.00910215141947815,0.008636700592250274,0.008196118551623444,0.007778992414653102,0.007383996731386039,0.007009887418235383,0.0066554961761789155,0.006319725348578886,0.00600154317879556,0.005699979430699165,0.005414121340063305,0.005143109867965373,0.004886136229774823,0.004642438677105301,0.004411299510822614,0.004192042306247784,0.003984029333743505,0.003786659158575942,0.0035993644060696717,0.003421609678954496,0.003252889615650914,0.0030927270782339575,0.0029406714604243572,0.0027962971070121176,0.002659201836172756,0.0025290055572943573,0.0024053489774820344,0.0022878923902713427,0.0021763145410533327,0.002070311563525308,0.0019695959823033404,0.0018738957774059317,0.0017829535061225366,0.001696525478521116,0.0016143809830203928,0.0015363015585835582,0.0014620803107094175,0.0013915212681195228,0.0013244387775446578,0.001260656934330348,0.0012000090463781463,0.0011423371294243187,0.0010874914315779395,0.0010353299854514234,0.0009857181860010722,0.0009385283925274247,0.0008936395534488023,0.0008509368523383389,0.0008103113740002936,0.0007716597893494322,0.0007348840579448276,0.0006998911472081443,0.000666592767233241,0.0006349051202837949,0.0003023743320952647
0.07576401855136616,0.13275025867584,0.12018626957800604,0.10997319137858952,0.10125925847636852,0.09363786450350475,0.08686879175094453,0.08079278368457143,0.07529630806076226,0.0702942638815387,0.06572047163281125,0.06152200090421278,0.05765557239184793,0.05408516278261155,0.05078034696219236,0.04771511302849096,0.04486699204841038,0.042216404049007616,0.03974615664033587,0.037441053926357326,0.03528758675534349,0.033273684060584174,0.03138851081990257,0.029622302111240395,0.027966225485232976,0.02641226580842082,0.02495312813444933,0.023582155178425157,0.022293256730625377,0.021080848907044092,0.019939801570168447,0.018865392584867358,0.017853267826170194,0.016899406060084998,0.01600008797519148,0.015151868767961874,0.014351553788601257,0.013596176830830975,0.012882980718204318,0.012209399894351963,0.011573044765973706,0.01097168758624903,0.01040324969575171,0.009865789965346927,0.00935749430391225,0.008876666113765863,0.008421717592634992,0.007991161791797569,0.007583605352721096,0.007197741853541412,0.006832345704601617,0.006486266540441599,0.00615842405993311,0.005847803272779131,0.005553450115565975,0.005274467403261096,0.005010011086564653,0.004759286788424119,0.004521546595291651,0.004296086082213685,0.004082241551500193,0.0038793874675413648,0.003686934072232126,0.003504325166114708,0.0033310360423153412,0.0031665715611647743,0.003010464355101293,0.002862273153447857,0.0027215812181416096,0.00258799488247273,0.0024611421849374676,0.002340671591382751,0.002226250799125855,0.0021175656170695847,0.002014318916732309,0.001916229648936063,0.001823031921657399,0.0017344741350745693,0.0016503181696642874,0.0015703386238853957,0.0014943220981453037,0.0014220665218667335,0.0013533805210439454,0.0012880828234217608,0.0012260016988967191,0.0011669744330331105,0.0011108468313975953,0.0010574727528658047,0.001006713669979422,0.0009584382548134193,0.0009125219886126183,0.0008688467937650567,0.0008273006868301479,0.0007877774512259801,0.0007501763284441243,0.0007144017266491592,0.000680362945600933,0.0006479739170030634,0.0006171529592670002,0.0005878225458565457,0.00027995454324203015
0.07027998487528664,0.12314487512408068,0.11149226564302417,0.10201984480177106,0.09393771181001576,0.08686879175094453,0.08059031401574246,0.07495458903814778,0.06985633055251839,0.06521661851443228,0.06097408002473981,0.057079628934822324,0.05349312917641402,0.050181173609392005,0.04711554664190287,0.044272125315963584,0.041630072276253816,0.03917122926769723,0.03687965217858735,0.03474124836105075,0.03274348938283467,0.03087518043196713,0.02912627295388559,0.027487710762607143,0.025951302411887145,0.02450961440466487,0.02315588112085165,0.021883928287398657,0.02068810752034156,0.019563239989033365,0.018504567657022186,0.01750771086144609,0.016568631226415498,0.015683599095374867,0.014849164812650861,0.014062133300519142,0.01331954147440817,0.012618638109935243,0.011956865839599318,0.011331845007792829,0.010741359151196783,0.01018334190765921,0.009655865183934575,0.009157128438062906,0.008685448949195818,0.008239252966263433,0.007817067641668035,0.007417513666202691,0.007039298533164456,0.006681210367993878,0.006342112267079036,0.006020937096936144,0.005716682708974172,0.005428407531096843,0.0051552265020075455,0.004896307316587384,0.004650866954905922,0.004418168470113656,0.004197518012570442,0.003988262070818843,0.0037897849106230674,0.00360150619590599,0.003422878777175939,0.003253386633634822,0.0030925429569827884,0.002939888365689265,0.002794989240085609,0.002657436168626244,0.0025268424970457948,0.002402842973045903,0.0022850924791906688,0.0021732648476835356,0.0020670517511680794,0.001966161664007947,0.001870318889334116,0.001779262646984879,0.0016927462181694289,0.00161053614317732,0.0015324114682879024,0.0014581630386687056,0.001387592834198828,0.0013205133452655476,0.0012567469861136833,0.0011961255430885769,0.0011384896555466512,0.0010836883274793208,0.0010315784677208187,0.0009820244570270843,0.0009348977402440679,0.0008900764421368099,0.0008474450052649192,0.0008068938485757335,0.000768319045526435,0.0007316220204407406,0.0006967092620504978,0.0006634920531624934,0.0006318862154654978,0.0006018118686461401,0.0005731932028762085,0.0005459582638968705,0.00026001937501198
0.06535790099427619,0.11452353141825222,0.1036887858556601,0.09488103651011448,0.08736589445837595,0.08079278368457143,0.07495458903814778,0.06971400010235262,0.0649731298046412,0.060658604329918875,0.05671336380466285,0.05309177158093892,0.04975651205742626,0.04667652562602831,0.04382557933862652,0.04118124522570499,0.03872414998553397,0.03643741110939036,0.03430620460464029,0.03231742780708524,0.030459432323199476,0.02872180964351534,0.027095216949907464,0.025571234044168945,0.024142244690827597,0.022801337333546723,0.021542221354726054,0.020359155925463945,0.019246889149203528,0.018200605686318094,0.01721588142272401,0.01628864403142205,0.015415138493043767,0.014591896817686467,0.013815711345324166,0.013083611110046633,0.012392840842900571,0.011740842254180178,0.011125237295644463,0.010543813150397013,0.009994508733870089,0.00947540252285442,0.008984701554879987,0.008520731463864673,0.008081927433782193,0.00766682596937826,0.007274057396718325,0.006902339015657011,0.006550468837263568,0.006217319847012098,0.005901834741338,0.005603021092203703,0.005319946898030156,0.005051736484972716,0.00479756672680709,0.004556663554019791,0.004328298726592614,0.0041117868474699615,0.0039064825956564575,0.0037117781609175005,0.0035271008626230754,0.003351910937705191,0.003185699484333518,0.0030279865484716395,0.0028783193421721906,0.0027362705831700113,0.00260143694680718,0.0024734376213153206,0.002351912958764253,0.0022365232148290545,0.0021269473705687048,0.002022882030334315,0.0019240403903614187,0.001830151272890601,0.001740958221436939,0.0016562186526756784,0.0015757030610679956,0.0014991942728083338,0.0014264867455169791,0.0013573859106930826,0.001291707556079269,0.0012292772451935469,0.0011699297717783393,0.0011135086466940586,0.0010598656151878313,0.001008860202720497,0.0009603592873718182,0.0009142366972317156,0.000870372831120781,0.0008286543013119423,0.0007889735967522467,0.0007512287655493666,0.0007153231156176807,0.000681164932280303,0.0006486672118512504,0.0006177474102124162,0.0005883272054694223,0.0005603322739135743,0.0005336920784180764,0.0005083396685484267,0.00024210574587936115
0.060905688820603876,0.10672499990501416,0.09662993219810478,0.08842332388778096,0.08142098665129271,0.07529630806076226,0.06985633055251839,0.0649731298046412,0.060555509998085455,0.056535112896965556,0.052858778996457634,0.04948399111581736,0.04637598427494671,0.04350582180442153,0.040849063720914014,0.038384814889054764,0.03609502600381875,0.033963968264574707,0.03197783065111204,0.030124405788610975,0.02839284114833207,0.026773439318705572,0.025257495722500134,0.02383716532765473,0.022505352103219578,0.021255616524334442,0.020082097557713063,0.018979446376661158,0.017942769665965252,0.016967580827832673,0.01604975775021239,0.01518550606509761,0.014371327026735992,0.013603989303840214,0.012880504105662938,0.012198103162381846,0.01155421916364796,0.010946468320699398,0.010372634773000544,0.009830656604392918,0.009318613267007503,0.008834714242399316,0.008377288792992182,0.007944776678922016,0.007535719730115742,0.007148754179539668,0.006782603676367793,0.006436072906486068,0.0061080417579487956,0.005797459976243841,0.005503342260551117,0.005224763758741452,0.004960855922319055,0.004710802687750551,0.004473836954617227,0.0042492373331960015,0.004036325137703495,0.0038344616037659512,0.0036430453105026628,0.003461509790428835,0.0032893213109116554,0.003125976813178874,0.002971001996400227,0.0028239495348822696,0.00268439741799701,0.0025519474031175243,0.0024262235732079585,0.002306870990706693,0.0021935544405379537,0.0020859572558723644,0.0019837802202951615,0.0018867405409021265,0.0017945708872500882,0.0017070184913592981,0.001623844304687122,0.001544822207850613,0.0014697382694868824,0.001398390051066404,0.0013305859543276469,0.001266144608551966,0.0012048942950249886,0.0011466724061275635,0.0010913249369601287,0.0010387060071967956,0.0009886774112411283,0.0009411081949911547,0.0008958742573686833,0.0008528579751296353,0.0008119478494117288,0.0007730381727824084,0.0007360287153882657,0.0007008244290550199,0.0006673351683086047,0.0006354754271956833,0.0006051640909946806,0.0005763242018990561,0.0005488827378196948,0.0005227704035862171,0.000497921433735015,0.0004742734062130223,0.0002258835332059556
0.0568543290371919,0.09962842848482656,0.09020634321622722,0.0825466816893452,0.07601092572422408,0.0702942638815387,0.06521661851443228,0.060658604329918875,0.056535112896965556,0.05278234891949052,0.04935070126884211,0.04620049071574661,0.043299272725020876,0.04062004198926805,0.038139989694818355,0.035839615223421495,0.03370207379851142,0.03171268622892076,0.029858563070548794,0.028128311463312627,0.026511802942316365,0.024999987043656968,0.023584739856484738,0.0222587396331268,0.021015363625841277,0.019848601767609775,0.018752983866660355,0.017723517747395168,0.016755636340902602,0.015845152148976527,0.014988217832344941,0.014181291922304717,0.013421108843778007,0.012704652591013388,0.01202913351452875,0.011391967771761435,0.010790759071729994,0.01022328240145054,0.009687469473699695,0.009181395676805065,0.008703268338183329,0.008251416142476403,0.007824279567182651,0.007420402219215361,0.00703842296958071,0.006677068798391805,0.006335148274395408,0.006011545601275661,0.0057052151725159456,0.005415176583360284,0.005140510054317524,0.00488035222677885,0.0046338922945421135,0.004400368439927471,0.004179064546896524,0.003969307165608893,0.0037704627062387086,0.0035819348420458724,0.0034031621033989434,0.003233615647078067,0.0030727971856781,0.002920237064045539,0.002775492471104486,0.0026381457759099697,0.002507802978242768,0.002384092264668257,0.0022666626622650024,0.002155182782220065,0.00204933964660433,0.0019488375923755394,0.001853397246690064,0.0017627545684101367,0.001676659951072225,0.0015948773828338147,0.0015171836595915845,0.0014433676473296908,0.0013732295903283384,0.0013065804622608389,0.0012432413570694321,0.0011830429170248298,0.001125824795492756,0.0010714351520212245,0.001019730177792423,0.0009705736492891734,0.0009238365083766645,0.0008793964672199756,0.0008371376363155991,0.0007969501742525857,0.00075872995776269,0.0007223782709050702,0.0006878015120798751,0.0006549109177968124,0.0006236223022377391,0.0005938558115665699,0.0005655356921380524,0.0005385900717486038,0.000512950753132662,0.0004885530190327659,0.0004653354480850056,0.0004432397408937073,0.00021110527787458148
0.05315014850027122,0.09313983589133645,0.08433297330224265,0.07717332458412396,0.07106411843182547,0.06572047163281125,0.06097408002473981,0.05671336380466285,0.052858778996457634,0.04935070126884211,0.046142763051997715,0.04319787928186003,0.04048572654045879,0.03798106498097287,0.035662576847885874,0.03351203625993093,0.031513699511363735,0.029653846872480516,0.027920431327118744,0.0263028045798126,0.0247915000503533,0.02337805866863929,0.022054887330719142,0.02081514264359363,0.019652634508621425,0.01856174544749406,0.017537362558227854,0.016574819701716592,0.015669848052593027,0.014818533541382739,0.014017280020342193,0.013262777217627142,0.012551972720901444,0.011882047374692284,0.011250393585494706,0.01065459611635794,0.010092415025437729,0.009561770456677665,0.009060729039243709,0.008587491690737692,0.008140382648224642,0.007717839578332331,0.007318404638289977,0.006940716378961875,0.006583502393792823,0.006245572631624785,0.00592581330252108,0.005623181313293188,0.005336699178320595,0.005065450357569862,0.004808574979238409,0.004565265910171271,0.0043347651402142195,0.004116360451235784,0.003909382345035156,0.0037132012062430914,0.0035272246794887246,0.0033508952421363314,0.003183687955485237,0.003025108379788713,0.002874690638902999,0.0027319956223557026,0.0025966093139511773,0.0024681412364806338,0.002346223003485047,0.0022305069695873064,0.0021206649721093457,0.0020163871566811764,0.001917380880593192,0.00182336968832824,0.0017340923537421185,0.0016493019841135326,0.0015687651816384991,0.001492261258180378,0.0014195814997169237,0.0013505284768011126,0.001284915397886232,0.0012225655027377977,0.0011633114930259883,0.0011069949976731386,0.001053466070641662,0.0010025827189319436,0.0009542104589623027,0.0009082218993212918,0.0008644963482106471,0.0008229194441028709,0.0007833828080040794,0.000745783716028214,0.0007100247909361205,0.0006760137115606295,0.0006436629388972444,0.0006128894578565358,0.0005836145337803807,0.0005557634827434779,0.000529265454847265,0.0005040532297053094,0.0004800630233757139,0.0004572343061126378,0.0004355096302280925,0.0004148344674786853,0.00019757852773347228
0.049750219801498075,0.08718405636164261,0.07894180326016143,0.07224104001602782,0.06652330454504773,0.06152200090421278,0.057079628934822324,0.05309177158093892,0.04948399111581736,0.04620049071574661,0.04319787928186003,0.04044145230407026,0.037902832825822186,0.035558401093762515,0.03338820764103512,0.031375196368549574,0.02950463398862624,0.027763681242383598,0.026141064189189933,0.02462681780526821,0.023212082911212073,0.021888943152027218,0.020650292541483373,0.01948972667162613,0.018401452487175285,0.01738021279173979,0.01642122257310996,0.015520114902226045,0.014672894659382263,0.013875898709223067,0.013125761431888705,0.012419384735011085,0.011753911836395847,0.011126704241229773,0.010535321440304918,0.009977502937851768,0.009451152285649633,0.008954322850320051,0.0084852050860528,0.008042115120956622,0.007623484492367161,0.007227850891924237,0.006853849800513401,0.006500206911125378,0.006165731249719947,0.005849308917323742,0.0055498973870492935,0.005266520296796626,0.004998262686722002,0.004744266636470082,0.004503727262328117,0.0042758890398195415,0.004060042420071935,0.0038555207125725577,0.003661697210185333,0.0034779825340699178,0.003303822179107921,0.0031386942423411723,0.002982107318414133,0.0028335985483166626,0.002692731808150113,0.0025590960264901402,0.002432303620162904,0.0023119890386724892,0.002197807408809281,0.002089433271500178,0.001986559404084799,0.001888895721192843,0.0017961682483749603,0.0017081181632816536,0.0016245008992135518,0.0015450853065712075,0.0014696528680637581,0.0013979969637562817,0.0013299221826261684,0.0012652436771814733,0.0012037865581940761,0.0011453853269486267,0.0010898833422875592,0.0010371323201823074,0.0009869918636648614,0.0009393290210322966,0.0008940178706137794,0.0008509391302193234,0.0008099797896964217,0.0007710327652135484,0.0007339965737641289,0.0006987750266803858,0.0006652769408968147,0.000633415866953731,0.0006031098325987565,0.000574281101046745,0.0005468559430579552,0.0005207644219186233,0.0004959401905819082,0.0004723203002197189,0.0004498450194886476,0.00042845766392239984,0.00040810443478735657,0.0003887342668534282,0.00018514934230130656
0.04661944318109479,0.08169963010142989,0.07397721658968326,0.06769895921745528,0.06234166451858303,0.05765557239184793,0.05349312917641402,0.04975651205742626,0.04637598427494671,0.043299272725020876,0.04048572654045879,0.037902832825822186,0.03552400660258259,0.033327119633187796,0.03129348214924499,0.029407115000639195,0.027654215134622295,0.026022753895077466,0.02450216907379199,0.023083124704125824,0.021757320815478154,0.020517340710619614,0.01935652687689743,0.018268879067876498,0.017248969777259704,0.01629187351409922,0.01539310715052744,0.014548579238417458,0.013754546658846456,0.013007577312976859,0.012304517830730138,0.011642465477240682,0.011018743591785451,0.010430880019419941,0.009876588091725702,0.009353749789984739,0.008860400787876727,0.00839471711785364,0.007955003247833381,0.007539681388518571,0.007147281877079054,0.006776434506802376,0.0064258606903832005,0.006094366361347303,0.005780835529376471,0.0054842244176148,0.005203556119834821,0.004937915721966432,0.004686445840291403,0.004448342534143321,0.0042228515557885815,0.0040092649051860635,0.0038069176599600935,0.0036151850549312886,0.0034334797886035745,0.0032612495356611343,0.0030979746473058234,0.002943166023045493,0.0027963631389371496,0.0026571322194471336,0.002525064540490028,0.00239977485294212,0.002280899917089428,0.0021680971388652256,0.0020610432999416256,0.0019594333742383313,0.0018629794244630904,0.001771409572290196,0.001684467036699104,0.0016019092355965478,0.0015235069458725096,0.0014490435177008064,0.0013783141392051945,0.0013111251478184933,0.0012472933852155227,0.0011866455925905219,0.0011290178435178037,0.0010742550119613795,0.0010222102728849672,0.0009727446333364018,0.000925726491977176,0.0008810312251014696,0.0008385407975424891,0.0007981433967038896,0.0007597330882418794,0.0007232094921042799,0.0006884774775151939,0.0006554468757710621,0.0006240322096675126,0.0005941524386111896,0.0005657307183464088,0.0005386941744165465,0.0005129736885729694,0.0004885036972734555,0.0004652220015749168,0.00044306958771814405,0.00042199045775188557,0.00040193146964571935,0.00038284218627003454,0.0003646747327300326,0.00017369183080309354
0.04372860399715228,0.07663540194600826,0.06939292155513543,0.06350474204817447,0.058480228438121395,0.05408516278261155,0.050181173609392005,0.04667652562602831,0.04350582180442153,0.04062004198926805,0.03798106498097287,0.035558401093762515,0.033327119633187796,0.0312664692736353,0.029358923156379002,0.027589496335865382,0.025945244525006017,0.024414887395103613,0.022988519793394724,0.02165738648716048,0.020413703759353974,0.01925051619183138,0.018161580300370184,0.017141268960269185,0.016184492141738283,0.015286630587566019,0.014443479874124865,0.013651202883040447,0.012906289149227645,0.012205519874283338,0.011545937645319304,0.010924820090263632,0.010339656845734901,0.009788129331318174,0.009268092914259951,0.008777561120721367,0.008314691609542041,0.007877773668595184,0.007465217033657046,0.007075541861284368,0.006707369711040495,0.006359415414793651,0.006030479727750393,0.00571944267166738,0.005425257491250821,0.005146945156302332,0.00488358935135802,0.00463433190077861,0.004398368584563647,0.00417494530535438,0.003963354571625458,0.003762932266774391,0.0035730546762903492,0.0033931357489444675,0.0032226245708079637,0.0030610030324553367,0.0029077836723149786,0.0027625076807985885,0.002624743051146211,0.0024940828649497038,0.002370143700689893,0.002252564155250228,0.0021410034694610766,0.0020351402490988227,0.0019346712738986666,0.0018393103876070543,0.001748787463086314,0.0016628474364754758,0.0015812494052706537,0.0015037657857520405,0.001430181525209795,0.0013602933650402778,0.001293909151075235,0.0012308471876998316,0.00117093563283489,0.0011140119307546069,0.0010599222801505534,0.0010085211351593855,0.0009596707369640863,0.0009132406739751735,0.0008691074686888942,0.0008271541893884009,0.0007872700851856707,0.0007493502427512837,0.0007132952633495896,0.0006790109589660479,0.000646408066203084,0.0006154019768809717,0.0005859124842363828,0.0005578635438318429,0.0005311830481723612,0.0005058026142038732,0.0004816573829553965,0.0004586858305200628,0.0004368295897231259,0.000416033281818386,0.00039624435760080533,0.00037741294741908387,0.00035949171950517937,0.00034243574613945695,0.0001631011886159316
0.04105302817930867,0.07194816708867413,0.06514982076827147,0.05962262846020128,0.054906082606579254,0.05078034696219236,0.04711554664190287,0.04382557933862652,0.040849063720914014,0.038139989694818355,0.035662576847885874,0.03338820764103512,0.03129348214924499,0.029358923156379002,0.02756807989131027,0.025906887388998823,0.024363196017938238,0.0229264179138553,0.021587255932288663,0.020337492226701614,0.01916982080100116,0.01807771308878159,0.01705530873534017,0.016097325893462633,0.015198986827343719,0.014355955663922781,0.013564285889839711,0.012820375742482848,0.012120930055053936,0.011462927419013974,0.010843591762944443,0.010260367626081984,0.009710898540946616,0.009193008049981799,0.008704682965772842,0.008244058552104333,0.007809405359254812,0.007399117488347651,0.007011702096969247,0.0066457699879008125,0.0063000271451904705,0.005973267102800078,0.005664364046960552,0.005372266568181849,0.005095991988778956,0.004834621202615574,0.004587293972391895,0.0043532046356318105,0.004131598177389478,0.003921766632570461,0.003723045785016657,0.003534812134925999,0.0033564801084975393,0.003187499487221898,0.00302735303692616,0.0028755543181371995,0.0027316456617727386,0.0025951962957355135,0.002465800609211949,0.0023430765433777034,0.002226664097561823,0.002116223941449051,0.0020114361249246246,0.0019119988775120264,0.0018176274904202205,0.001728053274654466,0.0016430225895715245,0.0015622959362514462,0.0014856471108647754,0.001412862413743391,0.001343739909886666,0.0012780887372155526,0.0012157284591608059,0.0011564884583527592,0.0011002073686677376,0.0010467325427882639,0.0009959195528471305,0.000947631722012704,0.0009017396847723277,0.000858120974042538,0.000816659633319998,0.0007772458521518501,0.0007397756235154353,0.0007041504215559921,0.0006702768983846853,0.0006380665987984202,0.0006074356916788582,0.0005783047170724986,0.000550598347912469,0.0005242451655496534,0.0004991774481510943,0.00047533097119081304,0.00045264481934044996,0.00043106120900410216,0.0004105253208855648,0.0003909851419697744,0.0003723913163437469,0.00035469700437258406,0.0003378577496831554,0.00032183135350368364,0.00015328887798273178
0.03857162113941626,0.06760098823900962,0.06121448836180554,0.056022045683700394,0.051591087613137576,0.04771511302849096,0.044272125315963584,0.04118124522570499,0.038384814889054764,0.035839615223421495,0.03351203625993093,0.031375196368549574,0.029407115000639195,0.027589496335865382,0.025906887388998823,0.02434607623537577,0.022895650080237806,0.021545663142551907,0.02028738205185987,0.019113087253528227,0.01801591572068334,0.016989734689252634,0.016029039066779605,0.015128867171122717,0.014284730848534932,0.013492557002151018,0.012748638274792112,0.01204959114688875,0.011392320096814124,0.010773986755949955,0.010191983212182149,0.009643908783874222,0.009127549714267186,0.008640861340050987,0.008181952367361939,0.007749070952051795,0.007340592333803547,0.006955007812576269,0.006590914890985761,0.006247008434065976,0.005922072718874918,0.0056149742661465996,0.005324655361121061,0.005050128184600877,0.004790469484594384,0.0045448157290891855,0.004312358688601137,0.004092341402617591,0.0038840544905045515,0.0036868327720231686,0.00350005216660014,0.003323126844648347,0.0031555066064125475,0.00299667446713138,0.002846144429831693,0.0027034594284387897,0.0025681894261819008,0.0024399296557463465,0.002318298988774753,0.0022029384241055577,0.0020935096844650267,0.001989693912764212,0.0018911904601147805,0.0017977157580029296,0.0017090022680615047,0.0016247975032920095,0.0015448631154584697,0.0014689740433664784,0.0013969177174993457,0.0013284933169798695,0.0012635110748484453,0.0012017916281939142,0.0011431654099306847,0.0010874720791853934,0.0010345599877151744,0.000984285679686954,0.0009365134225351388,0.0008911147668856229,0.0008479681334383933,0.000806958425051494,0.0007679766623484591,0.0007309196412322114,0.0006956896109810706,0.0006621939714695855,0.0006303449882951156,0.0006000595247408532,0.0005712587894078757,0.0005438680985788372,0.0005178166523367028,0.0004930373236569658,0.0004694664595880412,0.000447043693792221,0.00042571176979649614,0.0004054163742433694,0.00038610597956708227,0.00036773169551436533,0.00035024712896996896,0.00033360825163185077,0.00031777327502176093,0.0003027025324068939,0.00014417918363132188
0.036266161948586895,0.06356195974963708,0.0575580516333456,0.05267658535339681,0.04851093689328567,0.04486699204841038,0.041630072276253816,0.03872414998553397,0.03609502600381875,0.03370207379851142,0.031513699511363735,0.02950463398862624,0.027654215134622295,0.025945244525006017,0.024363196017938238,0.022895650080237806,0.02153187836893139,0.020262531539793238,0.01907939991902735,0.017975226823434443,0.016943560709246408,0.01597863648293185,0.015075279065510594,0.01422882418705712,0.013435052697881589,0.012690135605522679,0.011990587716810552,0.011333228250137772,0.010715147146386467,0.010133676074886577,0.009586363338878995,0.009070952043207431,0.00858536100718868,0.00812766800318207,0.007696094976119505,0.007288994959028877,0.006904840449156124,0.006542213045857365,0.006199794184455029,0.005876356826415893,0.00557075798597001,0.005281931991839586,0.005008884396784041,0.004750686460747847,0.004506470142150845,0.00427542354143233,0.004056786748577582,0.0038498480514985445,0.0036539404682048027,0.0034684385700033404,0.0032927555667220942,0.0031263406288582346,0.0029686764235967514,0.002819276844764053,0.0026776849191546687,0.0025434708729532157,0.0024162303441329913,0.002295582728096303,0.0021811696449021284,0.002072653518107301,0.0019697162555542824,0.0018720580237879744,0.0017793961086891921,0.0016914638552177064,0.0016080096800987279,0.0015287961516734158,0.0014535991319525425,0.001382206975903643,0.0013144197837153641,0.001250048702249689,0.0011889152719132406,0.0011308508156919056,0.0010756958673348582,0.001023299635833412,0.000973519503771527,0.0009262205570375291,0.0008812751437515497,0.0008385624605171151,0.0007979681640159601,0.0007593840062939169,0.0007227074921608012,0.0006878415571842968,0.0006546942650330363,0.0006231785227987473,0.0005932118131517106,0.0005647159423242971,0.0005376168028252606,0.0005118441500034342,0.00048733139154298957,0.00046401538915545083,0.00044183627163628565,0.00042073725860202436,0.0004006644942963142,0.00038156689079750505,0.00036339598008766193,0.00034610577443693665,0.00032965263459587644,0.0003139951453678593,0.0002990939980782002,0.000284911879540951,0.00013570668358786446
0.03412077288811155,0.05980327881994718,0.05415535056880527,0.04956323479140523,0.04564444921258959,0.042216404049007616,0.03917122926769723,0.03643741110939036,0.033963968264574707,0.03171268622892076,0.029653846872480516,0.027763681242383598,0.026022753895077466,0.024414887395103613,0.0229264179138553,0.021545663142551907,0.020262531539793238,0.019068228677311838,0.017955032122768666,0.01691611584507996,0.01594541114295167,0.01503749500385465,0.014187499395141967,0.013391036762247455,0.012644138240933855,0.01194320195843429,0.011284949428667368,0.01066638850373483,0.010084781685655658,0.009537618854302654,0.009022593663256723,0.008537583004144311,0.008080629053111799,0.0076499235048686776,0.007243793670033055,0.0068606901677364385,0.0064991759920720316,0.006157916765367311,0.005835672022321478,0.005531287393660531,0.005243687576548417,0.004971869996441974,0.004714899078281598,0.004471901057212124,0.004242059267261372,0.004024609855408479,0.0038188378756376373,0.003624073722410831,0.003439689868698012,0.003265097877748563,0.0030997456613233026,0.00294311496077803,0.002794719029314413,0.002654100496646959,0.0025208293995677214,0.002394501363097809,0.0022747359189462107,0.0021611749492968513,0.0020534812449628237,0.0019513371685259753,0.0018544434133693569,0.0017625178507789732,0.0016752944581433366,0.0015925223215652526,0.001513964707086722,0.001439398195090251,0.0013686118732109814,0.0013014065830848388,0.0012375942169292366,0.0011769970603924262,0.001119447178126235,0.0010647858390200292,0.0010128629782609408,0.0009635366935352128,0.0009166727730916986,0.0008721442533059509,0.0008298310037267928,0.0007896193378263278,0.0007514016475899995,0.0007150760603925575,0.0006805461166767262,0.0006477204670045852,0.0006165125873109651,0.0005868405110699432,0.0005586265772967378,0.0005317971934394924,0.0005062826121286761,0.0004820167209551394,0.0004589368444134021,0.00043698355731901055,0.0004161005089171714,0.0003962342570391379,0.000377334111731153,0.00035935198772805207,0.0003422422652635034,0.00032596165870322526,0.0003104690925237732,0.00029572558423462524,0.0002816941337885669,0.0002683396191052517,0.00012781434869038686
