0.061341554748361116,0.09932921638503323,0.08494324590973257,0.07385613434118432,0.06483054459115878,0.057275395410646635,0.05084096946606542,0.04529564117798257,0.0404748116936261,0.03625575898518851,0.03254375305589807,0.029263736572462284,0.026355022081756663,0.02376774408636889,0.021460390718348266,0.0193980304914827,0.01755100378107055,0.015893935072910093,0.014404972734360033,0.013065194014565629,0.011858132528632881,0.01076939819810721,0.009786368105437676,0.008897932522175217,0.008094284416097441,0.007366743613997473,0.006707608875738874,0.006110032657918943,0.005567914480239258,0.005075809660282288,0.004628850835446396,0.004222680192749101,0.003853390717384622,0.0035174750791481385,0.0032117810190128715,0.0029334722928036003,0.002679994386302592,0.002449044342205199,0.002238544143872867,0.0020466171860397467,0.0018715674325406884,0.0017118609198964116,0.0015661093142620153,0.0014330552704112307,0.0013115593753986014,0.0012005884890724725,0.0010992053184133675,0.0010065590834887547,0.000921877151096321,0.0008444575276056916,0.0007736621158310683,0.0007089106524067364,0.0006496752519194599,0.0005954754928818359,0.0005458739881792161,0.0005004723890863726,0.0004589077778000446,0.00042084940846947964,0.0003859957610763574,0.00035407187653198856,0.0003248269446434618,0.00029803211973521756,0.0002734785413911929,0.00025097554010128104,0.00023034900974373395,0.00021143993068293773,0.00019410302896928286,0.00017820555853571146,0.00016362619465917945,0.00015025402813776973,0.0001379876506498747,0.00012673432272726146,0.00011640921661736124,0.00010693472705224126,9.82398436430664e-5,9.02595791945752e-5,8.293444880266951e-5,7.620999509540911e-5,7.00363553954354e-5,6.436786699987843e-5,5.916270712704504e-5,5.43825643959041e-5,4.9992339012909764e-5,4.59598690826582e-5,4.225568071076027e-5,3.88527597849096e-5,3.572634350172438e-5,3.2853729895260014e-5,3.0214103773439473e-5,2.778837762267678e-5,2.555904616045098e-5,2.3510053341939776e-5,2.1626670734172318e-5,1.9895386263610586e-5,1.8303802436805212e-5,1.6840543210880528e-5,1.549516876486436e-5,1.425809749079827e-5,1.3120534579835297e-5,1.20744066365323e-5,5.556150902524714e-6
0.09932921638503323,0.16086234364699958,0.1375770846656872,0.11962988329908164,0.1050186590818516,0.09278701291993041,0.0823690835567048,0.07339008593181529,0.06558368544612381,0.05875130449080168,0.05273965652972867,0.04742728529245188,0.04271598490452233,0.03852505941898854,0.034787329147878965,0.0314462616274489,0.028453854503487586,0.025769037410194207,0.02335644196856773,0.021185439115089688,0.019229374599992466,0.017464954071574612,0.01587174289224036,0.014431755219623144,0.013129113431574968,0.011949763619846454,0.010881236240775943,0.009912443475003058,0.009033506684162612,0.008235608731938737,0.007510866993426624,0.006852223688861486,0.006253350809012265,0.005708567398210726,0.0052127673543967,0.00476135622048017,0.004350195695956682,0.003975554801679729,0.003634066799806976,0.0033226911087859134,0.0030386795663428154,0.002779546488514327,0.002543042051497822,0.0023271285896952973,0.0021299594582779788,0.0019498601563756046,0.0017853114471172438,0.0016349342444265877,0.00149747606604958,0.0013717988772689697,0.0012568681713120873,0.0011517431512911847,0.0010555678943392072,0.0009675633928916301,0.0008870203802774264,0.0008132928582393201,0.0007457922534687984,0.0006839821383897507,0.0006273734584934278,0.000575520215027471,0.0005280155571539703,0.0004844882427647284,0.0004445994314765632,0.00040803977708089335,0.00037452679019815346,0.0003438024448774706,0.00031563100564557193,0.00028979705378672123,0.00026610369385899214,0.0002443709233662262,0.00022443415014853502,0.0002061428436170732,0.00018935930732413885,0.00017395756156080673,0.00015982232580989643,0.00014684809181370008,0.0001349382789366145,0.00012400446430772512,0.00011396568090459068,0.00010474777741636618,9.628283429639482e-5,8.850863092710977e-5,8.136815931984883e-5,7.480918016379914e-5,6.878381744630834e-5,6.32481882192218e-5,5.8162064379899906e-5,5.34885636406697e-5,4.919386710392241e-5,4.524696110963088e-5,4.1619401215507766e-5,3.828509637476612e-5,3.522011155035248e-5,3.240248715425363e-5,2.981207385238107e-5,2.7430381400446978e-5,2.524044029657941e-5,2.3226675146483747e-5,2.1374788728123885e-5,1.967165583689355e-5,9.052613037057865e-6
0.08494324590973257,0.1375770846656872,0.11767023634280704,0.10232602721189954,0.0898332777867148,0.07937455521059955,0.07046621805787834,0.06278793608816802,0.05611207018026643,0.050268891888926026,0.04512738209116274,0.0405837262693961,0.03655398149518907,0.03296917021488355,0.029771866995300766,0.026913746468615773,0.02435377392217597,0.022056839454559052,0.0199927067488449,0.018135190321057204,0.016461502134216044,0.014951726055378312,0.01358839036711712,0.012356116568298409,0.011241328293187886,0.010232008148725324,0.009317493144445355,0.008488301495133327,0.007735985145386259,0.007053003544162995,0.006432615100391281,0.005868783444754347,0.005356096162252827,0.0048896940863140115,0.004465209581432983,0.0040787125104674304,0.0037266628003189,0.003405868694044245,0.003113449921965432,0.0028468051421518467,0.0026035830973000704,0.0023816570162889655,0.002179101855973635,0.001994174035699174,0.0018252933639739607,0.0016710268975735562,0.0015300745076356134,0.0014012559560841048,0.0012834993109973394,0.0011758305508785503,0.0010773642262069845,0.0009872950627420121,0.0009048904045758678,0.0008294834071417186,0.0007604669008211482,0.0006972878547318248,0.0006394423783661653,0.0005864712057160083,0.000537955612559567,0.000493513723143298,0.00045279716703073083,0.00041548805122733345,0.00038129621639522264,0.00034995674917795514,0.0003212277256272565,0.00029488816327921056,0.0002707361617898399,0.00024858721398692343,0.00022827267109585755,0.00020963834753362932,0.00019254325206985402,0.00017685843349000367,0.00016246593006324266,0.0001492578131441387,0.0001371353162085403,0.00012600804142027903,0.00011579323661270241,0.00010641513625729484,9.780436056971574e-5,8.989736748250495e-5,8.263595270275844e-5,7.596679351152039e-5,6.984103238908573e-5,6.421389688519375e-5,5.9044352502129116e-5,5.429478566014293e-5,4.9930714066009994e-5,4.5920522066529514e-5,4.2235218776983025e-5,3.884821698806344e-5,3.573513102020755e-5,3.287359186944505e-5,3.024307813763211e-5,2.7824761368014286e-5,2.5601364537027396e-5,2.355703256010826e-5,2.167721377222551e-5,1.9948551438033195e-5,1.8358784424512273e-5,1.6896656249426514e-5,7.775915894480469e-6
0.07385613434118432,0.11962988329908164,0.10232602721189954,0.08898747789358774,0.07812713842503527,0.06903462213282663,0.06128962189656484,0.05461375445556649,0.048809188348995725,0.04372841827440921,0.03925757841160926,0.03530644446347142,0.031802061073246235,0.02868447822065401,0.02590378504748292,0.02341797899093173,0.021191393389254853,0.01919351055370866,0.017398048246355602,0.0157822447041856,0.01432629084218534,0.013012873551590143,0.011826804206786168,0.010754713466859134,0.009784798319239674,0.008906610763572215,0.008110880032033502,0.00738936207210944,0.006734711381372077,0.006140371308265599,0.005600479717596724,0.005109787522547149,0.0046635880538150876,0.004257655606830418,0.0038881918001475585,0.003551778611988257,0.0032453371510060974,0.0029660913688088833,0.0027115360473638425,0.0024794084967769345,0.002267663482921997,0.0020744509750004678,0.0018980963615800456,0.0017370828331193522,0.0015900356697893178,0.0014557082088830775,0.0013329692959024204,0.0012207920484143438,0.0011182437837358658,0.0010244769800527714,0.0009387211565828578,0.0008602755723810911,0.000788502655134235,0.000722822081904417,0.0006627054428513038,0.0006076714267279348,0.0005572814739761428,0.0005111358492993195,0.0004688700908403818,0.0004301517979216265,0.0003946777232480426,0.0003621711392447994,0.0003323794514196888,0.00030507203442762393,0.0002800382690971905,0.00025708576090032777,0.00023603872239977286,0.00021673650390068282,0.00019903225818541665,0.00018279172663270915,0.00016789213524342605,0.00015422119025670184,0.0001416761640548889,0.0001301630629483401,0.0001195958692752218,0.00010989585094376688,0.00010099093222886487,9.281512023334932e-5,8.530798192668988e-5,7.841416717730191e-5,7.208297361978896e-5,6.626794957964545e-5,6.092653164964899e-5,5.601971380319454e-5,5.151174523336977e-5,4.73698543686454e-5,4.3563996734632374e-5,4.0066624558350626e-5,3.685247619249091e-5,3.389838362283541e-5,3.118309646584871e-5,2.8687121015806972e-5,2.6392573030226216e-5,2.4283043053712828e-5,2.2343473193428478e-5,2.056004435228902e-5,1.8920073015566644e-5,1.7411916768501337e-5,1.60248877903303e-5,1.4749173640149721e-5,6.7878823554779226e-6
0.06483054459115878,0.1050186590818516,0.0898332777867148,0.07812713842503527,0.06859547940733934,0.060615017046165454,0.05381697911140493,0.04795711458172913,0.04286184664264192,0.038401753248453296,0.034476926607492686,0.031008201246084055,0.02793156291010901,0.02519440783676785,0.02275294035590192,0.020570303363826203,0.018615198780318254,0.016860846197710777,0.015284181403565633,0.013865229097707876,0.01258660473585671,0.011433113841522985,0.010391426074568194,0.00944980746228341,0.00859789846409545,0.007826528568482205,0.007127560312391618,0.006493757218815066,0.005918671344453827,0.005396547028216209,0.004922238119718994,0.0044911364961010836,0.004099110086736427,0.0037424489503390113,0.0034178182052670147,0.003122216819008261,0.0028529414287289875,0.002607554497645985,0.0023838562221615775,0.002179859694508339,0.001993768899327654,0.0018239591845482725,0.001668959898224423,0.0015274389263829,0.0013981889027247854,0.0012801148921549321,0.001172223376253386,0.0010736123907388873,0.0009834626842450955,0.0009010297840016251,0.0008256368680535121,0.0007566683559235635,0.0006935641399304863,0.0006358143886859777,0.0005829548622519436,0.000534562685251299,0.0004902525303948253,0.00044967317019615517,0.00041250435925305196,0.0003784540137103517,0.0003472556579805974,0.0003186661121059274,0.00029246339597001954,0.0002684448290136655,0.0002464253063739156,0.00022623573431574968,0.00020772160962714836,0.00019074172913292886,0.00017516701693288863,0.0001608794582179684,0.00014777112958943347,0.00013574331682558597,0.0001247057119309015,0.00011457568208581535,0.00010527760385631389,9.67422566299145e-5,8.89062698454198e-5,8.171161910911807e-5,7.510516673095652e-5,6.903824265618442e-5,6.346626214110253e-5,5.8348376856148885e-5,5.364715642585901e-5,4.932829767067301e-5,4.536035908202208e-5,4.171451829224873e-5,3.8364350492721476e-5,3.528562595284297e-5,3.245612495154969e-5,2.985546859595931e-5,2.746496412808395e-5,2.526746345430037e-5,2.3247233745908266e-5,2.1389839056848165e-5,1.9682032003962718e-5,1.811165463677097e-5,1.666754770236577e-5,1.533946758299978e-5,1.4118010243458726e-5,1.2994541586807524e-5,5.980566835304789e-6
0.057275395410646635,0.09278701291993041,0.07937455521059955,0.06903462213282663,0.060615017046165454,0.05356533756737969,0.04755993207774456,0.04238310901525211,0.03788158628011373,0.033941072858219345,0.03047334036615268,0.027408476945478988,0.024689950039525344,0.02227130315796677,0.020113857849839267,0.01818506284049337,0.01645727584644896,0.014906844027970656,0.013513396258870658,0.01225928921555769,0.011129167488482639,0.010109609760405619,0.009188840996330883,0.008356495991975021,0.007603423394039077,0.006921521978932976,0.006303602911964468,0.005743273126583709,0.005234836019628875,0.004773206452176618,0.004353837653501627,0.003972658092884482,0.003626016747165617,0.0033106354788395714,0.003023567465806329,0.0027621608050672625,0.002524026559140226,0.002307010631297693,0.002109168953019401,0.0019287455463498152,0.001764153088904638,0.0016139556639656535,0.001476853423393435,0.0013516689294002134,0.001237334972831905,0.0011328836930937398,0.0010374368479360505,0.0009501971006853453,0.0008704402095220075,0.0007975080177731533,0.0007308021565878668,0.0006697783821973686,0.0006139414790647581,0.0005628406684503873,0.0005160654689459771,0.0004732419615458283,0.0004340294172711784,0.00039811725005231384,0.0003652222616403874,0.0003350861490629487,0.00030747324819281087,0.0002821684899210657,0.00025897554791996097,0.00023771515914029675,0.00021822360018959944,0.00020035130445849366,0.0001839616064542764,0.00016892960111149257,0.00015514110713030823,0.0001424917244958173,0.0001308859772775981,0.00012023653370926354,0.00011046349633431858,0.00010149375569637811,9.326040170643608e-5,8.570218735626245e-5,7.876303997781352e-5,7.239161571256274e-5,6.654089324403117e-5,6.116780323729416e-5,5.623289025885039e-5,5.170000424583286e-5,4.753601888184567e-5,4.37105744623403e-5,4.0195843067895366e-5,3.69663140670813e-5,3.3998598140041656e-5,3.127124819007161e-5,2.8764595650858957e-5,2.6460600841159338e-5,2.4342716130210638e-5,2.2395760795436827e-5,2.0605806554391942e-5,1.8960072839278657e-5,1.744683097013581e-5,1.605531645489577e-5,1.4775648714007716e-5,1.3598757590928929e-5,1.2516316062388135e-5,1.152067861667888e-5,5.302412407773524e-6
0.05084096946606542,0.0823690835567048,0.07046621805787834,0.06128962189656484,0.05381697911140493,0.04755993207774456,0.04222953832597731,0.03763441942992707,0.03363857062075115,0.0301405823709735,0.02706216942417161,0.024341297979238452,0.021927805108797993,0.01978046795810251,0.017864964826215968,0.01615241044770327,0.014618275168671147,0.013241569088339344,0.012004214133905317,0.010890552609722437,0.009886956911026007,0.00898151559873836,0.008163778041591935,0.007424544624774099,0.006755692866040608,0.0061500321521854445,0.005601181525892562,0.005103466210723412,0.004651829499225532,0.00424175733330312,0.003869213445335598,0.0035305833430683276,0.0032226257434999905,0.002942430315527926,0.0026873807919080145,0.0024551226718198746,0.0022435348652926346,0.0020507047348388707,0.001874906075958041,0.0017145796485238812,0.0015683159287851745,0.0014348398002336157,0.0013129969417738363,0.0012017417056214078,0.0011001263053948586,0.00100729115925291,0.0009224562534068982,0.000844913408520883,0.0007740193466094468,0.000709189468789435,0.000649892265242041,0.0005956442883549972,0.0005460056280898948,0.0005005758359139679,0.00045899024987043277,0.00042091667869819695,0.0003860524077451905,0.00035412149357976624,0.0003248723178130375,0.00029807537396569963,0.0002735212639236647,0.0002510188831190254,0.00023039377578666122,0.0002114866435623322,0.000194151992464261,0.00017825690482747803,0.00016367992417259903,0.00015031004215369922,0.0001380457778668437,0.00012679434077905944,0.00011647086937710679,0.00010699773843458622,9.830392849389689e-5,9.032445177351261e-5,8.299982929203266e-5,7.627561447645951e-5,7.010195899333411e-5,6.443321695317854e-5,5.9227583984280876e-5,5.4446768018468145e-5,5.005568892409401e-5,4.602220438381299e-5,4.2316859670673656e-5,3.8912659176307284e-5,3.578485775400798e-5,3.291077012001814e-5,3.0269596706717e-5,2.7842264517817408e-5,2.5611281660294083e-5,2.3560604355719655e-5,2.167551533268524e-5,1.994251260698291e-5,1.8349207745374258e-5,1.688423278544722e-5,1.553715506201383e-5,1.4298399254507104e-5,1.3159176031555381e-5,1.211141672539595e-5,1.1147713515489782e-5,1.0261264648978529e-5,4.7229121338166245e-6
0.04529564117798257,0.07339008593181529,0.06278793608816802,0.05461375445556649,0.04795711458172913,0.04238310901525211,0.03763441942992707,0.03354061271849429,0.02998056830515783,0.02686397398696605,0.02412111054297761,0.02169673122815685,0.019546160717334338,0.01763268514057753,0.015925736374201027,0.014399587677030534,0.013032391196030668,0.01180545143041728,0.010702666054249604,0.00971008827161729,0.008815579260080836,0.008008528614289051,0.00727962694408682,0.0066206790497131685,0.00602444907260638,0.005484531132601125,0.004995240491448158,0.004551521402612474,0.0041488686419228205,0.0037832603406975085,0.003451100223260367,0.003149167719907725,0.0028745747133008676,0.002624727902922973,0.0023972959510443065,0.0021901807167687692,0.002001492000467703,0.0018295253135954329,0.0016727422657433488,0.0015297532234357196,0.0013993019465631494,0.0012802519515597716,0.0011715743862094861,0.0010723372312351313,0.0009816956687920333,0.0008988834797026106,0.0008232053495039922,0.000754029978681044,0.0006907839059013248,0.0006329459644185669,0.000580042301606765,0.0005316419001478064,0.00048735254658587024,0.0004468171994580928,0.0004097107147627548,0.00037573689127863314,0.00034462580255362717,0.00031613138608538316,0.000290029263430195,0.0002661147679337006,0.00024420115919090643,0.0002241180056517184,0.000205709718759735,0.00018883422371793147,0.00017336175355681582,0.00015917375454086195,0.00014616189220693953,0.00013422714836426944,0.00012327900039805226,0.00011323467509027603,0.00010401846991887941,9.556113550840883e-5,8.779931352697365e-5,8.067502487117532e-5,7.413520349826698e-5,6.813127168873436e-5,6.261875294226752e-5,5.755691907697344e-5,5.29084684094763e-5,4.863923220238802e-5,4.47179068262752e-5,4.111580931695296e-5,3.780665423702234e-5,3.476634992891352e-5,3.1972812432978434e-5,2.940579550499698e-5,2.7046735301445462e-5,2.4878608440251132e-5,2.288580225579212e-5,2.1053996180927723e-5,1.9370053277043095e-5,1.7821921026678214e-5,1.6398540582748312e-5,1.5089763736693385e-5,1.3886276937360152e-5,1.277953174946974e-5,1.1761681195524736e-5,1.0825521475355362e-5,9.96443859912203e-6,9.172359512623962e-6,4.221853665607102e-6
0.0404748116936261,0.06558368544612381,0.05611207018026643,0.048809188348995725,0.04286184664264192,0.03788158628011373,0.03363857062075115,0.02998056830515783,0.026799393387404447,0.024014377517747987,0.02156324565200518,0.019396649300449875,0.017474682176187417,0.015764549033950137,0.014238943927224579,0.012874885189818996,0.011652855767521841,0.010556154301543608,0.00957039569131321,0.008683120205852712,0.007883483058398921,0.0071620047158278966,0.00651036779003239,0.0059212501707500975,0.005388186717357316,0.004905453713759889,0.004467971656297948,0.004071222944944358,0.0037111817935261693,0.0033842542347480575,0.0030872265247707392,0.0028172205817976956,0.002571655349377186,0.0023482131775710985,0.0021448104748362368,0.001959572011298795,0.0017908083574651387,0.0016369960251952573,0.0014967599464117236,0.0013688579809685367,0.0012521671910029827,0.0011456716576858234,0.0010484516482397281,0.0009596739681295326,0.0008785833556263049,0.000804494795341594,0.0007367866436147306,0.0006748944723008205,0.0006183055495143277,0.0005665538860204489,0.0005192157847148677,0.0004759058382786518,0.0004362733265168804,0.0003999989706916767,0.00036679200711920833,0.0003363875465444213,0.0003085441896522245,0.0002830418723826396,0.00025967991758761057,0.0002382752722088809,0.00021866091131218703,0.0002006843923754286,0.00018420654498946774,0.0001691002826539438,0.00015524952476365017,0.00014254821809594293,0.00013089944823354996,0.00012021463228219231,0.00011041278514718538,0.00010141985241153692,9.316810352601721e-5,8.559557965766708e-5,7.864559109865507e-5,7.22662596259172e-5,6.641010166448156e-5,6.1033648486075e-5,5.609710004970264e-5,5.156400941868679e-5,4.74009949636429e-5,4.357747783683612e-5,4.00654424362409e-5,3.6839217786459864e-5,3.3875277967476344e-5,3.115205988155913e-5,2.864979681511438e-5,2.635036639600703e-5,2.423715166657679e-5,2.2294914117160127e-5,2.0509677624139732e-5,1.8868622338464626e-5,1.735998764939721e-5,1.5972983431894678e-5,1.4697708857032573e-5,1.3525078105944039e-5,1.2446752389849123e-5,1.1455077729730616e-5,1.054302799838525e-5,9.704152772580963e-6,8.932529580249162e-6,8.222720166111834e-6,3.7848652163136504e-6
0.03625575898518851,0.05875130449080168,0.050268891888926026,0.04372841827440921,0.038401753248453296,0.033941072858219345,0.0301405823709735,0.02686397398696605,0.024014377517747987,0.0215195615303021,0.019323763578746322,0.017382795372166804,0.01566092296327376,0.014128779488200682,0.012761913107105838,0.01153974388595605,0.010444794080830933,0.009462107122948121,0.008578800442279405,0.007783715481307574,0.007067139752092971,0.0064205832724337775,0.005836596709169042,0.005308621970162353,0.004830868366416899,0.004398209154986912,0.004006094496227755,0.0036504777546116224,0.0033277527397766182,0.0030346999859198406,0.0027684405517239066,0.0025263961182023995,0.0023062543912826805,0.0021059389971995954,0.0019235832017536064,0.0017575068989392137,0.0016061964069949627,0.001468286684040445,0.0013425456369286631,0.0012278602470353964,0.0011232242778008578,0.001027727363390983,0.000940545306455192,0.0008609314371611811,0.0007882089056505202,0.0007217637974236829,0.0006610389757443786,0.000605528567387166,0.0005547730188028913,0.0005083546588525063,0.0004658937120925778,0.0004270447134417203,0.0003914932808066181,0.0003589532074414403,0.0003291638402543595,0.00030188771407484334,0.00027690841533809744,0.0002540286516056938,0.0002330685059112568,0.00021386385728559137,0.00019626495074577576,0.00018013510187966193,0.00016534952273399624,0.00015179425707875912,0.00013936521438577282,0.00012796729294755,0.00011751358356880404,0.00010792464609137888,9.912785182355165e-5,9.105678564182281e-5,8.36507021313227e-5,7.685403070064765e-5,7.061592510433905e-5,6.488985324372746e-5,5.9633223531098704e-5,5.480704444124217e-5,5.0375614210436273e-5,4.630623793653514e-5,4.256896958006564e-5,3.913637661348535e-5,3.598332527431341e-5,3.3086784564910856e-5,3.0425647324278538e-5,2.79805668399472e-5,2.5733807617179193e-5,2.3669109051469223e-5,2.1771560857535184e-5,2.0027489219628014e-5,1.8424352716850422e-5,1.6950647168509434e-5,1.5595818615111762e-5,1.4350183725573597e-5,1.3204856984834338e-5,1.2151684070761367e-5,1.1183180884892545e-5,1.0292477747233744e-5,9.473268309395666e-6,8.719762780678731e-6,8.026645095044908e-6,7.3890336813923715e-6,3.4012227647787813e-6
0.03254375305589807,0.05273965652972867,0.04512738209116274,0.03925757841160926,0.034476926607492686,0.03047334036615268,0.02706216942417161,0.02412111054297761,0.02156324565200518,0.019323763578746322,0.017352629759549598,0.015610194393899601,0.014064393234415051,0.01268887482870229,0.011461697689791717,0.01036439438390574,0.009381280924015745,0.00849893547109229,0.007705797118587848,0.006991851877860666,0.006348383302009986,0.005767771899308716,0.005243331966668388,0.00476917753627186,0.00434011126384494,0.003951531602642569,0.003599354704422464,0.0032799482923025897,0.0029900753492383414,0.0027268459157528263,0.0024876756351532997,0.0022702499493169326,0.002072493053974625,0.0018925408850438419,0.0017287175358405849,0.0015795146076862422,0.001443573079454797,0.0013196673480997921,0.001206691147343092,0.0011036450966507572,0.0010096256694884786,0.0009238154008487584,0.0008454741797093678,0.0007739314937975396,0.000708579511944793,0.0006488669048963537,0.0005942933185214255,0.0005444044243462631,0.0004987874819775348,0.00045706735612607505,0.00041890293796863383,0.0003839839267274787,0.00035202793250577267,0.00032277786607804674,0.0002959995853184672,0.00027147977135899646,0.0002490240106584763,0.00022845506182182524,0.0002096112883143153,0.0001923452403384267,0.00017652237087250212,0.00016201987252769876,0.00014872562329459448,0.0001365372304749637,0.00012536116322979475,0.00011511196515085875,0.0001057115391662638,9.708849783368503e-5,8.917757280206898e-5,8.191907784820787e-5,7.525842043124573e-5,6.914565721938791e-5,6.353508948951452e-5,5.838489469301225e-5,5.365679085291312e-5,4.931573076174796e-5,4.532962325110013e-5,4.1669079067363046e-5,3.83071791092022e-5,3.521926300414479e-5,3.2382736188930525e-5,2.977689382613975e-5,2.738276005354338e-5,2.518294119068518e-5,2.3161491661107393e-5,2.1303791504223948e-5,1.9596434447062018e-5,1.8027125606336308e-5,1.6584587971070854e-5,1.5258476898000889e-5,1.4039301915337382e-5,1.2918355197790723e-5,1.1887646132862468e-5,1.0939841447526035e-5,1.0068210414386313e-5,9.266574697424919e-6,8.52926243699416e-6,7.851066209943794e-6,7.227204530681837e-6,6.65328658993686e-6,3.0626399774689807e-6
0.029263736572462284,0.04742728529245188,0.0405837262693961,0.03530644446347142,0.031008201246084055,0.027408476945478988,0.024341297979238452,0.02169673122815685,0.019396649300449875,0.017382795372166804,0.015610194393899601,0.014043205521413471,0.012653006084129559,0.011415908290004328,0.010312188205522849,0.00932524453447836,0.008440977885555617,0.0076473222184212375,0.0069338842234711595,0.006291661079483896,0.0057128163092838025,0.005190499488076261,0.004718699585235575,0.004292124473187581,0.0039061010563317955,0.003556491835215031,0.003239624707354144,0.0029522335284161566,0.002691407495711999,0.0024545478203288756,0.002239330463957731,0.0020436739545179744,0.0018657114796960042,0.001703766603676632,0.0015563320676441825,0.0014220512269203477,0.0012997017522335466,0.0011881812823760912,0.00108649476506752,0.000993743263236032,0.0009091140370648849,0.0008318717400124936,0.0007613505900838854,0.0006969473971483262,0.000638115343194497,0.0005843584264173512,0.0005352264917885714,0.0004903107806271574,0.0004492399403557834,0.00041167644294740936,0.0003773133668822839,0.00034587150295666436,0.00031709674892013186,0.00029075776210834344,0.00026664384281835547,0.00024456302423791695,0.00022434034751670547,0.0002058163029566634,0.0001888454203710409,0.00017329499356981675,0.00015904392548549357,0.00014598168194309216,0.0001340073433500075,0.00012302874468163262,0.00011296169515958351,0.00010372926989677365,9.526116659559379e-5,8.749312105345579e-5,8.03663758837008e-5,7.382719742226218e-5,6.782643627288804e-5,6.231912740336056e-5,5.726412610648399e-5,5.262377649257761e-5,4.836360951449633e-5,4.445206779976087e-5,4.0860254835555854e-5,3.756170628929731e-5,3.453218144614271e-5,3.174947294438946e-5,2.9193233158026797e-5,2.684481572666356e-5,2.4687130880476124e-5,2.27045133229574e-5,2.088260155467495e-5,1.9208227625191533e-5,1.7669316386826727e-5,1.625479341408703e-5,1.4954500824312651e-5,1.3759120308862985e-5,1.266010274111865e-5,1.1649603788135995e-5,1.0720425004153025e-5,9.865959928312878e-6,9.080144753926417e-6,8.357413173477489e-6,7.692655039166335e-6,7.0811785113612466e-6,6.518675394242223e-6,6.001189385776293e-6,2.762543496704786e-6
0.026355022081756663,0.04271598490452233,0.03655398149518907,0.031802061073246235,0.02793156291010901,0.024689950039525344,0.021927805108797993,0.019546160717334338,0.017474682176187417,0.01566092296327376,0.014064393234415051,0.012653006084129559,0.011400812537431582,0.01028648620330369,0.009292269096170397,0.00840321435244254,0.00760662743695803,0.006891644343907988,0.006248906961581119,0.005670308993981174,0.00514879418284464,0.00467819400611022,0.004253095653327557,0.0038687335566978537,0.0035208994842447494,0.003205867427952272,0.0029203304074896866,0.0026613469603759196,0.0024262955739713724,0.002212835678700134,0.00201887410072496,0.0018425360865861051,0.0016821401788624304,0.0015361763534882979,0.0014032869331469938,0.001282249874241078,0.0011719640921172836,0.0010714365430191976,0.0009797708258557358,0.0008961571032344434,0.0008198631710351761,0.0007502265308805614,0.0006866473406250094,0.0006285821355531754,0.0005755382274678766,0.0005270687014525127,0.0004827679406771562,0.0004422676184969391,0.0004052331048954652,0.000371360240913823,0.00034037244039143016,0.0003120180833146857,0.0002860681692424816,0.0002623142030493018,0.00024056628844979812,0.00022065140752705256,0.00020241186698630263,0.00018570389400679368,0.0001703963664300423,0.00015636966374054512,0.0001435146266960878,0.00013173161480598689,0.00012092965200071523,0.00011102565182680244,0.00010194371442009183,9.361448830039068e-5,8.597459076162858e-5,7.896608123304262e-5,7.2535982575536e-5,6.663584578373168e-5,6.122135399856828e-5,5.625196214916763e-5,5.169056890406043e-5,4.7503217929686405e-5,4.3658825755099736e-5,4.0128933788127286e-5,3.688748227242706e-5,3.391060418827391e-5,3.1176437278792766e-5,2.866495256308762e-5,2.635779784930319e-5,2.4238154896594622e-5,2.2290609007764796e-5,2.0501029938003383e-5,1.885646311363472e-5,1.7345030248406364e-5,1.595583852276631e-5,1.4678897572787644e-5,1.3505043599988827e-5,1.2425869979760802e-5,1.1433663797405074e-5,1.0521347795337333e-5,9.682427261292162e-6,8.910941427131775e-6,8.201418988374836e-6,7.548837387780905e-6,6.948585538388665e-6,6.396429690761011e-6,5.888482173426208e-6,5.4211727606102484e-6,2.4956112215985374e-6
0.02376774408636889,0.03852505941898854,0.03296917021488355,0.02868447822065401,0.02519440783676785,0.02227130315796677,0.01978046795810251,0.01763268514057753,0.015764549033950137,0.014128779488200682,0.01268887482870229,0.011415908290004328,0.01028648620330369,0.009281381979613423,0.008384585819176782,0.0075826220598182725,0.006864045455092976,0.006219060946266827,0.005639231022311106,0.005117246682873264,0.0046467455468542085,0.004222165546449469,0.0038386259137936085,0.003491829401345639,0.0031779812346891395,0.0028937214019027283,0.002636067683945781,0.0024023674166501197,0.0021902564116883655,0.001997623792022625,0.001822581748674952,0.0016634394188258864,0.0015186802353755538,0.001386942216706745,0.0012670007589443665,0.0011577535678939273,0.0010582074283963204,0.0009674665573271811,0.0008847223266849231,0.0008092441759876903,0.0007403715600845517,0.0006775068010941229,0.0006201087319016394,0.000567687034482324,0.0005197971893790426,0.0004760359640243964,0.0004360373771382844,0.00039946908443531156,0.0003660291379115263,0.0003354430769180695,0.0003074613143544437,0.00028185678579404575,0.00025842283311607907,0.0002369712976180282,0.00021733080048830494,0.0001993451910050968,0.00018287214508068417,0.000167781898709475,0.0001539561025597335,0.00014128678549757195,0.00012967541609476378,0.0001190320523810802,0.00010927457113418543,0.00010032796889298569,9.212372770903165e-5,8.459923936275497e-5,7.769728243045299e-5,7.136554713008808e-5,6.555620340470869e-5,6.0225508158865586e-5,5.53334479549486e-5,5.084341384955669e-5,4.6721905375848296e-5,4.293826096436206e-5,3.9464412366264196e-5,3.6274660865025774e-5,3.334547328277327e-5,3.065529597996513e-5,2.818438520833734e-5,2.591465233916406e-5,2.3829522625565442e-5,2.1913806280180132e-5,2.015358076929352e-5,1.8536083317975064e-5,1.704961271863266e-5,1.568343961982823e-5,1.442772454245708e-5,1.3273442943654526e-5,1.2212316707041205e-5,1.1236751497871716e-5,1.0339779467908591e-5,9.515006844057608e-6,8.756565976541006e-6,8.059071458259867e-6,7.4175799635419946e-6,6.827553484438072e-6,6.2848256716545515e-6,5.785571013692804e-6,5.326276609628373e-6,4.90371631361429e-6,2.2574635244503312e-6
0.021460390718348266,0.034787329147878965,0.029771866995300766,0.02590378504748292,0.02275294035590192,0.020113857849839267,0.017864964826215968,0.015925736374201027,0.014238943927224579,0.012761913107105838,0.011461697689791717,0.010312188205522849,0.009292269096170397,0.008384585819176782,0.007574687168071442,0.006850409151258452,0.006201420363639354,0.005618878816884179,0.005095167821389815,0.004623689272203843,0.004198699485367163,0.00381517715114843,0.0034687159195444517,0.0031554361497145578,0.002871911760766968,0.002615109119059468,0.0023823356194688852,0.0021711961471017963,0.0019795560001253237,0.0018055091505457949,0.0016473509466014558,0.0015035545347695592,0.0013727504148814615,0.001253708648880962,0.001145323328195537,0.0010465989722764912,0.0009566385855152466,0.0008746331435049298,0.0007998523159117171,0.0007316362628005633,0.0006693883655228827,0.0006125687736776627,0.0005606886665497357,0.0005133051417218187,0.00047001665534310115,0.00043045894879177767,0.00039430140507931786,0.00036124378556723954,0.00033101330391623485,0.00030336199954682144,0.00027806437751585686,0.0002549152857567556,0.00023372800402571715,0.00021433252196509552,0.0001965739863172447,0.00018031129956615644,0.00016541585431796135,0.00015177038948131988,0.0001392679558265904,0.00012781097990045192,0.00011731041641249804,0.00010768498030173847,9.886045062274993e-5,9.076903919708187e-5,8.334881772354926e-5,7.65431976838878e-5,7.030045797523296e-5,6.457331569022446e-5,5.9318535944668464e-5,5.449657706480958e-5,5.007126779973112e-5,4.60095135612743e-5,4.2281028988029666e-5,3.885809438861846e-5,3.571533386456649e-5,3.282951311352016e-5,3.0179355112400284e-5,2.774537205380218e-5,2.5509712054566083e-5,2.3456019301791326e-5,2.156930642500005e-5,1.9835837993811497e-5,1.824302414866005e-5,1.677932345645945e-5,1.5434154171482914e-5,1.41978131579794e-5,1.3061401794474512e-5,1.2016758245873371e-5,1.1056395542072983e-5,1.0173444955943441e-5,9.361604215299017e-6,8.61509012793296e-6,7.92859523648774e-6,7.297248152325479e-6,6.716577250575907e-6,6.182477435599874e-6,5.691179712234037e-6,5.239223322103237e-6,4.823430224029705e-6,4.4408817180326295e-6,2.044448515106385e-6
0.0193980304914827,0.0314462616274489,0.026913746468615773,0.02341797899093173,0.020570303363826203,0.01818506284049337,0.01615241044770327,0.014399587677030534,0.012874885189818996,0.01153974388595605,0.01036439438390574,0.00932524453447836,0.00840321435244254,0.0075826220598182725,0.006850409151258452,0.006195583715312966,0.005608809669125581,0.005082096698756963,0.004608561624310517,0.0041822416304715115,0.003797945941871911,0.0034511365163506363,0.0031378309936054005,0.0028545229585186654,0.0025981158485731543,0.0023658677362560845,0.0021553448699572833,0.0019643823348415856,0.0017910505513465264,0.0016336265965280275,0.0014905695384262105,0.001360499131134573,0.0012421773406723867,0.0011344922684719191,0.0010364441155768095,0.0009471328917117425,0.0008657476227592158,0.0007915568497174359,0.0007239002450050627,0.0006621811987035046,0.0006058602492482537,0.000554449251514948,0.0005075061905076284,0.0004646305617697858,0.0004254592502870528,0.000389662848915325,0.00035694236514732195,0.0003270262715562326,0.0002996678609914708,0.00027464287244348233,0.00025174735767344997,0.00023079576235689528,0.00021161919855706025,0.000194063888116693,0.00017798975892599055,0.00016326917805196484,0.0001497858075519753,0.0001374335703753786,0.00012611571512862992,0.00011574396974223461,0.00010623777510774049,9.752359073921641e-5,8.953426535563747e-5,8.220846600869762e-5,7.54901600565701e-5,6.932814486494319e-5,6.367562065440245e-5,5.8489802355330724e-5,5.373156676449905e-5,4.936513166999251e-5,4.5357763930455345e-5,4.167951379913657e-5,3.830297304902898e-5,3.5203054689165016e-5,3.235679228363875e-5,2.974315706606506e-5,2.734289122190538e-5,2.5138355868113747e-5,2.3113392391130663e-5,2.1253195936561024e-5,1.9544199955417053e-5,1.7973970811838212e-5,1.6531111554971825e-5,1.5205174033958917e-5,1.3986578614849242e-5,1.2866540827202082e-5,1.1837004325456851e-5,1.0890579609982486e-5,1.002048800024998e-5,9.220510401535052e-6,8.484940444304282e-6,7.808541615632948e-6,7.186508036083751e-6,6.614428564760856e-6,6.088253945103728e-6,5.6042667284509945e-6,5.159053736029457e-6,4.749480841653066e-6,4.372669875266156e-6,4.025977465972559e-6,1.8534878296442718e-6
0.01755100378107055,0.028453854503487586,0.02435377392217597,0.021191393389254853,0.018615198780318254,0.01645727584644896,0.014618275168671147,0.013032391196030668,0.011652855767521841,0.010444794080830933,0.009381280924015745,0.008440977885555617,0.00760662743695803,0.006864045455092976,0.006201420363639354,0.005608809669125581,0.005077768463124702,0.0046010690035978435,0.00417248489322411,0.0037866221648828746,0.003438785136542527,0.0031248685097613194,0.0028412695957626757,0.0025848162007011816,0.00235270685045854,0.00214246085061736,0.0019518762674820417,0.0017789943482956969,0.0016220692209225618,0.0014795419552537728,0.0013500182539494775,0.001232249182580157,0.0011251144599408146,0.0010276079167759952,0.0009388248001431995,0.0008579506558660036,0.0007842515661827029,0.0007170655554521333,0.0006557950064345706,0.000599899953834214,0.0005488921416140786,0.0005023297472649436,0.00045981269001227343,0.0004209784516230868,0.00038549834810430207,0.0003530741989630007,0.00032343534773441717,0.00029633599338467573,0.0002715527973832215,0.0002488827356187714,0.00022814116811178346,0.00020916010278037873,0.00019178663229016402,0.00017588152552605032,0.00016131795736692815,0.0001479803622774973,0.0001357633988935767,0.00012457101420720743,0.00011431559719815663,0.00010491721290087005,9.630290882719638e-5,8.84060865573421e-5,8.116593207296808e-5,7.452689906496256e-5,6.843824005978985e-5,6.285358073369863e-5,5.7730533270495014e-5,5.303034501839832e-5,4.871757909324882e-5,4.4759823912220035e-5,4.1127428931057516e-5,3.7793264133315855e-5,3.4732501060520974e-5,3.192241338364945e-5,2.9342195216722146e-5,2.697279553714549e-5,2.4796767240047046e-5,2.2798129495907684e-5,2.0962242199812256e-5,1.9275691420358705e-5,1.7726184857181238e-5,1.6302456406539617e-5,1.4994179022904952e-5,1.3791885133453922e-5,1.2686893934670354e-5,1.1671244962630439e-5,1.0737637380407001e-5,9.87937448017562e-6,9.090312940610907e-6,8.364816424475812e-6,7.69771313545827e-6,7.08425698968702e-6,6.5200920882034215e-6,6.00122020316416e-6,5.523971017568741e-6,5.0849748804458815e-6,4.681137860815311e-6,4.309618903319709e-6,3.967808904575224e-6,3.6533115460394417e-6,1.68196286688529e-6
0.015893935072910093,0.025769037410194207,0.022056839454559052,0.01919351055370866,0.016860846197710777,0.014906844027970656,0.013241569088339344,0.01180545143041728,0.010556154301543608,0.009462107122948121,0.00849893547109229,0.0076473222184212375,0.006891644343907988,0.006219060946266827,0.005618878816884179,0.005082096698756963,0.0046010690035978435,0.004169251975058477,0.0037810083257738686,0.0034314543350266874,0.0031163384197416613,0.0028319434611533204,0.002575007350858652,0.0023426577114545877,0.0021323577868039567,0.0019418612350008066,0.001769174091379333,0.0016125225602126939,0.001470325585331618,0.0013411713689394957,0.0012237971756825644,0.0011170718879785248,0.0010199808788195139,0.0009316128474369766,0.0008511483256634783,0.0007778496128135349,0.0007110519373256033,0.0006501556757720576,0.0005946194866878838,0.0005439542385455871,0.0004977176291474043,0.0004555094087962449,0.0004169671320995664,0.0003817623738312705,0.0003495973529925641,0.00032020191679734637,0.0002933308426755748,0.0002687614217297858,0.00024629129177574857,0.00022573649206193615,0.00020692971518328478,0.0001897187346953967,0.0001739649894457792,0.0001595423079087232,0.0001463357577500034,0.00013424060750721412,0.00012316138877601496,0.00011301104858706893,0.00010371018278117119,9.518634222425732e-5,8.737340454701044e-5,8.021100490137895e-5,7.36440199157252e-5,6.762209962643366e-5,6.20992427173817e-5,5.703341087425948e-5,5.2386178501102106e-5,4.812241440836824e-5,4.420999243655191e-5,4.0619528284348e-5,3.732414007190019e-5,3.429923041905342e-5,3.152228803626224e-5,2.8972707017247312e-5,2.6631622203968845e-5,2.4481759142818403e-5,2.250729729817106e-5,2.0693745318091925e-5,1.902782725473305e-5,1.7497378750391454e-5,1.609125229156495e-5,1.4799230715302405e-5,1.3611948232269684e-5,1.2520818293413005e-5,1.1517967692576547e-5,1.059617635391829e-5,9.748822299933808e-6,8.969831344938963e-6,8.253631097811871e-6,7.595108897934775e-6,6.989573339200901e-6,6.4327190699077795e-6,5.920594584296103e-6,5.44957274549103e-6,5.016323804082093e-6,4.617790696630702e-6,4.251166427763888e-6,3.913873357250765e-6,3.603544228088362e-6,3.318004786800687e-6,1.5276289301795669e-6
