0.06134155474832914,0.09494462277597449,0.07858360160756139,0.06634263974725241,0.05664136598254932,0.048724395707066326,0.04214552572672026,0.036610300514728245,0.031910627165702254,0.027892473858193045,0.024437978004195393,0.0214546903182668,0.018868697298400183,0.016620006747831928,0.01465933002853853,0.012945766571062611,0.011445093640534282,0.010128475218524835,0.008971469059786297,0.007953250871503337,0.00705599981424096,0.006264405993996969,0.005565271638608649,0.0049471852089497115,0.00440025298167325,0.003915876406964919,0.0034865662777053275,0.0031057867567477818,0.0027678238104999683,0.0024676737307920624,0.002200948295754214,0.001963793791034764,0.0017528216360533228,0.0015650487729420848,0.0013978463032603937,0.0012488951198529677,0.0011161474929277833,0.0009977937405186953,0.0008922332539481118,0.0007980492638653795,0.0007139868271828307,0.0006389335940697113,0.0005719029797235167,0.0005120194205936769,0.0004585054406318831,0.00041067029214991724,0.0003678999687296673,0.00032964841541710446,0.00029542978524282285,0.00026481161134555946,0.0002374087813004624,0.0002128782151511379,0.00019091416136433415,0.000171244035990498,0.0001536247398124086,0.00013783939645374294,0.00012369446156706033,0.00011101715940161011,9.965320840423994e-5,8.946480221979367e-5,8.0328816491008e-5,7.213521544731588e-5,6.478563537840282e-5,5.819212479793792e-5,5.227602349605512e-5,4.696696476521494e-5,4.220198692899172e-5,3.792474189813629e-5,3.4084789909638114e-5,3.0636970852110086e-5,2.7540843672692523e-5,2.476018633443169e-5,2.2262549648795606e-5,2.001885905969882e-5,1.800305912707541e-5,1.6191796041233346e-5,1.4564134025253357e-5,1.3101301945008122e-5,1.1786466850725245e-5,1.060453153998978e-5,9.541953552160798e-6,8.586583287729222e-6,7.727519201922411e-6,6.954978242462175e-6,6.2601799032449546e-6,5.635242443008997e-6,5.073089973517566e-6,4.567369263808711e-6,4.1123752301452585e-6,3.702984193688352e-6,3.3345940849227276e-6,3.0030708629858333e-6,2.7047004962030353e-6,2.436145919325351e-6,2.1944084458717084e-6,1.976793168974947e-6,1.7808779338562017e-6,1.6044855093270033e-6,1.4456586246676867e-6,1.3026375738053376e-6,5.869200600787349e-7
0.09494462277597449,0.14698279072125375,0.12167080773922567,0.10273063030027085,0.08771839861617514,0.07546599772932061,0.06528341854508724,0.056715305550742556,0.04943984798078449,0.043218830694124466,0.03786996770349971,0.033250270323572084,0.029245412618309152,0.02576259620516097,0.022725574804895954,0.020071073917409588,0.017746146370472116,0.01570617591533663,0.013913341862631323,0.012335419431985378,0.010944829535056322,0.009717877179047957,0.00863413472341032,0.007675937907545005,0.006827970741088318,0.006076921172361582,0.00541119367614562,0.004820668010158874,0.004296495711097609,0.0038309276540562376,0.003417167342305155,0.0030492456312122412,0.0027219133992480576,0.0024305493174771806,0.002171080375163427,0.001939913224626895,0.0017338747357999451,0.0015501604154434453,0.00138628956313289,0.0012400662138644138,0.0011095450636178644,0.0009930016961099512,0.0008889065303361345,0.0007959019934725073,0.0007127824946791105,0.0006384768356619171,0.0005720327446691719,0.0005126032635659784,0.0004594347544532966,0.00041185632358853655,0.00036927048715924143,0.00033114492650165774,0.000297005200028946,0.0002664282962478023,0.00023903692693536243,0.00021449447221642132,0.00019250050033827425,0.00017278679450269223,0.00015511382739586332,0.0001392676313496117,0.00012505701830806647,0.0001123111093283718,0.0001008771381511191,9.061849756937914e-5,8.14130010290369e-5,7.315133512185955e-5,6.57356814884331e-5,5.907848911668569e-5,5.310138023766563e-5,4.773417495173139e-5,4.2914021408763125e-5,3.858461987379068e-5,3.4695530334475505e-5,3.120155447095441e-5,2.8062183848803724e-5,2.5241107099082272e-5,2.270576966422117e-5,2.0426980404691117e-5,1.8378559987709136e-5,1.6537026546286336e-5,1.4881314592813018e-5,1.3392523610742692e-5,1.2053693144308187e-5,1.0849601548046026e-5,9.766585870777593e-6,8.792380623502395e-6,7.915973421619428e-6,7.127475712073169e-6,6.418006986824969e-6,5.779591058317632e-6,5.205063122996429e-6,4.687986477163781e-6,4.222577870639728e-6,3.8036405910077197e-6,3.4265044688027135e-6,3.0869720793035032e-6,2.7812704937316674e-6,2.5060080013499008e-6,2.258135284379332e-6,2.034910582858303e-6,9.169342176798553e-7
0.07858360160756139,0.12167080773922567,0.10072761710347145,0.08505509238499442,0.07263184935663403,0.06249170728077624,0.054063935758038806,0.04697188898002669,0.040949376716245545,0.035799350872306124,0.03137102249887913,0.027546105690488543,0.024230021889507125,0.021345998501906993,0.0188309538163019,0.016632535805407578,0.014706934962832097,0.013017233117236682,0.011532133554245538,0.010224968791932826,0.009072914650512104,0.008056360320540967,0.0071583982319547435,0.006364407190636745,0.005661709009408475,0.005039283677072792,0.004487531603870734,0.003998074052318959,0.003563584782319426,0.0031776473891660106,0.00283463392388425,0.0025296012427924244,0.0022582022023440174,0.002016609343323421,0.0018014491271149402,0.0016097451221221346,0.00143886880910098,0.001286496892923858,0.0011505741878755221,0.001029281290577097,0.0009210063757815953,0.0008243205510966162,0.0007379562905237835,0.0006607885369822909,0.0005918181226800164,0.0005301572060831105,0.00047501646626704405,0.0004256938309715151,0.0003815645451395108,0.00034207241260335135,0.0003067220657445137,0.00027507213701346515,0.00024672922246958377,0.0002213425416593565,0.0001985992103065203,0.00017822005276828777,0.0001599558903602298,0.00014358424956385394,0.00012890644098309577,0.00011574496595010905,0.0001039412128447945,9.335340978900092e-5,8.385480435447274e-5,7.533204439371852e-5,6.768373716848383e-5,6.081916662272163e-5,5.465715101069489e-5,4.912502513411746e-5,4.415773327657343e-5,3.969702052244084e-5,3.569071154690517e-5,3.2092067212002515e-5,2.8859210400680063e-5,2.595461348467497e-5,2.3344640683399358e-5,2.099913931888315e-5,1.8891074646620312e-5,1.699620353524207e-5,1.5292782786663372e-5,1.3761308357994675e-5,1.2384282157266947e-5,1.1146003448936928e-5,1.0032382233509616e-5,9.030772248778122e-6,8.129821499404123e-6,7.319338449240817e-6,6.590172210439867e-6,5.9341052458392935e-6,5.343757259228027e-6,4.812499092508011e-6,4.3343755734054e-6,3.904036371936003e-6,3.516674024284938e-6,3.16796837169863e-6,2.8540367428786677e-6,2.571389279079491e-6,2.316888865064834e-6,2.087715186028193e-6,1.881332480681561e-6,1.6954606064909265e-6,7.640245367495935e-7
0.06634263974725241,0.10273063030027085,0.08505509238499442,0.07182681322741358,0.06134030636548027,0.05278038345373548,0.04566550304818717,0.039677874179879336,0.03459289740597693,0.03024430840694836,0.026504871647774264,0.02327477448333315,0.02047420636978642,0.01803837999171437,0.015914059469924413,0.014057062075684246,0.01243041297657732,0.011002952167616986,0.009748263096088977,0.008643835530082689,0.00767040246741546,0.006811408652700385,0.0060525801644178145,0.005381572687381514,0.004787681789268541,0.004261602583533669,0.0037952291093362456,0.003381485927759706,0.003014186053310955,0.0026879105627114763,0.0023979061600933535,0.0021399977010714277,0.001910513242679976,0.0017062196315979009,0.0015242669962597447,0.001362140791358081,0.001217620271597334,0.0010887424560988672,0.0009737707963590123,0.0008711678846686985,0.0007795716421058786,0.0006977745102613245,0.0006247052415841291,0.0005594129425237713,0.0005010530731653536,0.00044887514914418274,0.00040221192708844375,0.0003604698848236618,0.000323120833271193,0.000289694518811676,0.00025977209358559253,0.0002329803472857911,0.00020898660772865688,0.00018749422943821958,0.00016823859973517756,0.0001509836006671093,0.00013551847283692093,0.00012165503386351532,0.00010922520999169906,9.807884446148309e-5,8.8081750605424e-5,7.911398152262794e-5,7.106829153597535e-5,6.384876756841294e-5,5.736961116197545e-5,5.155405411913917e-5,4.6333392741744256e-5,4.1646127367717936e-5,3.743719545470361e-5,3.365728780978206e-5,3.026223874607074e-5,2.721248200115967e-5,2.4472565178761856e-5,2.20107162889054e-5,1.979845668949185e-5,1.781025536365708e-5,1.6023220037342614e-5,1.4416821142440887e-5,1.2972645069029426e-5,1.1674173546959312e-5,1.050658634405802e-5,9.456584775655903e-6,8.512233797586694e-6,7.66282069404527e-6,6.898728590729389e-6,6.2113232160800926e-6,5.592851502133028e-6,5.036350770687396e-6,4.535567384110286e-6,4.084883862162195e-6,3.6792535715609957e-6,3.3141421918360397e-6,2.9854752459352967e-6,2.6895910592305246e-6,2.423198578951914e-6,2.1833395458645857e-6,1.9673545640699682e-6,1.7728526629692386e-6,1.5976839877843512e-6,1.4399152937419092e-6,6.489039766208462e-7
0.05664136598254932,0.08771839861617514,0.07263184935663403,0.06134030636548027,0.052388503627571525,0.045080852878469524,0.03900645911189704,0.03389415074654056,0.029552273293013465,0.02583894743977766,0.02264559568366392,0.019887039541918006,0.01749516777396648,0.015414688189645254,0.013600165376106865,0.012013889063150235,0.010624299679150517,0.009404799725153151,0.008332839626029848,0.007389203443136649,0.006557443081275288,0.0058234247858438976,0.005174961874573558,0.004601514605104315,0.004093942945829154,0.0036443014846077038,0.0032456682254790453,0.0028920008737995176,0.0025780155921622874,0.0022990842529242023,0.002051147012689207,0.001830637651250508,0.0016344195991275165,0.0014597309578672675,0.0013041371185984092,0.0011654898256952713,0.0010418917272361876,0.0009316656113846182,0.0008333276570805341,0.0007455641332307882,0.0006672110677854188,0.0005972364806509142,0.0005347248347359838,0.00047886341001313927,0.00042893034773126316,0.0003842841478273063,0.0003443544328444381,0.0003086338172492145,0.0002766707429690497,0.0002480631606065634,0.00022245295174591097,0.00019952100149049547,0.0001789828420898829,0.00016058479871002658,0.00014410057715508314,0.000129328240897278,0.0001160875313608702,0.00010421749110508605,9.357435448690285e-5,8.402967473197711e-5,7.546866006230015e-5,6.778869484127918e-5,6.089802456349445e-5,5.4714586017020695e-5,4.9164966155541075e-5,4.418347514344872e-5,3.971132074105112e-5,3.5695872669757505e-5,3.209000691970084e-5,2.88515211150568e-5,2.5942613061323214e-5,2.332941549903735e-5,2.098158087959805e-5,1.8871910673976553e-5,1.6976024346461406e-5,1.5272063665029614e-5,1.3740428506784296e-5,1.2363540744825805e-5,1.1125633177175553e-5,1.0012560797323914e-5,9.01163200240588e-6,8.11145759767071e-6,7.301815692963454e-6,6.573530791331332e-6,5.9183655570372706e-6,5.328923914663729e-6,4.798564275138731e-6,4.321321816297868e-6,3.891838859776286e-6,3.5053024903585004e-6,3.157388653933835e-6,2.8442120529803067e-6,2.5622812310786608e-6,2.308458302225169e-6,2.0799228391753686e-6,1.874139486156318e-6,1.688828907514657e-6,1.5219417250387275e-6,1.3716351329102992e-6,1.2362519123420907e-6,5.571507986085178e-7
0.048724395707066326,0.07546599772932061,0.06249170728077624,0.05278038345373548,0.045080852878469524,0.03879507929368475,0.03356979092817969,0.02917184204651757,0.02543645066956224,0.022241628232100796,0.01949401687239144,0.017120375740998395,0.01506213744091739,0.01327175579052392,0.011710159120599972,0.010344917684416033,0.009148890089576561,0.00809920141878434,0.007176457317803475,0.006364129902978799,0.005648071327860882,0.005016123884461363,0.004457804239452801,0.003964045386465165,0.003526984079068332,0.003139784489720604,0.002796491002519892,0.0024919046382490956,0.002221478798211378,0.0019812309103817705,0.0017676672487203088,0.0015777187270298552,0.0014086858827773822,0.0012581915929945411,0.0011241403233995494,0.0010046829193755095,0.0008981861149229588,0.0008032060710508084,0.0007184653661886555,0.000642832952156433,0.0005753066641883686,0.0005149979358902573,0.000461118421885778,0.00041296827439832144,0.00036992585633816195,0.0003314387043406612,0.0002970155812158457,0.0002662194792664944,0.00023866145478576833,0.00021399519006763245,0.00019191219298466886,0.00017213755598842126,0.00015442620646342713,0.00013855958913361853,0.00012434272874759303,0.00011160162775989552,0.00010018095939228313,8.994202135975834e-5,8.076091979109835e-5,7.252695661257502e-5,6.514119686314482e-5,5.851519525815175e-5,5.256986378416803e-5,4.7234464258477855e-5,4.24457116871619e-5,3.814697591248296e-5,3.428757050606874e-5,3.0822119131352255e-5,2.7709990736559634e-5,2.4914795931388464e-5,2.240393776858484e-5,2.0148210926227816e-5,1.812144396729485e-5,1.6300179951215567e-5,1.4663391206833412e-5,1.3192224540394828e-5,1.1869773571186292e-5,1.0680875255718948e-5,9.611927983465163e-6,8.650728918893554e-6,7.786328519700562e-6,7.008900387228505e-6,6.309624809127556e-6,5.680584530263263e-6,5.114671449010953e-6,4.6055030776195074e-6,4.147347729428598e-6,3.7350575091949065e-6,3.3640082810948484e-6,3.0300458788158524e-6,2.7294378996636605e-6,2.4588304958982033e-6,2.2152096390184843e-6,1.995866388062913e-6,1.798365743348956e-6,1.6205187110931023e-6,1.4603572441735367e-6,1.3161117597638534e-6,1.1861909657639288e-6,1.0691637564717271e-6,4.818714815737774e-7
0.04214552572672026,0.06528341854508724,0.054063935758038806,0.04566550304818717,0.03900645911189704,0.03356979092817969,0.029050086828583788,0.025245784535766203,0.022014422155824664,0.019250532539668075,0.016873399678143497,0.01481969870922445,0.013038790052837035,0.011489562131319131,0.010138229808165838,0.008956750162147059,0.007921652362187087,0.007013154275893579,0.006214483062363149,0.005511344295464959,0.004891501442467791,0.004344438792228206,0.003861088469506821,0.0034336073422179814,0.0030551932448326033,0.0027199325178185532,0.0024226727324167946,0.0021589158450763257,0.0019247280528211022,0.0017166633962387226,0.0015316987509154806,0.0013671783067489077,0.0012207659924668782,0.0010904045850833426,0.0009742804679266498,0.0008707931802346171,0.0007785290460859545,0.0006962382874317451,0.0006228151220446145,0.0005572804258252816,0.0004987666037041278,0.00044650436730135287,0.0003998111623536981,0.0003580810265120171,0.0003207756895138997,0.0002874167544275998,0.00025757882115314164,0.00023088343238279047,0.00020699373852295453,0.00018560979193165588,0.00016646439268855426,0.0001493194183173805,0.00013396257859216382,0.00012020454413954555,0.00010787640405838812,9.682741339013816e-5,8.692299617362245e-5,7.804297405583594e-5,7.007999410104087e-5,6.2938132674056e-5,5.653165504048113e-5,5.07839127904669e-5,4.562636332500333e-5,4.099769750399648e-5,3.68430631991724e-5,3.3113373927876164e-5,2.9764693011752525e-5,2.6757684800216724e-5,2.4057125482956074e-5,2.163146687373204e-5,1.9452447298743607e-5,1.7494744392962532e-5,1.573566519685437e-5,1.415486946341793e-5,1.2734122548150911e-5,1.145707465621446e-5,1.0309063583648315e-5,9.276938408199682e-6,8.348901864062335e-6,7.514369387324381e-6,6.763843039747647e-6,6.088798714186695e-6,5.4815852015945775e-6,4.935333851850048e-6,4.443877700135496e-6,4.001679053121599e-6,3.6037646366485665e-6,3.245667504833566e-6,2.9233749956491354e-6,2.633282095810192e-6,2.372149644920638e-6,2.1370668705596844e-6,1.925417800115379e-6,1.734851143100472e-6,1.5632532812972367e-6,1.4087240421984678e-6,1.2695549657015886e-6,1.144209804731315e-6,1.0313070274882967e-6,9.296041137239306e-7,4.189917296394672e-7
0.036610300514728245,0.056715305550742556,0.04697188898002669,0.039677874179879336,0.03389415074654056,0.02917184204651757,0.025245784535766203,0.021940976447042237,0.019133726534323103,0.016732462026053774,0.014667098851651184,0.012882651819912327,0.011335149094119867,0.00998889112873988,0.00881453934136181,0.00778774073837038,0.006888112048846429,0.00609847278915536,0.005404255417472761,0.0047930444351596685,0.004254211292909163,0.003778621743356636,0.003358398829870976,0.0029867291898471315,0.002657703490426405,0.002366184051494899,0.0021076943337253323,0.0018783261631328263,0.0016746614551401764,0.0014937058743035685,0.001332832381629099,0.0011897330195331512,0.0010623775951933909,0.0009489781681927337,0.0008479584427321246,0.0007579273203900758,0.0006776559950881379,0.0006060580734842027,0.0005421722874021581,0.0004851474331595395,0.0004342292289072486,0.00038874882791052785,0.0003481127646317514,0.0003117941431148288,0.00027932490443130596,0.0002502890331216902,0.00022431658209096962,0.0002010784119271655,0.0001802815547639132,0.00016166512483485997,0.00014499670816783003,0.00013006917272561508,0.00011669784786446985,0.00010471802856408486,9.398276553487252e-5,8.436090718181503e-5,7.573536365951218e-5,6.800156693333149e-5,6.106610394938927e-5,5.484550282442097e-5,4.926515436954834e-5,4.425835340194967e-5,3.976544615051777e-5,3.573307167740135e-5,3.211348666516071e-5,2.886396416404435e-5,2.5946257995349475e-5,2.3326125458828547e-5,2.097290184726046e-5,1.885912101675497e-5,1.6960176913799962e-5,1.525402154233782e-5,1.3720895365922352e-5,1.2343086589689385e-5,1.1104716168915953e-5,9.991545739975068e-6,8.990805984589379e-6,8.09104321526302e-6,7.2819822120097106e-6,6.554403559955776e-6,5.900033929328037e-6,5.311447909422162e-6,4.781980161694871e-6,4.305646789493837e-6,3.8770749432083e-6,3.491439786142695e-6,3.14440803981054e-6,2.8320874127640348e-6,2.5509812910739187e-6,2.29794813621837e-6,2.0701650944939218e-6,1.8650953757411216e-6,1.6804590062472675e-6,1.514206602367663e-6,1.36449584933605e-6,1.2296704028890367e-6,1.1082409613266876e-6,9.988682823518742e-7,9.003479425338393e-7,8.115966587313227e-7,3.658200049035183e-7
0.031910627165702254,0.04943984798078449,0.040949376716245545,0.03459289740597693,0.029552273293013465,0.02543645066956224,0.022014422155824664,0.019133726534323103,0.016686602491867042,0.014593269110294682,0.012792665615078136,0.011236884850000795,0.00988761417542175,0.008713747605901628,0.007689720773085357,0.006794312781874784,0.006009761247948678,0.005321094186822681,0.0047156161707536115,0.00418250681422061,0.0037125027168932317,0.0032976425160969047,0.0029310604050330966,0.0026068173831869587,0.002319762240348494,0.002065416224301307,0.0018398767559767923,0.001639736595715209,0.0014620156408836418,0.0013041031214823078,0.0011637084096617518,0.0010388190058726182,0.0009276645350087334,0.0008286857994557438,0.0007405081052710791,0.000661918213350746,0.000591844376916709,0.000529339015127828,0.0004735636452546776,0.00042377575531324374,0.00037931734805375563,0.00033960492798178546,0.00030412073700258543,0.0002724050727125381,0.00024404954710869568,0.00021869116367527735,0.00019600710781568931,0.0001757101599817166,0.00015754465318075115,0.0001412829070199617,0.00012672207942000064,0.00011368138484932474,0.00010199963452052919,9.15330597257044e-5,8.21533844125187e-5,7.374611734909222e-5,6.620903793377506e-5,5.945085291285683e-5,5.33900040471727e-5,4.795360921587891e-5,4.307652153974061e-5,3.870049297129271e-5,3.47734304133987e-5,3.1248733835960744e-5,2.808470710503213e-5,2.5244033323558327e-5,2.2693307443054096e-5,2.0402619735339312e-5,1.8345184458931326e-5,1.649700870452438e-5,1.4836596972761431e-5,1.3344687545143688e-5,1.2004017155103566e-5,1.0799110858324829e-5,9.716094351951192e-6,8.742526296645755e-6,7.867248470230147e-6,7.080251823161844e-6,6.372556717342025e-6,5.736105821143095e-6,5.163668300928856e-6,4.648754097679808e-6,4.185537211265044e-6,3.7687870303514213e-6,3.3938068517253787e-6,3.056378825718515e-6,2.752714645898255e-6,2.4794113757035767e-6,2.2334118692613226e-6,2.0119693026380777e-6,1.8126153826920178e-6,1.6331318475284966e-6,1.4715249136339824e-6,1.3260023611309954e-6,1.1949529816965321e-6,1.0769281426178305e-6,9.706252466397809e-7,8.748728905777023e-7,7.886175461823462e-7,7.109116055009826e-7,3.2045132478008915e-7
0.027892473858193045,0.043218830694124466,0.035799350872306124,0.03024430840694836,0.02583894743977766,0.022241628232100796,0.019250532539668075,0.016732462026053774,0.014593269110294682,0.012763250391207015,0.01118905672712267,0.009828830256995297,0.008649095149854236,0.007622671566283018,0.006727221085738033,0.005944200012324374,0.0052580862740794765,0.004655795761287149,0.004126233430640364,0.003659942537352495,0.003248826773796884,0.0028859275390633043,0.002565243547028806,0.0022815833964311624,0.0020304441156778277,0.0018079103973970695,0.0016105704727423162,0.0014354454838301708,0.0012799298911044601,0.001141740964652336,0.0010188758009765306,0.0009095746096710912,0.00081228925086195,0.0007256561908188623,0.0006484731910469266,0.0005796791646432518,0.0005183367293377285,0.0004636170639181706,0.00041478673819199396,0.0003711962385733328,0.00033226995418943455,0.0002974974240250623,0.00026642567524967197,0.00023865250771069272,0.00021382060032140889,0.00019161233270822108,0.00017174523034227352,0.0001539679539456578,0.00013805676473412293,0.00012381240621241966,0.00011105735107862615,9.963336853753384e-5,8.939937308125533e-5,8.022952080673825e-5,7.20115236429353e-5,6.464515557079898e-5,5.80409281594385e-5,5.211891554414666e-5,4.680771139950934e-5,4.204350259957043e-5,3.776924608700797e-5,3.3933937103261405e-5,3.0491958342291595e-5,2.7402500821428646e-5,2.462904835053958e-5,2.213891842905248e-5,1.9902853239617767e-5,1.7894655132518237e-5,1.609086164662245e-5,1.4470455680759499e-5,1.301460692661882e-5,1.170644111808924e-5,1.0530834042051185e-5,9.474227598410344e-6,8.52446550368474e-6,7.670646498543379e-6,6.902993159963052e-6,6.212734629879404e-6,5.592001756926239e-6,5.033733315242735e-6,4.5315921107166055e-6,4.079889914766606e-6,3.6735202829110366e-6,3.307898416344358e-6,2.9789073172777715e-6,2.682849570078037e-6,2.4164041515040708e-6,2.176587738533956e-6,1.9607200387501288e-6,1.7663927198874086e-6,1.5914415596888532e-6,1.4339214781984786e-6,1.2920841505572166e-6,1.164357930190418e-6,1.0493298412416572e-6,9.457294244248752e-7,8.524142433789225e-7,7.683568790180724e-7,6.926332573246057e-7,6.244121724476002e-7,2.81472940743176e-7
0.024437978004195393,0.03786996770349971,0.03137102249887913,0.026504871647774264,0.02264559568366392,0.01949401687239144,0.016873399678143497,0.014667098851651184,0.012792665615078136,0.01118905672712267,0.009809550219160384,0.008617486964025173,0.007583547973933846,0.006683927712109711,0.0058990603666495695,0.0052127032927788,0.004611260031941858,0.00408326921531009,0.0036190114758424125,0.0032102022863073204,0.002849748637876341,0.002531553994013634,0.002250360318027493,0.0020016189638181747,0.0017813843115124378,0.0015862255202690571,0.0014131528519621059,0.001259555814849659,0.0011231509703740483,0.0010019376947632275,0.0008941605307652457,0.0007982770301094393,0.0007129301942949921,0.0006369247846484526,0.000569206902095996,0.0005088463408358234,0.0004550213038341973,0.00040700513573640497,0.0003641547843440292,0.0003259007472866853,0.00029173829799736695,0.000261219816295258,0.00023394807482138898,0.00020957035432290615,0.000187773278947164,0.00016827827815075807,0.00015083759484164124,0.00013523077037573984,0.00012126154646267774,0.00010875513205183332,9.755579013616378e-5,8.752470531722331e-5,7.853809801767488e-5,7.048555561686059e-5,6.326855455378354e-5,5.679915069165247e-5,5.0998818076197945e-5,4.5797418674610154e-5,4.113228780826413e-5,3.694742186593136e-5,3.319275648717458e-5,2.9823524833555632e-5,2.6799686801161392e-5,2.4085421106197842e-5,2.164867312841052e-5,1.9460752227938257e-5,1.749597298653392e-5,1.573133545959435e-5,1.4146240096487434e-5,1.272223348444939e-5,1.1442781507028894e-5,1.0293066896991938e-5,9.259808505454739e-6,8.331099909425309e-6,7.4962652485784564e-6,6.745730415293899e-6,6.070907932589342e-6,5.464094039709275e-6,4.918376667041737e-6,4.427553128769895e-6,3.986056489991313e-6,3.5888896787716467e-6,3.2315665163016265e-6,2.910058926851853e-6,2.62074967035164e-6,2.360390011686105e-6,2.1260618032902548e-6,1.9151435147882334e-6,1.7252797929478517e-6,1.554354180505412e-6,1.400464661475221e-6,1.261901736503396e-6,1.1371287633448347e-6,1.0247643254524697e-6,9.235664170759903e-7,8.324182554744288e-7,7.503155509459564e-7,6.763550832822727e-7,6.097244490041754e-7,5.496928581390575e-7,2.478014360176794e-7
0.0214546903182668,0.033250270323572084,0.027546105690488543,0.02327477448333315,0.019887039541918006,0.017120375740998395,0.01481969870922445,0.012882651819912327,0.011236884850000795,0.009828830256995297,0.008617486964025173,0.007570683750251994,0.0066626902000674615,0.005872613873011565,0.005183282674976211,0.004580440627347429,0.004052153851665366,0.003588362107780879,0.003180533876759817,0.0028213968378326543,0.0025047243608276384,0.0022251643566254184,0.0019781006570346107,0.0017595397200625834,0.0015660172922842275,0.0013945209678971164,0.0012424255329160534,0.0011074386808545209,0.0009875552074557516,0.0008810181855711842,0.0007862859228133026,0.0007020037373490703,0.0006269797688253868,0.0005601641847325211,0.0005006312561362126,0.0004475638677290863,0.00040024010062318476,0.0003580215856761864,0.00032034337389207686,0.00028670511033864095,0.0002566633309098159,0.0002298247286317348,0.00020584025897302238,0.00018439997270436326,0.00016522848079141006,0.00014808096935657947,0.00013273969416378352,0.00011901089373532025,0.0001067220684877997,9.571958030872379e-5,8.58665330206454e-5,7.704089936275225e-5,6.91338645451079e-5,6.20483602828889e-5,5.569776652547889e-5,5.000476094743915e-5,4.490029875924646e-5,4.032270755010886e-5,3.6216883741461785e-5,3.2533578874249054e-5,2.922876536011758e-5,2.6263072580117808e-5,2.360128529938101e-5,2.121189731277035e-5,1.906671407313947e-5,1.7140498783243564e-5,1.5410657077926672e-5,1.3856955981154018e-5,1.2461273323846725e-5,1.1207374245555339e-5,1.0080711785569841e-5,9.068248910596794e-6,8.158299626330636e-6,7.340387084046559e-6,6.605116829277638e-6,5.944063544434372e-6,5.349669822196616e-6,4.815155669105021e-6,4.3344375809881706e-6,3.9020561607501405e-6,3.513111361765219e-6,3.1632045400325926e-6,2.848386588467629e-6,2.565111504472112e-6,2.3101948132069853e-6,2.0807763316049724e-6,1.8742868130578036e-6,1.688418062947421e-6,1.5210961587021433e-6,1.3704574478538771e-6,1.2348270318937086e-6,1.1126994753130814e-6,1.0027215069177911e-6,9.036765050302257e-7,8.144705805276524e-7,7.341200911823243e-7,6.617404384358377e-7,5.965360134784883e-7,5.377911733476683e-7,4.848621404226522e-7,2.1858486494398694e-7
0.018868697298400183,0.029245412618309152,0.024230021889507125,0.02047420636978642,0.01749516777396648,0.01506213744091739,0.013038790052837035,0.011335149094119867,0.00988761417542175,0.008649095149854236,0.007583547973933846,0.0066626902000674615,0.005863900996759638,0.005168812265418626,0.004562326251104115,0.004031908629260519,0.0035670663700063526,0.0031589535417996806,0.0028000681288948004,0.0024840151183837464,0.002205318823376566,0.0019592724377171036,0.0017418161831745452,0.0015494377170161729,0.0013790900814364057,0.0012281236259123439,0.0010942291675770793,0.0009753902681234987,0.0008698429638757908,0.0007760416315629372,0.0006926299373562223,0.0006184160212963467,0.0005523512288732671,0.0004935118274855526,0.00044108324537520983,0.000394346450633961,0.0003526661524538878,0.00031548055897785265,0.00028229246895251307,0.00025266150945776195,0.0002261973608914565,0.000202553834446036,0.0001814236873205529,0.0001625340776864933,0.00014564257543583925,0.00013053365665179062,0.00011701561977955823,0.00010491786996175362,9.408852527945251e-5,8.439230482391001e-5,7.570866382070377e-5,6.793014558436521e-5,6.0960923972002735e-5,5.47155133909787e-5,4.911762632358479e-5,4.409916083919529e-5,3.95993027544003e-5,3.5563728995880546e-5,3.194390036170109e-5,2.8696433322738515e-5,2.5782541743125205e-5,2.3167540500840743e-5,2.0820403943590065e-5,1.8713372947461605e-5,1.6821605081632294e-5,1.5122863023863536e-5,1.3597236939317354e-5,1.222689702592682e-5,1.0995872870563696e-5,9.88985664468535e-6,8.89602750464623e-6,8.002894862284868e-6,7.200158455472795e-6,6.478583380379243e-6,5.8298884547647154e-6,5.246646461790847e-6,4.72219498656929e-6,4.2505567007401345e-6,3.826368075484778e-6,3.4448156167972616e-6,3.101578816021205e-6,2.7927790965759055e-6,2.514934117195084e-6,2.264916860434245e-6,2.0399189979402726e-6,1.8374180790820246e-6,1.6551481378588491e-6,1.4910733572197295e-6,1.3433644682256504e-6,1.2103775965182926e-6,1.090635298769356e-6,9.828095595957265e-7,8.857065438113953e-7,7.982529204812248e-7,7.194835949043568e-7,6.48530701839968e-7,5.846137288435823e-7,5.270306524408519e-7,4.7514998205528177e-7,4.28403617758351e-7,1.931402188846394e-7
0.016620006747831928,0.02576259620516097,0.021345998501906993,0.01803837999171437,0.015414688189645254,0.01327175579052392,0.011489562131319131,0.00998889112873988,0.008713747605901628,0.007622671566283018,0.006683927712109711,0.005872613873011565,0.005168812265418626,0.004556349172864779,0.004021930096013052,0.0035545174198536728,0.00314487074991706,0.0027851998792413624,0.0024688978784018073,0.0021903325250347827,0.0019446810775726395,0.0017277978250920048,0.001536106808042545,0.0013665141355511147,0.0012163357454853078,0.0010832374654863239,0.0009651849673917266,0.0008604017474759182,0.0007673336682297773,0.0006846189018966473,0.000611062349287159,0.0005456137874729344,0.00048734914048703497,0.00043545437804473446,0.00038921163521198066,0.00034798721637276184,0.00031122120369306023,0.0002784184362153129,0.00024914066343579167,0.00022299970809073599,0.00019965149832220069,0.00017879085057333818,0.00016014690217530268,0.00014347910735563194,0.00012857372273160925,0.00011524071883898222,0.00010331106308279292,9.263432696895437e-5,8.307657688155605e-5,7.451851311536485e-5,6.685382653644559e-5,5.998774625552163e-5,5.3835755124071686e-5,4.832245284509351e-5,4.338054905090704e-5,3.8949970908341174e-5,3.4977071740149466e-5,3.1413928819550236e-5,2.8217719939817917e-5,2.5350169634299872e-5,2.2777057011757324e-5,2.0467778142684327e-5,1.839495677248852e-5,1.6534097870495414e-5,1.4863279171811153e-5,1.3362876434086437e-5,1.2015318631369295e-5,1.0804869739463826e-5,9.71743415570603e-6,8.740383134739728e-6,7.862399918310328e-6,7.073341501774523e-6,6.364115212682516e-6,5.7265684812509435e-6,5.153390365429715e-6,4.638023552013725e-6,4.174585698653644e-6,3.7577991076875173e-6,3.3829278329677533e-6,3.045721420810733e-6,2.742364573607572e-6,2.4694321021138482e-6,2.2238486024206286e-6,2.002852353922271e-6,1.8039629898957072e-6,1.6249525408820034e-6,1.463819493649768e-6,1.3187655475007274e-6,1.1881747834401992e-6,1.070594992619747e-6,9.647209370934772e-7,8.693793404506e-7,7.83515427388232e-7,7.061808503281786e-7,6.365228585209298e-7,5.73774580233112e-7,5.172463023330791e-7,4.6631764381108723e-7,4.204305305205541e-7,3.79082888262914e-7,1.7091149001705362e-7
0.01465933002853853,0.022725574804895954,0.0188309538163019,0.015914059469924413,0.013600165376106865,0.011710159120599972,0.010138229808165838,0.00881453934136181,0.007689720773085357,0.006727221085738033,0.0058990603666495695,0.005183282674976211,0.004562326251104115,0.004021930096013052,0.003550371553638215,0.003137917687583175,0.0027764200599106476,0.0024590087997627408,0.002179857304206022,0.0019339983678427555,0.0017171785220886915,0.001525741267874272,0.0013565324974659301,0.0012068231914764242,0.0010742457293591405,0.0009567410438222658,0.0008525144968301729,0.000759998830890252,0.0006778229048353158,0.0006047851917293113,0.0005398312221854776,0.0004820343151258604,0.00043057906188657784,0.00038474712731953725,0.00034390500903721307,0.0003074934580256823,0.0002750183139617439,0.0002460425490624276,0.00022017934754470486,0.0001970860749884321,0.0001764590143259093,0.0001580287638509605,0.00014155620816660693,0.00012682898600871765,0.00011365838975573462,0.00010187664067953317,9.133449178251336e-5,8.189911665311108e-5,7.3452248419882e-5,6.588853768432572e-5,5.9114102424135664e-5,5.304524639555223e-5,4.760732558358263e-5,4.27337448780505e-5,3.836506941108382e-5,3.4448236938485074e-5,3.093585934796654e-5,2.778560284811269e-5,2.4959637666175033e-5,2.2424149205836326e-5,2.014890357685846e-5,1.810686126467459e-5,1.6273833448999674e-5,1.4628176127075689e-5,1.3150517768762782e-5,1.1823516729032174e-5,1.0631645084574612e-5,9.560995942482846e-6,8.59911161167409e-6,7.734830326466428e-6,6.958149473229526e-6,6.260103504530031e-6,5.6326549304535955e-6,5.068596957170829e-6,4.561466504177491e-6,4.105466471702657e-6,3.6953962563143663e-6,3.3265896239950297e-6,2.9948591472461563e-6,2.6964465009883594e-6,2.4279779891621975e-6,2.1864247423130127e-6,1.9690670882102255e-6,1.7734626507809922e-6,1.5974177814498653e-6,1.4389619698517803e-6,1.296324918478061e-6,1.1679160002262932e-6,1.0523058476282797e-6,9.482098497966024e-7,8.544733566430051e-7,7.70058411571669e-7,6.940318528344015e-7,6.255546405455597e-7,5.638722816651804e-7,5.083062386393352e-7,4.5824621950079485e-7,4.1314325802611436e-7,3.7250350203885555e-7,3.358826366354362e-7,1.5144043839514922e-7
0.012945766571062611,0.020071073917409588,0.016632535805407578,0.014057062075684246,0.012013889063150235,0.010344917684416033,0.008956750162147059,0.00778774073837038,0.006794312781874784,0.005944200012324374,0.0052127032927788,0.004580440627347429,0.004031908629260519,0.0035545174198536728,0.003137917687583175,0.002773516451357462,0.00245411939595698,0.002173660843836994,0.0019269960688469145,0.001709739002175567,0.0015181336629363253,0.0013489510906490795,0.0011994058622767298,0.001067087856716404,0.0009499060348941782,0.0008460417910329289,0.0007539100019189147,0.0006721263211403421,0.0005994795790475946,0.0005349083860879383,0.0004774812186835852,0.0004263794069232704,0.00038088255266809003,0.00034035599294169466,0.0003042399918712366,0.0002720403992348616,0.0002433205578984592,0.0002176942781621817,0.00019481972638300859,0.00017439409925966735,0.00015614897496302876,0.00013984624877312222,0.00012527457458742525,0.00011224624515547435,0.0001005944534913743,9.017088607594123e-5,8.08436053361403e-5,7.249518470374785e-5,6.502106454059093e-5,5.83281014547494e-5,5.233328716142431e-5,4.6962616164494104e-5,4.215008420074384e-5,3.783680170983271e-5,3.397020858611553e-5,3.0503378187149e-5,2.7394400075060566e-5,2.46058322655569e-5,2.2104214884379934e-5,1.9859638122594588e-5,1.7845358230385462e-5,1.6037456045028126e-5,1.4414533203012316e-5,1.2957441757216709e-5,1.1649043424785465e-5,1.0473995131453226e-5,9.41855790765429e-6,8.47042652845278e-6,7.618577592000575e-6,6.853133995097052e-6,6.165243995389898e-6,5.546973256007325e-6,4.991208449718851e-6,4.491571159064483e-6,4.042340951437967e-6,3.6383866318377326e-6,3.2751047877897446e-6,2.948364839227161e-6,2.654459892061118e-6,2.390062772114813e-6,2.152186684249862e-6,1.938150001932202e-6,1.7455447470668634e-6,1.572208366966274e-6,1.4161984584530587e-6,1.2757701269903848e-6,1.1493557019542416e-6,1.0355465595767918e-6,9.33076831430357e-7,8.408088004230915e-7,7.57719807059172e-7,6.828905078550283e-7,6.154943445843038e-7,5.547880978851914e-7,5.001034122995996e-7,4.508391916431144e-7,4.064547743151563e-7,3.6646380770176204e-7,3.304287492172693e-7,2.979559292126697e-7,1.3434555888491185e-7
0.011445093640534282,0.017746146370472116,0.014706934962832097,0.01243041297657732,0.010624299679150517,0.009148890089576561,0.007921652362187087,0.006888112048846429,0.006009761247948678,0.0052580862740794765,0.004611260031941858,0.004052153851665366,0.0035670663700063526,0.00314487074991706,0.0027764200599106476,0.00245411939595698,0.002171609843957159,0.0019235298782503685,0.0017053318455068148,0.001513138557066484,0.0013436296801887133,0.0011939506626102575,0.0010616389618920592,0.0009445637473497991,0.0008408762189613013,0.0007489683834043179,0.0006674386321327344,0.0005950628376344465,0.0005307699612589218,0.0004736213753231324,0.00042279326258602007,0.0003775615799698519,0.000337289170006496,0.0003014146797108404,0.0002694430070152732,0.00024093704330869527,0.00021551051970055812,0.00019282179620670314,0.00017256845898277985,0.00015448261195422607,0.00013832676668376273,0.000123890248876957,0.00011098605203477491,9.944807891489548e-5,8.912871994311657e-5,7.989672492673136e-5,7.163533049757745e-5,6.424061085019434e-5,5.7620023746010563e-5,5.169112749866178e-5,4.6380447862793346e-5,4.16224765079356e-5,3.735878511506197e-5,3.353724118472078e-5,3.011131340707393e-5,2.7039455963146983e-5,2.4284562453559435e-5,2.181348129875636e-5,1.9596585449159184e-5,1.760739012011134e-5,1.5822213016314574e-5,1.421987217871954e-5,1.278141716523813e-5,1.1489889781335903e-5,1.0330111022788528e-5,9.288491281956858e-6,8.352861213379572e-6,7.512320952152081e-6,6.757105646182371e-6,6.078465496717634e-6,5.468558705757273e-6,4.92035591134651e-6,4.427554852073104e-6,3.984504142994435e-6,3.5861351712858694e-6,3.2279012293208817e-6,2.905723101761994e-6,2.615940410168135e-6,2.355268094640733e-6,2.120757480969496e-6,1.9097614420264406e-6,1.7199032156001124e-6,1.5490484891480452e-6,1.395280403552197e-6,1.2568771661260632e-6,1.132291996645259e-6,1.0201351595652013e-6,9.191578625007399e-7,8.282378243483998e-7,7.463663377590164e-7,6.726366690567962e-7,6.062336556382393e-7,5.464243757344398e-7,4.925497785720292e-7,4.440171749478749e-7,4.002934987022277e-7,3.608992590549023e-7,3.254031122161151e-7,2.9341698811312445e-7,2.6459171487389764e-7,1.193065448604854e-7
0.010128475218524835,0.01570617591533663,0.013017233117236682,0.011002952167616986,0.009404799725153151,0.00809920141878434,0.007013154275893579,0.00609847278915536,0.005321094186822681,0.004655795761287149,0.00408326921531009,0.003588362107780879,0.0031589535417996806,0.0027851998792413624,0.0024590087997627408,0.002173660843836994,0.0019235298782503685,0.001703872052961651,0.001510663480141776,0.001340473388365536,0.0011903636332918494,0.0010578081385373694,0.0009406276422432198,0.0008369363598614843,0.0007450980374744953,0.0006636894853438661,0.0005914701278275161,0.0005273564341473237,0.0004704003397020193,0.0004197709527540335,0.00037473898316863017,0.0003346634393675352,0.0002989802250959305,0.00026719233501758515,0.00023886140160099285,0.00021360038857465378,0.00019106726079102122,0.00017095948826591602,0.00015300926509306942,0.000136979342704408,0.00012265939241745032,0.00010986282508873395,9.842400640164045e-5,8.819581529711964e-5,7.904750055576898e-5,7.086279691762313e-5,6.35382675001656e-5,5.6981843819539635e-5,5.111153861683468e-5,4.585431000330765e-5,4.114505827545057e-5,3.692573919170095e-5,3.314457958671264e-5,2.9755383013813173e-5,2.671691466454081e-5,2.3992356157966695e-5,2.1548821966487148e-5,1.935693026024405e-5,1.7390421832103584e-5,1.56258215406374e-5,1.4042137371964416e-5,1.2620592812642397e-5,1.1344388737601318e-5,1.0198491463704395e-5,9.169444014402319e-6,8.245197985248733e-6,7.414963704877991e-6,6.669076649478919e-6,5.9988783056566985e-6,5.396609883069381e-6,4.855317458974046e-6,4.368767298251625e-6,3.931370234394737e-6,3.538114121670087e-6,3.1845034802644806e-6,2.8665055530835163e-6,2.580502080403768e-6,2.3232461755356564e-6,2.0918237519557237e-6,1.883619013404915e-6,1.6962835718303023e-6,1.5277088053679463e-6,1.3760011113233222e-6,1.2394597459476881e-6,1.1165569766061743e-6,1.0059203016214747e-6,9.063165191061802e-7,8.166374499319545e-7,7.358871406249709e-7,6.631703908676669e-7,5.976824665740943e-7,5.386998745093605e-7,4.855720875787744e-7,4.3771412156248995e-7,3.9459987468478523e-7,3.5575615068248707e-7,3.207572944358745e-7,2.892203767097534e-7,2.608008711350827e-7,2.351887725870449e-7,1.0605255572141e-7
