0.06134155474838221,0.0972088780583229,0.08184268296678598,0.07016707308838899,0.06078325864429446,0.053022729918315026,0.046490169368642476,0.04092412370703635,0.03613922282366955,0.0319976827208055,0.028393548883909436,0.02524324047652471,0.022479513838527587,0.020047417810382773,0.01790147623982946,0.016003661808695335,0.01432189977196513,0.012828938036569482,0.011501477482138589,0.010319491543170523,0.009265686272120738,0.00832506656179835,0.007484583866375932,0.0067328473733705985,0.0060598851966307266,0.005456945444068162,0.004916329393254898,0.004431250754539012,0.003995716304137531,0.003604424151145716,0.0032526766541523117,0.0029363055823032405,0.0026516075669026154,0.0023952882458264033,0.0021644137848973316,0.0019563686861382226,0.0017688189752095088,0.001599680007284103,0.001447088251765774,0.0013093765153062188,0.0011850521441388283,0.001072777814920746,0.0009713545799372725,0.0008797068802200818,0.0007968692798417491,0.0007219747087218557,0.0006542440299877137,0.0005929767721825872,0.0005375428876092225,0.00048737541592908107,0.00044196394747723737,0.0004008487940409238,0.00036361578615858123,0.0003298916259818199,0.0002993397333192708,0.0002716565298788729,0.00024656811327638563,0.00022382727804931297,0.00020321084584219024,0.00018451727134350272,0.0001675644942847618,0.00015218801122110666,0.00013823914375724836,0.00012558348245386014,0.00011409948796232061,0.00010367723295016864,9.421727019212124e-5,8.562961374982011e-5,7.783282159641125e-5,7.0753169289297e-5,6.432390538388226e-5,5.848458027583165e-5,5.31804410353145e-5,4.836188556901712e-5,4.3983970150931855e-5,4.000596496677041e-5,3.63909528794975e-5,3.310546711873146e-5,3.0119164026377225e-5,2.7404527393711355e-5,2.4936601274905875e-5,2.2692748474223835e-5,2.0652432193903677e-5,1.8797018573277386e-5,1.7109598082705446e-5,1.5574823940106162e-5,1.417876589507826e-5,1.2908777894691267e-5,1.1753378288368438e-5,1.0702141365560852e-5,9.745599134189197e-6,8.875152357953035e-6,8.082989966516038e-6,7.3620160372434614e-6,6.705783627060835e-6,6.1084348018142665e-6,5.564646274275174e-6,5.06958011934483e-6,4.618839084887335e-6,4.208426064070117e-6,1.9173536684919556e-6
0.0972088780583229,0.15407201556032346,0.12973164912592372,0.11123537966893116,0.09636837137357368,0.08407211198168052,0.07372065592224164,0.06490001316049665,0.05731665972686484,0.050752416467469974,0.045039500834267665,0.04004555523578279,0.03566408937379906,0.03180807632394089,0.02840549164565287,0.025396105395327218,0.022729113143894142,0.02036134700973563,0.01825589872102018,0.016381042324301986,0.014709379306333259,0.013217151789087223,0.01188368475415802,0.010690928723087023,0.009623081631197183,0.00866627383145549,0.007808303932008653,0.00703841593618007,0.006347110216321894,0.005725982406771843,0.005167585491316989,0.004665311277454953,0.004213288164118256,0.003806292673425568,0.003439672663251639,0.0031092804948282954,0.002811414718324863,0.0025427690719874232,0.0023003877822121016,0.0020816263087327647,0.0018841168082220708,0.0017057376975324681,0.0015445867875046454,0.001398957533784037,0.0012673180139507571,0.0011482922942128125,0.0010406438943614607,0.0009432610980793683,0.000855143888932066,0.0007753923206066781,0.0007031961542490889,0.0006378256167899055,0.0005786231520550512,0.0005249960522686753,0.0004764098711364864,0.0004323825314112798,0.0003924790502169255,0.0003563068143882476,0.00032351134588627824,0.0002937725043398974,0.0002668010796719588,0.00024233573316759672,0.0002201402500060191,0.0002000010703496237,0.00018172506974807904,0.00016513756280587709,0.0001500805069334036,0.0001364108854541553,0.00012399925161111916,0.00011272841699147378,0.00010249226961487647,9.319470850678428e-5,8.474868296633924e-5,7.70753259621657e-5,7.010317220713502e-5,6.376745242003606e-5,5.8009456173937525e-5,5.277595651603426e-5,4.801869022467672e-5,4.369388820795058e-5,3.9761851102656045e-5,3.618656562750838e-5,3.293535770391802e-5,2.9978578743732683e-5,2.728932187290008e-5,2.484316518382211e-5,2.2617939390154535e-5,2.0593517526009038e-5,1.8751624558822747e-5,1.707566500135034e-5,1.5550566789456323e-5,1.4162639867108264e-5,1.2899448072113023e-5,1.174969305045112e-5,1.0703109053836662e-5,9.750367584302508e-6,8.882990950792656e-6,8.093273893853593e-6,7.374212513655884e-6,6.719439811889871e-6,3.0615836122888974e-6
0.08184268296678598,0.12973164912592372,0.10924536377260985,0.09367667758048981,0.08116198809822683,0.07081064555492556,0.06209596692917563,0.05466960971558632,0.048284591509258346,0.042757324694422616,0.03794662503016111,0.033741114614510126,0.030051180200167393,0.026803585064428703,0.02393771572738823,0.0214028828433786,0.01915632801186773,0.01716171859622645,0.015387989209330044,0.013808435309081601,0.012399993922075109,0.011142665775575378,0.010019045987939013,0.009013939277138616,0.008114041798348098,0.007307676095739346,0.006584568823140735,0.0059356632146619764,0.0053529600217494255,0.004829381940450017,0.004358657553974854,0.003935221587053742,0.0035541288695889184,0.0032109798815292273,0.002901856126305863,0.002623263880865416,0.0023720851132563656,0.0021455345544316093,0.0019411220722917455,0.0017566196279129725,0.0015900322025300256,0.0014395721746453434,0.0013036367021015127,0.0011807877274844017,0.0010697342781126364,0.0009693167772547098,0.0008784931214528835,0.0007963263111327827,0.0007219734496447128,0.0006546759496371714,0.0005937508060975347,0.0005385828130974185,0.0004886176163455633,0.00044335550695575807,0.0004023458732645424,0.00036518223738966123,0.0003314978119502848,0.0003009615199277083,0.000273274427210533,0.0002481665432523877,0.0002253939502409475,0.000204736225721547,0.00018599412754357128,0.00016898751342528558,0.00015355347051650972,0.0001395446330242022,0.0001268276683831851,0.00011528191451840638,0.00010479815265649174,9.52775018078294e-5,8.663042249341078e-5,7.877581861764254e-5,7.164022755696046e-5,6.515708956437863e-5,5.9266088531241675e-5,5.391255695302421e-5,4.904693869703543e-5,4.4624303830914365e-5,4.0603910344108964e-5,3.694880813241827e-5,3.362548108261896e-5,3.0603523511034576e-5,2.7855347596972605e-5,2.5355918777036457e-5,2.308251637763624e-5,2.1014517035783462e-5,1.913319869491318e-5,1.7421563188432896e-5,1.5864175615170988e-5,1.4447018893052601e-5,1.3157362029980833e-5,1.1983640798133059e-5,1.0915349626069862e-5,9.94294363621754e-6,9.057749862120129e-6,8.251886771848009e-6,7.518191309220749e-6,6.8501527412899975e-6,6.241852667216574e-6,5.687910607161007e-6,2.591717322927751e-6
0.07016707308838899,0.11123537966893116,0.09367667758048981,0.08033194822641798,0.0696043191669371,0.0607306168500934,0.05325953935253258,0.04689259803910062,0.04141815540482108,0.03667889398569013,0.03255382971443033,0.02894751814022689,0.02578316395426483,0.022998004228659663,0.020540092474563176,0.01836598596149064,0.016439037894442454,0.014728107731083961,0.01320656853162483,0.011851530321363546,0.010643223787389439,0.009564505135508772,0.00860045396096748,0.00773804353488472,0.006965868178930329,0.006273916148687608,0.005653379161835059,0.00509649170060944,0.004596394704880796,0.0041470193922731186,0.003742987799684905,0.0033795273014894656,0.0030523968746346206,0.0027578232873298816,0.002492445709657426,0.00225326750207068,0.0020376141458705033,0.0018430964474228373,0.001667578286132565,0.0015091482892109452,0.0013660949093422664,0.0012368844591502809,0.0011201417210218896,0.0010146328052777938,0.0009192499749920008,0.0008329981946488506,0.0007549831925887131,0.0006844008548666583,0.0006205277921123593,0.000562712941332066,0.0005103700821028085,0.0004629711617774885,0.0004200403372280181,0.00038114865205459737,0.0003459092779809266,0.0003139732576010138,0.0002850256931242927,0.000258782332242382,0.00023498650786682711,0.00021340639353003253,0.00019383254050117519,0.00017607566656385916,0.00015996466976613433,0.000145344843390982,0.00013207627103846778,0.00012003238301273216,0.00010909865727885609,9.917145002389174e-5,9.015694249484766e-5,8.197019221238273e-5,7.45342779044911e-5,6.777952864208932e-5,6.1642828660286e-5,5.606699023238395e-5,5.100018777062505e-5,4.639544701831697e-5,4.221018384193873e-5,3.840578769865395e-5,3.494724534620767e-5,3.180280082345935e-5,2.8943648130221066e-5,2.6343653392528086e-5,2.39791036314445e-5,2.1828479532276296e-5,1.987224987809276e-5,1.809268554540537e-5,1.6473691162832726e-5,1.5000652727402333e-5,1.3660299637386275e-5,1.2440579756832395e-5,1.133054625789161e-5,1.032025511336416e-5,9.4006722218648e-6,8.563589245087788e-6,7.801547328327451e-6,7.107767954334522e-6,6.476090253760571e-6,5.900914161336996e-6,5.377148864155675e-6,4.900166042906662e-6,2.23287872751442e-6
0.06078325864429446,0.09636837137357368,0.08116198809822683,0.0696043191669371,0.0603127600761566,0.05262654056931715,0.046154913525137675,0.04063943898234268,0.035896873058207324,0.03179100219746622,0.028217070258974464,0.02509243328041222,0.022350593758150072,0.019937203514923063,0.017807279392660802,0.015923200980753005,0.01425323202104084,0.012770403829649224,0.011451655881802969,0.010277163413545953,0.009229803834982231,0.00829472803924372,0.0074590122388874525,0.006711372496668644,0.006041928680826952,0.0054420078198584715,0.0049039791829055684,0.004421115137640319,0.0039874731247844936,0.0035977950581330964,0.00324742120168979,0.0029322161477124895,0.0026485049652639828,0.0023930179407576427,0.002162842610445033,0.001955382007826169,0.0017683182291437088,0.0015995805652780151,0.0014473175680476645,0.0013098725167661404,0.0011857618314749345,0.0010736560466223788,0.0009723630149330725,0.0008808130583355944,0.0007980458220446622,0.000723198621559392,0.0006554961007038309,0.0005942410427935852,0.0005388061977595043,0.0004886270056803834,0.0004431951123355631,0.0004020525855215791,0.00036478675205282255,0.0003310255852376487,0.00030043358109952626,0.00027270806892538014,0.0002475759082011088,0.00022479052960229853,0.00020412928257961156,0.00018539105644531156,0.0001683941455556423,0.0001529743325569626,0.0001389831665764888,0.00012628641578235492,0.00011476267602676194,0.00010430211927956769,9.480536735415697e-5,8.61824779596588e-5,7.835203153281115e-5,7.124030853788944e-5,6.478054800189577e-5,5.891227903767507e-5,5.35807179754559e-5,4.873622448845741e-5,4.433381079727299e-5,4.0332698636008765e-5,3.669591922106927e-5,3.338995195457917e-5,3.0384398020266213e-5,2.765168542932751e-5,2.51668024207315e-5,2.2907056430135537e-5,2.085185612928206e-5,1.898251427927321e-5,1.728206937254566e-5,1.5735124241112418e-5,1.4327699984525164e-5,1.304710373901659e-5,1.1881808951614208e-5,1.0821346958473857e-5,9.856208780158806e-6,8.97775615609647e-6,8.178140935774704e-6,7.450232028390741e-6,6.787549192142841e-6,6.184203012773984e-6,5.634840484414644e-6,5.134595662902977e-6,4.679044911369668e-6,4.26416630511978e-6,1.943151402277554e-6
0.053022729918315026,0.08407211198168052,0.07081064555492556,0.0607306168500934,0.05262654056931715,0.045922295466591656,0.04027719061662416,0.035465891574346764,0.03132862577957729,0.027746625265125058,0.02462854895993777,0.021902334829331183,0.01950999855738078,0.017404148597300995,0.015545558650236213,0.013901421974315098,0.012444062266634831,0.011149960171257106,0.009999003994511008,0.008973903469892186,0.00805972454439291,0.0072435156167630355,0.006514003982336758,0.005861346936874207,0.005276925970311597,0.004753175310313301,0.004283438125364594,0.0038618452017108035,0.0034832120307285025,0.003142951088743025,0.002836996738846201,0.00256174068310968,0.0023139762822406984,0.002090850366510452,0.0018898214045453138,0.001708623091011087,0.0015452325713023567,0.0013978426478941132,0.0012648374173557762,0.0011447708723307283,0.0010363480730228823,0.0009384085514479619,0.0008499116605057248,0.000769923621012086,0.000697606054029019,0.0006322058151806403,0.0005730459723728119,0.0005195177892202679,0.00047107359457356987,0.00042722043390106164,0.0003875144114974319,0.00035155564394102976,0.00031898375496601343,0.0002894738505223541,0.00026273292018907934,0.0002384966174818837,0.00021652637724477349,0.00019660683320526628,0.00017854350302051866,0.0001621607119497901,0.00014729972950476393,0.00013381709637085015,0.00012158312143290039,0.00011048053095708823,0.00010040325397708523,9.125532967126093e-5,8.294992408273841e-5,7.540844487043379e-5,6.855974401706664e-5,6.233939949747917e-5,5.6689067851465724e-5,5.1555900464961496e-5,4.6892017120432877e-5,4.2654031044744075e-5,3.8802620292634855e-5,3.5302140825812785e-5,3.2120277134418886e-5,2.9227726676073315e-5,2.659791477920123e-5,2.420673700609231e-5,2.2032326273844973e-5,2.00548423015758e-5,1.825628120333424e-5,1.66203032568869e-5,1.5132077080504634e-5,1.3778138626813847e-5,1.254626355625142e-5,1.142535169930059e-5,1.0405322440890048e-5,9.477019978579532e-6,8.632127505180657e-6,7.863089462055998e-6,7.163041092547387e-6,6.525744598435436e-6,5.9455312717155155e-6,5.417249033700067e-6,4.936214868838957e-6,4.498171690527758e-6,4.099249219482564e-6,3.73592849651076e-6,1.7025048439643945e-6
0.046490169368642476,0.07372065592224164,0.06209596692917563,0.05325953935253258,0.046154913525137675,0.04027719061662416,0.03532779636084671,0.03110925106569451,0.027481530979553304,0.02434054707583888,0.021606246076181,0.019215470023109915,0.017117398101830883,0.015270492619475717,0.01364037166719495,0.012198279303782839,0.010919955854069935,0.009784784802368857,0.008775136166105119,0.007875852754352403,0.007073842480321613,0.0063577508150483575,0.0057176947643637205,0.005145044744479299,0.004632244217976519,0.004172659431136774,0.003760453389880958,0.0033904795300718354,0.0030581915214048724,0.0027595663849674934,0.002491038671991179,0.0022494438884551396,0.0020319696907715665,0.001836113646616018,0.0016596465676926506,0.0015005805916089507,0.0013571413276832305,0.00122774349239552,0.0011109695516276982,0.001005550961587262,0.0009103516618575377,0.0008243535254691403,0.0007466435136490937,0.0006764023189046297,0.0006128943100658802,0.0005554586186329365,0.0005035012274419316,0.00045648794096839543,0.00041393813243724084,0.00037541917637184,0.00034054148679654294,0.0003089540913420938,0.0002803406800421914,0.0002544160751527672,0.00023092307480404497,0.00020962962888317928,0.00019032631049580246,0.00017282405064055362,0.00015695210745358002,0.00014255624471787168,0.00012949709715097402,0.00011764870256310246,0.00010689718320438602,9.71395605643367e-5,8.828268963670589e-5,8.024230018689087e-5,7.294213393112606e-5,6.631316770804377e-5,6.029291380846855e-5,5.4824789573787404e-5,4.985754919809623e-5,4.534477142300111e-5,4.124439747769926e-5,3.7518314202109916e-5,3.4131977825615145e-5,3.10540743315139e-5,2.8256212764148038e-5,2.571264821136295e-5,2.3400031520712336e-5,2.1297183113680343e-5,1.9384888527641602e-5,1.7645713552271846e-5,1.6063837047322377e-5,1.4624899713469824e-5,1.3315867265112553e-5,1.2124906609173417e-5,1.1041273768580984e-5,1.0055212417738046e-5,9.157862006235008e-6,8.341174550797299e-6,7.597839262319365e-6,6.921214258708496e-6,6.305264687263306e-6,5.744506644749149e-6,5.233956344214455e-6,4.769084029991889e-6,4.345772190924118e-6,3.960277665624186e-6,3.6091972715780865e-6,3.2894366261024087e-6,1.4990909295651508e-6
0.04092412370703635,0.06490001316049665,0.05466960971558632,0.04689259803910062,0.04063943898234268,0.035465891574346764,0.03110925106569451,0.027395760989673668,0.024202217347907118,0.021437033101540992,0.01902976888559993,0.016924850561878257,0.01507755876742417,0.01345134189048669,0.012015944379907134,0.010746060775003147,0.009620341768238228,0.008620643622854196,0.007731450457459016,0.00693942224276492,0.006233036105656509,0.005602298142030615,0.005038509358095106,0.004534073753021797,0.0040823396233196085,0.003677467350490196,0.0033143185139665327,0.002988362331347909,0.0026955962932038446,0.0024324785115215977,0.0021958698001032853,0.001982983889804897,0.0017913444811363047,0.0016187480732558074,0.0014632316955436528,0.0013230448178380948,0.0011966248365176471,0.0010825756311668155,0.000979648767005254,0.0008867269840211606,0.0008028096678981168,0.0007270000430903284,0.0006584938660216862,0.0005965694280568781,0.0005405787042568368,0.0004899395065602174,0.00044412851909726193,0.0004026751094454578,0.0003651558235826507,0.0003311894841382043,0.00030043282173300954,0.0002725765780283596,0.00024734202661652605,0.00022447786452305715,0.00020375743279118976,0.00018497622953516204,0.0001679496832054368,0.0001525111575798638,0.00013851016327080627,0.00012581075347548563,0.0001142900841770763,0.00010383712127323523,9.435147906826737e-5,8.57423762762172e-5,7.79276972223521e-5,7.083314727175096e-5,6.439149272128783e-5,5.854187642218879e-5,5.322920135558706e-5,4.840357521480431e-5,4.401980977408314e-5,4.0036969486940185e-5,3.6417964341541585e-5,3.3129182515589353e-5,3.0140158844005338e-5,2.742327551543669e-5,2.4953491789427842e-5,2.2708099856850626e-5,2.066650425296265e-5,1.88100225017623e-5,1.7121704904023702e-5,1.5586171590053902e-5,1.4189465152115023e-5,1.2918917334163709e-5,1.1763028412563212e-5,1.0711358038092446e-5,9.754426428101653e-6,8.883624910960926e-6,8.091134920890162e-6,7.3698546326214165e-6,6.7133325018429416e-6,6.115707051246631e-6,5.571652306304544e-6,5.076328341651221e-6,4.625336452581525e-6,4.2146785123301265e-6,3.840720118607598e-6,3.5001571714297105e-6,3.1899855577473507e-6,2.907473650284397e-6,1.3250686780751711e-6
0.03613922282366955,0.05731665972686484,0.048284591509258346,0.04141815540482108,0.035896873058207324,0.03132862577957729,0.027481530979553304,0.024202217347907118,0.02138193409126954,0.018939837259405012,0.01681374895132942,0.01495461210107657,0.01332295066621958,0.011886497948039337,0.01061854456654071,0.009496750460225217,0.00850226760399811,0.0076190775205107475,0.006833481368916122,0.006133700990250374,0.00550956230777741,0.004952240959597828,0.00445405570584935,0.004008299030447748,0.003609097064771888,0.003251292885881968,0.002930348636793992,0.0026422629401791006,0.0023835008405479613,0.002150934085261756,0.0019417899953368609,0.0017536075164439752,0.0015841993049497752,0.0014316189125958279,0.00129413229858448,0.0011701930301407822,0.0010584206394995098,0.0009575816913649851,0.0008665731858882308,0.0007844079802458055,0.0007102019596936082,0.000643162728920732,0.0005825796277308826,0.0005278149030333978,0.00047829589239426276,0.00043350809437006643,0.00039298901767497764,0.0003563227154428205,0.00032313492315599445,0.0002930887292676128,0.00026588071653732386,0.00024123751989469071,0.00021891275327495276,0.00019868426373068288,0.0001803516761545265,0.0001637341962877621,0.00014866864353486582,0.00013500768843307306,0.00012261827251772205,0.0001113801909172125,0.00010118482020079773,9.193397600577337e-5,8.353888670049772e-5,7.591927085030294e-5,6.900250761310506e-5,6.272289037572137e-5,5.702095500809438e-5,5.1842875022765043e-5,4.713991677042094e-5,4.28679485363799e-5,3.8986998043879064e-5,3.5460853455905193e-5,3.225670348319925e-5,2.934481266093187e-5,2.6698228272302774e-5,2.429251575298397e-5,2.2105519742223183e-5,2.0117148238559988e-5,1.830917757135209e-5,1.666507613718723e-5,1.5169845056677022e-5,1.3809874091430519e-5,1.2572811332288761e-5,1.1447445313616373e-5,1.04235983462615e-5,9.492029982530154e-6,8.644349631219247e-6,7.872937440852966e-6,7.1708726540243195e-6,6.531868716467599e-6,5.9502144920711405e-6,5.4207210003152635e-6,4.938673149436636e-6,4.499785988766665e-6,4.100165051085637e-6,3.7362703966198417e-6,3.404884008141872e-6,3.103080220711517e-6,2.8281988991744005e-6,2.57782110473033e-6,1.1748735083854623e-6
0.0319976827208055,0.050752416467469974,0.042757324694422616,0.03667889398569013,0.03179100219746622,0.027746625265125058,0.02434054707583888,0.021437033101540992,0.018939837259405012,0.016777410486326305,0.014894722783766079,0.013248355822228941,0.011803370302794963,0.010531207095149042,0.009408225253983743,0.008414650684326674,0.007533799781995448,0.006751493157877875,0.006055604386504959,0.005435706945843055,0.004882794036899382,0.004389053475413296,0.00394768486129099,0.0035527496630056443,0.0031990472501778056,0.0028820116112535793,0.002597624727646193,0.0023423434817531896,0.0021130376520821503,0.0019069370578038217,0.0017215863049738211,0.0015548058870372937,0.00140465862624551,0.0012694206273362353,0.0011475560609952931,0.0010376952116897507,0.0009386153190418453,0.0008492238181020094,0.0007685436467045823,0.0006957003394499773,0.0006299106701453342,0.0005704726398895257,0.0005167566373694057,0.00046819762267202164,0.0004242882065073339,0.0003845725144108348,0.0003486407403860735,0.0003161243070237442,0.0002866915600275542,0.00026004393432880763,0.00023591253693125945,0.00021405509852470087,0.000194253251774005,0.00017631009937541181,0.0001600480394248734,0.00014530681948395508,0.0001319417941320943,0.00011982236374033376,0.00010883057476097826,9.885986412284681e-5,8.981393225952175e-5,8.160573107128164e-5,7.415655465262063e-5,6.739522195434188e-5,6.125734175292945e-5,5.568465134809294e-5,5.062442135328948e-5,4.6028919749647036e-5,4.1854929120491505e-5,3.8063311633504556e-5,3.461861690502472e-5,3.14887283997088e-5,2.864454447553495e-5,2.6059690586847082e-5,2.371025952628309e-5,2.1574576901320884e-5,1.9632989335086623e-5,1.7867673139744652e-5,1.626246143504004e-5,1.4802687895219748e-5,1.3475045490360545e-5,1.2267458751342655e-5,1.1168968239414737e-5,1.0169626028560483e-5,9.260401130949233e-6,8.433093902688026e-6,7.680258559821429e-6,6.99513302319818e-6,6.371575385893415e-6,5.804006368392779e-6,5.287357186600954e-6,4.8170223155731e-6,4.388816682198863e-6,3.998936864493032e-6,3.6439259171392715e-6,3.320641479067553e-6,3.0262268523669977e-6,2.7580847720314115e-6,2.5138536122429236e-6,2.291385799883572e-6,1.0443641140100701e-6
0.028393548883909436,0.045039500834267665,0.03794662503016111,0.03255382971443033,0.028217070258974464,0.02462854895993777,0.021606246076181,0.01902976888559993,0.01681374895132942,0.014894722783766079,0.013223878401380285,0.011762702741979103,0.010480203201821442,0.009351046081825048,0.008354259909085643,0.0074723029786556705,0.00669037477978493,0.005995896012720603,0.005378108361579231,0.004827761354763593,0.004336863863501544,0.0038984844444141797,0.003506589178576533,0.0031559087031026306,0.002841828256359341,0.002560296068963082,0.002307746527567163,0.002081035342030864,0.0018773845459506278,0.0016943356120415337,0.0015297093096786792,0.0013815711983060155,0.0012482018579641138,0.001128071122016138,0.0010198157067827715,0.0009222197366252037,0.0008341977468958942,0.0007547798147456829,0.0006830985234945932,0.0006183775118233821,0.0005599213965470293,0.0005071068890858087,0.00045937495180710906,0.0004162238623505628,0.000377203072309781,0.00034190776231977655,0.0003099740088056361,0.0002810744888020831,0.00025491465891547185,0.00023122935270508942,0.0002097797478203883,0.0001903506603479991,0.0001727481290270728,0.00015679725659063217,0.00014234027944035055,0.00012923484026876363,0.00011735244126176913,0.00010657705812765423,9.680389746919349e-5,8.793828205132617e-5,7.989465023581208e-5,7.259565742738115e-5,6.597136873424405e-5,5.9958533231999284e-5,5.4499931287835214e-5,4.954378733188836e-5,4.504324130004118e-5,4.0955872687186475e-5,3.724327181255712e-5,3.3870653475326124e-5,3.080650868214456e-5,2.802229058857669e-5,2.549213120167529e-5,2.3192585748300454e-5,2.1102401940473582e-5,1.920231164847868e-5,1.7474842753259447e-5,1.5904149179232026e-5,1.4475857307629306e-5,1.3176927157471454e-5,1.1995526883489227e-5,1.0920919285189703e-5,9.943359155910466e-6,9.054000413659733e-6,8.244812063906947e-6,7.508502139407918e-6,6.838448844459814e-6,6.228638209702976e-6,5.673607630227233e-6,5.168394723234352e-6,4.708490994645613e-6,4.289799855395349e-6,3.908598572838895e-6,3.561503782144028e-6,3.2454402198250844e-6,2.957612373661327e-6,2.6954787730083406e-6,2.4567286703262785e-6,2.239260888019714e-6,2.041164626874168e-6,9.303510259809736e-7
0.02524324047652471,0.04004555523578279,0.033741114614510126,0.02894751814022689,0.02509243328041222,0.021902334829331183,0.019215470023109915,0.016924850561878257,0.01495461210107657,0.013248355822228941,0.011762702741979103,0.010463425854406683,0.009322981111057865,0.008318853199571014,0.007432403289075712,0.006648040431709967,0.0059526096852309945,0.005334930048007253,0.004785438810651785,0.004295913294270634,0.003859250026357161,0.003469287319498346,0.0031206611693869943,0.002808687093214801,0.0025292624178977555,0.002278784870319177,0.002054084294671271,0.0018523650360394509,0.0016711570619891217,0.0015082742951192558,0.0013617789368389858,0.0012299507993400773,0.0011112608471556262,0.0010043482952688879,0.0009080007259221895,0.000821136778534369,0.0007427910416685259,0.0006721008360305852,0.000608294626989166,0.0005506818455808249,0.0004986439302893404,0.0004516264297483273,0.0004091320296701999,0.0003707143867994296,0.0003359726689137008,0.0003045467138260297,0.0002761127320760346,0.0002503794879098204,0.0002270849017336138,0.0002059930245176967,0.00018689134090049166,0.00016958836317878178,0.0001539114829950082,0.00013970505161972364,0.00012682866323733165,0.00011515561867050071,0.00010457154966159957,9.497318615200433e-5,8.626725101777938e-5,7.836946852981218e-5,7.1203674334028e-5,6.470101614554683e-5,5.879923555798588e-5,5.344202242329229e-5,4.857843420677239e-5,4.416237354849632e-5,4.015211800669947e-5,3.650989659408511e-5,3.320150830694315e-5,3.0195978359566218e-5,2.746524828400724e-5,2.498389646440831e-5,2.272888603545867e-5,2.067933739222143e-5,1.8816322849042426e-5,1.71226812336628e-5,1.5582850434580112e-5,1.4182716123828864e-5,1.290947505428418e-5,1.1751511496851713e-5,1.0698285527176296e-5,9.740232000306497e-6,8.868669171513432e-6,8.075716021896037e-6,7.3542174437854686e-6,6.697676525380049e-6,6.100193247242033e-6,5.556408973307557e-6,5.0614561783304595e-6,4.610912910160293e-6,4.2007615325157925e-6,3.827351339594207e-6,3.4873646736121515e-6,3.1777862114542777e-6,2.895875119782133e-6,2.639139806496356e-6,2.405315022928216e-6,2.1923410949938724e-6,1.9983450822482076e-6,1.821623683519599e-6,8.303138626180927e-7
0.022479513838527587,0.03566408937379906,0.030051180200167393,0.02578316395426483,0.022350593758150072,0.01950999855738078,0.017117398101830883,0.01507755876742417,0.01332295066621958,0.011803370302794963,0.010480203201821442,0.009322981111057865,0.008307184328637557,0.007412769289598026,0.006623142954740119,0.005924425285151497,0.005304904618564726,0.004754626391811317,0.004265076582846514,0.003828934032884021,0.003439873892284062,0.0030924096980207705,0.0027817651076195993,0.002503768721783685,0.0022547671087479668,0.002031552338542443,0.0018313012012984853,0.0016515239192989861,0.001490020636536648,0.0013448443266404243,0.001214269033537732,0.0010967625699100023,0.000990962962638623,0.0008956580640059712,0.0008097678499355485,0.0007323290086690814,0.0006624814896158491,0.0005994567355453364,0.0005425673653604024,0.0004911981107106646,0.00044479783936587913,0.0004028725230658739,0.00036497902817153247,0.00033071962479247746,0.00029973712450861046,0.0002717105692007036,0.00024635140395025054,0.000223400075790226,0.00020262300773048626,0.00018380990397140126,0.0001667713478031383,0.00015133665852677756,0.0001373519778500999,0.00012467855984899748,0.00011319124170995707,0.00010277707516367657,9.333410090822409e-5,8.477025038762759e-5,7.700236108782962e-5,6.995529312293436e-5,6.356113624447855e-5,5.775849765129277e-5,5.249186205235354e-5,4.7711016373582806e-5,4.337053234465993e-5,3.942930093782219e-5,3.585011329344714e-5,3.259928333280613e-5,2.9646307782874633e-5,2.6963559794469425e-5,2.4526012733497987e-5,2.231099108948657e-5,2.0297945766409265e-5,1.8468251303745554e-5,1.6805022834372088e-5,1.529295080710631e-5,1.3918151708273681e-5,1.266803319847413e-5,1.1531172238287877e-5,1.0497204924755379e-5,9.556726888959995e-6,8.701203219766709e-6,7.922886985454645e-6,7.214745514432755e-6,6.570393682089979e-6,5.984033526033013e-6,5.450399577171003e-6,4.964709356487153e-6,4.522618540139648e-6,4.120180345856556e-6,3.753808735689707e-6,3.4202450709000336e-6,3.1165278901634213e-6,2.839965513546519e-6,2.5881112042642313e-6,2.3587406456619477e-6,2.149831514465907e-6,1.9595449526062063e-6,1.786208758365608e-6,1.6283021352054436e-6,7.422209260766685e-7
0.020047417810382773,0.03180807632394089,0.026803585064428703,0.022998004228659663,0.019937203514923063,0.017404148597300995,0.015270492619475717,0.01345134189048669,0.011886497948039337,0.010531207095149042,0.009351046081825048,0.008318853199571014,0.007412769289598026,0.006614925249398412,0.005910527818000749,0.005287202158646392,0.0047345063916904295,0.004243564989800677,0.0038067866040023685,0.003417643287559377,0.0030704952899674107,0.0027604502858088673,0.0024832490382991,0.0022351716432178204,0.00201295999716998,0.0018137531994436018,0.0016350333686170199,0.0014745799215909842,0.001330430785282985,0.001200849329519648,0.0010842960534550306,0.0009794042456398866,0.0008849589841714474,0.000799878958841635,0.0007232006885808957,0.0006540647806850888,0.0005917039374419321,0.0005354324634017239,0.00048463706581465885,0.0004387687728651078,0.0003973358207697139,0.0003598973829084676,0.00032605803252640665,0.000295462846009396,0.0002677930666095561,0.0002427622595469938,0.00022011289872463698,0.00019961333315608298,0.00018105508801816855,0.00016425046102499456,0.00014903037979743837,0.00013524249021546397,0.00012274944941010604,0.00011142740029517536,0.00010116460732398054,9.186023555845667e-5,8.342325726721947e-5,7.577147211221573e-5,6.883062858472179e-5,6.253363578777641e-5,5.681985587431895e-5,5.163446856020783e-5,4.69279000895734e-5,4.265530986672034e-5,3.877612872234173e-5,3.525364343792811e-5,3.2054622743289555e-5,2.9148980506388754e-5,2.6509472302400938e-5,2.4111421955873562e-5,2.193247500521957e-5,1.9952376363719597e-5,1.8152769737345435e-5,1.6517016612007307e-5,1.5030032853528732e-5,1.367814116093319e-5,1.2448937797852368e-5,1.1331172189019693e-5,1.0314638109339196e-5,9.390075325121618e-6,8.549080661688567e-6,7.784027573878746e-6,7.087993391164109e-6,6.454693488867029e-6,5.878421713574164e-6,5.353996457931279e-6,4.8767118381681074e-6,4.442293483365359e-6,4.04685849257783e-6,3.686879160831976e-6,3.3591501125760216e-6,3.0607585174833693e-6,2.7890570951154633e-6,2.5416396428398424e-6,2.316318847782842e-6,2.111106166289451e-6,1.9241935754237268e-6,1.7539370200188832e-6,1.5988413952489152e-6,1.457546920401535e-6,6.64408386697854e-7
0.01790147623982946,0.02840549164565287,0.02393771572738823,0.020540092474563176,0.017807279392660802,0.015545558650236213,0.01364037166719495,0.012015944379907134,0.01061854456654071,0.009408225253983743,0.008354259909085643,0.007432403289075712,0.006623142954740119,0.005910527818000749,0.005281352172487902,0.004724568926863806,0.004230856310198081,0.003792290665798781,0.0034020946018958748,0.003054439941310355,0.0027442913433248783,0.0024672806592256277,0.0022196048811767635,0.0019979424593514067,0.0017993840994826593,0.001621375103826088,0.001461667007450547,0.0013182767674052402,0.0011894521394521448,0.0010736421611363643,0.0009694718775514373,0.0008757206137657188,0.0007913032284505451,0.0007152538863238658,0.0006467119685769837,0.0005849098057734842,0.0005291619704808053,0.0004788559094018943,0.0004334437298290101,0.00039243498389751,0.00035539031771116697,0.00032191587213672036,0.00029165833845878637,0.0002643005858894336,0.0002395577894147528,0.00021717399632395235,0.00019691907807594484,0.00017858602117600854,0.00016198851681505002,0.000146958814187091,0.00013334580684312963,0.00012101332528929518,0.00010983861231252589,9.971096041172392e-5,9.053049319851644e-5,8.220707477572266e-5,7.465933300222099e-5,6.781378419809221e-5,6.160404827315548e-5,5.597014454415249e-5,5.085785958792457e-5,4.621817946873577e-5,4.200677953338232e-5,3.818356571471315e-5,3.4712261956918724e-5,3.156003896172786e-5,2.869717998231296e-5,2.609677984194089e-5,2.373447377197925e-5,2.1588193027268388e-5,1.9637944554116158e-5,1.7865612276344147e-5,1.625477782030328e-5,1.4790558725057959e-5,1.3459462389957657e-5,1.2249254187969783e-5,1.1148838337681415e-5,1.0148150271680568e-5,9.238059364527246e-6,8.410281001508367e-6,7.657297071727648e-6,6.972284060480433e-6,6.349048000873123e-6,5.7819656159055445e-6,5.2659310506607065e-6,4.796307654177768e-6,4.368884322535023e-6,3.979835964398667e-6,3.625687692368322e-6,3.3032823835686957e-6,3.0097512864885644e-6,2.7424873835225533e-6,2.4991212469082088e-6,2.2774991506682458e-6,2.075663224743316e-6,1.8918334577758644e-6,1.7243913738259451e-6,1.571865225256278e-6,1.4329165587340976e-6,1.3063280253350244e-6,5.954961590624032e-7
0.016003661808695335,0.025396105395327218,0.0214028828433786,0.01836598596149064,0.015923200980753005,0.013901421974315098,0.012198279303782839,0.010746060775003147,0.009496750460225217,0.008414650684326674,0.0074723029786556705,0.006648040431709967,0.005924425285151497,0.005287202158646392,0.004724568926863806,0.004226652406033496,0.0037851211782767846,0.003392893212674497,0.0030439108220732883,0.00273296458573611,0.002455553614639547,0.002207773278750949,0.0019862240160049005,0.0017879365541182968,0.0016103100712903176,0.0014510606714536085,0.0013081781653345656,0.0011798896003854635,0.0010646283196436637,0.0009610075834109444,0.0008677979820659008,0.0007839080180851356,0.0007083673520203899,0.0006403122992765554,0.0005789732374053592,0.0005236636419947843,0.00047377051638656034,0.0004287460184339738,0.00038810011883409073,0.0003513941511728404,0.00031823513490226735,0.00028827077009505476,0.00026118501746910227,0.00023669418950837684,0.00021454348877096747,0.00019450393828836492,0.00017636965638480415,0.00015995543451597033,0.0001450945821590637,0.00013163700739985199,0.00011944750583191841,0.00010840423382352422,9.839734513409802e-5,8.932777244928308e-5,8.11061376250579e-5,7.365177634736193e-5,6.689186461214698e-5,6.076063590098593e-5,5.519867920463005e-5,5.0152309192799e-5,4.557300079547917e-5,4.141688134658714e-5,3.764427420541031e-5,3.4219288438866154e-5,3.11094497489053e-5,2.8285368352945115e-5,2.5720439996889093e-5,2.3390576682674464e-5,2.127396406559958e-5,1.9350842801488547e-5,1.760331140735307e-5,1.6015148458599934e-5,1.4571652174235467e-5,1.3259495642906386e-5,1.2066596126809783e-5,1.0981997037981306e-5,9.99576132857481e-6,9.098875166221963e-6,8.28316087775414e-6,7.541198250070563e-6,6.866253368458929e-6,6.2522142543972986e-6,5.693532640887547e-6,5.185171287086415e-6,4.722556295194154e-6,4.301533946156805e-6,3.918331617194952e-6,3.5695223886500705e-6,3.251992985265709e-6,2.962914732907316e-6,2.699717241728909e-6,2.4600645558258476e-6,2.24183353467052e-6,2.043094253914678e-6,1.8620922342320014e-6,1.6972323250115314e-6,1.547064086548965e-6,1.4102685295523963e-6,1.2856460839384503e-6,1.1721056814550608e-6,5.343274238761185e-7
0.01432189977196513,0.022729113143894142,0.01915632801186773,0.016439037894442454,0.01425323202104084,0.012444062266634831,0.010919955854069935,0.009620341768238228,0.00850226760399811,0.007533799781995448,0.00669037477978493,0.0059526096852309945,0.005304904618564726,0.0047345063916904295,0.004230856310198081,0.0037851211782767846,0.003389846973137156,0.003038697314464482,0.0027262521648984683,0.0024478503296692655,0.002199464464005492,0.001977600644652161,0.0017792167984377188,0.0016016558116929078,0.001442590213159338,0.0012999760830008783,0.00117201439116707,0.0010571183724869884,0.0009538858473026324,0.0008610756235000218,0.000777587289697965,0.0007024438433106978,0.0006347767015576367,0.0005738127258704713,0.0005188629553259175,0.0004693127969367678,0.00042461346280915115,0.0003842744781441306,0.0003478571120777568,0.0003149686062549079,0.0002852570948879774,0.000258407125816644,0.00023413570518642218,0.00021218879939558215,0.00019233823714093342,0.00017437896227621551,0.00015812659483794992,0.00014341526320232672,0.00013009567519619127,0.00011803340011200692,0.00010710733712742575,9.720834870746839e-5,8.823804018512392e-5,8.010766903030495e-5,7.273716930441187e-5,6.605427851164112e-5,5.9993755577581126e-5,5.449668000090217e-5,4.950982336656882e-5,4.4985085434160496e-5,4.087898787997167e-5,3.71522195638552e-5,3.376922787583572e-5,3.069785131478971e-5,2.7908988989507793e-5,2.537630320087269e-5,2.307595168594349e-5,2.0986346464748945e-5,1.9087936564647873e-5,1.7363012187760407e-5,1.5795528140736365e-5,1.4370944578253274e-5,1.3076083316032453e-5,1.1898998149377076e-5,1.0828857778088954e-5,9.855840079541216e-6,8.971036603346797e-6,8.166366276947238e-6,7.434497411852223e-6,6.7687771947003204e-6,6.163167929224076e-6,5.612189368355388e-6,5.110866543759095e-6,4.654682557111688e-6,4.2395358522263855e-6,3.861701535106722e-6,3.5177963505951e-6,3.2047469641077465e-6,2.9197612306301906e-6,2.6603021652800053e-6,2.424064356604731e-6,2.2089525897785997e-6,2.013062469477144e-6,1.8346628521632028e-6,1.67217991640501e-6,1.5241827160867143e-6,1.3893700764496484e-6,1.2665587064873156e-6,1.1546724130020955e-6,1.052732312880071e-6,4.799239750348212e-7
0.012828938036569482,0.02036134700973563,0.01716171859622645,0.014728107731083961,0.012770403829649224,0.011149960171257106,0.009784784802368857,0.008620643622854196,0.0076190775205107475,0.006751493157877875,0.005995896012720603,0.005334930048007253,0.004754626391811317,0.004243564989800677,0.003792290665798781,0.003392893212674497,0.003038697314464482,0.0027240283886556665,0.002444032355264421,0.0021945346205311383,0.001971928165614041,0.0017730836280536733,0.0015952762663144701,0.001436126068356046,0.0012935482221563405,0.0011657118465377148,0.0010510053736472492,0.000948007336268028,0.0008554615830141804,0.00077225614774179,0.0006974051552034802,0.0006300332649058285,0.000569362248559014,0.0005146993702600331,0.00046542729690409596,0.0004209953130564735,0.00038091165227636687,0.0003447367872969785,0.0003120775465484055,0.0002825819450131767,0.0002559346342851888,0.00023185289081737327,0.0002100830730729789,0.0001903974881720472,0.00017259161684437217,0.00015648165255802843,0.00014190231663855106,0.00012870491621524809,0.0001167556161820473,0.00010593390005511974,9.613119778864847e-5,8.724966136547775e-5,7.920107132321761e-5,7.190585944842425e-5,6.529223465091523e-5,5.929540056484107e-5,5.385685478368385e-5,4.892376081407307e-5,4.444838485643393e-5,4.038759043854443e-5,3.670238470266838e-5,3.3357510856477156e-5,3.0321081910560403e-5,2.7564251360181796e-5,2.5060916950779717e-5,2.2787454086206703e-5,2.0722475816706493e-5,1.8846616666044497e-5,1.7142337856408316e-5,1.5593751750021443e-5,1.4186463553691434e-5,1.290742854043555e-5,1.1744823225413837e-5,1.0687929094818795e-5,9.727027634054154e-6,8.853305527756894e-6,8.058769022173791e-6,7.336166544216039e-6,6.6789187614636975e-6,6.081055352001504e-6,5.537157826357084e-6,5.0423078093486445e-6,4.5920402506283506e-6,4.182301083799177e-6,3.8094089030743544e-6,3.470020269442719e-6,3.161098295562864e-6,2.8798841942988436e-6,2.623871505992696e-6,2.390782748366282e-6,2.178548257015828e-6,1.985287007761221e-6,1.8092892323811306e-6,1.6490006571484865e-6,1.503008210510016e-6,1.3700270608093958e-6,1.2488888584679171e-6,1.1385310692150847e-6,1.0379872955237038e-6,9.463784934888132e-7,4.314525006454231e-7
