0.06134155474827052,0.08876737342896646,0.06996478206160739,0.05650256108839691,0.04625562790752402,0.038210292146491964,0.0317715370356777,0.026550654271227603,0.022276594412272588,0.018751939527551165,0.015828394954275793,0.013391994497241266,0.011353612525711348,0.009642588989021872,0.00820228540726367,0.006986893878356354,0.0059590897908996104,0.005088270371679429,0.004349210660727909,0.003721023506040963,0.003186345163198323,0.002730691025435654,0.0023419414458986793,0.0020099282458695966,0.0017260999758719336,0.001483249346019521,0.001275290135630016,0.001097073766597973,0.0009442378759637986,0.0008130808511184785,0.0007004575374670967,0.0006036922909206498,0.0005205062978679356,0.00044895667488368055,0.00038738532677409614,0.0003343759130678293,0.0002887175707770584,0.0002493742808792644,0.0002154589602021053,0.0001862115182212163,0.0001609802471564479,0.00013920601944695946,0.00012040885361354293,0.00010417648126676135,9.0154607355663e-5,7.803860507308463e-5,6.756642783652665e-5,5.851255494756678e-5,5.0682816136288786e-5,4.3909964137678944e-5,3.804988453883081e-5,3.29783490296508e-5,2.858823240160422e-5,2.4787125640592404e-5,2.1495287584470896e-5,1.8643886175681113e-5,1.6173487593255237e-5,1.4032757694947288e-5,1.2177345412539136e-5,1.0568922179681682e-5,9.1743552331091e-6,7.964995839526977e-6,6.916066231364021e-6,6.0061313629354725e-6,5.2166435870174455e-6,4.531550048827003e-6,3.936954045799445e-6,3.420822840006883e-6,2.972735472960411e-6,2.58366504103806e-6,2.24579066771651e-6,1.952335076511816e-6,1.6974242410616066e-6,1.4759660796219384e-6,1.2835455833426447e-6,1.116334129392263e-6,9.710110416443289e-7,8.446957292379813e-7,7.348889631694831e-7,6.394220493758353e-7,5.564128271441611e-7,4.842275683610186e-7,4.2144797975193866e-7,3.6684261894895625e-7,3.193421293062171e-7,2.780177793437657e-7,2.420628624341145e-7,2.1077657271978223e-7,1.8355002516543793e-7,1.5985413262880634e-7,1.392290915138259e-7,1.212752611220341e-7,1.0564525073258389e-7,9.203705342428703e-8,8.018808729513484e-8,6.987002339820962e-8,6.088429588823646e-8,5.305820385255483e-8,4.624152638030948e-8,4.030358290583327e-8,1.756533996036479e-8
0.08876737342896646,0.12846130040478343,0.10125425125059273,0.0817740347216327,0.0669460102265731,0.0553035326330904,0.04598570416367265,0.03843011860562928,0.03224460109683058,0.02714350861010495,0.022912271127195183,0.019385986382341014,0.016435692685719927,0.013959145536685758,0.011874387974863676,0.010115133793113046,0.008627371420777019,0.007366815390017795,0.0062969617351089635,0.00538758324743914,0.00461355113688236,0.003953902839989004,0.00339109804828136,0.002910420412197162,0.0024994931881546015,0.0021478848356727073,0.001846786204713069,0.0015887451121196008,0.0013674472179554462,0.0011775344678909803,0.0010144541710378867,0.0008743331752195729,0.0007538726871695635,0.000650260138187194,0.0005610951704911032,0.00048432735701332656,0.00041820369812219614,0.00036122428546255577,0.00031210480412761747,0.00026974477273279326,0.00023320060743040136,0.0002016627488347746,0.00017443621660548358,0.00015092406025488418,0.00013061326060347968,0.00011306270767374267,9.789294014465053e-5,8.477738095437229e-5,7.34348450293909e-5,6.362312976203321e-5,5.513352793337688e-5,4.778612722608033e-5,4.142578103834326e-5,3.591865267860584e-5,3.114924967272635e-5,2.7017877303581075e-5,2.3438451001177893e-5,2.0336616097090963e-5,1.764813100086016e-5,1.5317476276873398e-5,1.329665754449188e-5,1.1544174772458031e-5,1.002413449140003e-5,8.705484818442139e-6,7.56135606619647e-6,6.568492164841578e-6,5.7067602269633065e-6,4.958727377588895e-6,4.309295510506814e-6,3.745385947148195e-6,3.2556671004969895e-6,2.8303192131686933e-6,2.4608310676613916e-6,2.1398242774066327e-6,1.8609013783463788e-6,1.6185144644527931e-6,1.4078515618182241e-6,1.2247383234007462e-6,1.0655529593048308e-6,9.271526046131703e-7,8.068095734825203e-7,7.021561606115934e-7,6.111368345650645e-7,5.319668248254269e-7,4.6309624068648524e-7,4.0317897734413433e-7,3.510457655280306e-7,3.0568080845111804e-7,2.662015250404454e-7,2.3184098355666175e-7,2.019326657290971e-7,1.7589725012883483e-7,1.5323114538095505e-7,1.3349654000263747e-7,1.1631276700094009e-7,1.0134880839755513e-7,8.831678827786194e-8,7.696632321142449e-8,6.707961638981253e-8,5.846719701210565e-8,2.5482109785483948e-8
0.06996478206160739,0.10125425125059273,0.07981141905032518,0.06445803178063159,0.0527710409143205,0.04359461724838787,0.03625030407250596,0.030294877134134257,0.025419266495010917,0.021398356932317286,0.018063044008258256,0.015283365319450237,0.012957682584505581,0.011005413008521148,0.009361962288240488,0.00797508626362567,0.006802214531550249,0.005808442006151243,0.004964996415142128,0.004248052429776647,0.0036378030239805625,0.0031177248136570537,0.002673991726692568,0.0022950034762469207,0.001971003830284007,0.001693769769395323,0.0014563570642440044,0.0012528910812328146,0.0010783940773543277,0.0009286421013237518,0.0008000460391452691,0.0006895524397053723,0.0005945606114243895,0.0005128531532433214,0.00044253761493922086,0.00038199740535102555,0.00032985040655699426,0.00028491402527179317,0.00024617563420352515,0.00021276753607620338,0.00018394572997831697,0.0001590718802236277,0.00013759798703734307,0.00011905334020233379,0.00010303340446639634,8.919034175863187e-5,7.722492202485195e-5,6.68796134780901e-5,5.793267568298798e-5,5.019310619805081e-5,4.3496314416105204e-5,3.770041551271906e-5,3.268305362298326e-5,2.8338677057069845e-5,2.457619991411467e-5,2.1316994218770256e-5,1.8493164979879815e-5,1.6046067582820608e-5,1.3925032873617646e-5,1.2086270354360663e-5,1.0491924201089226e-5,9.109260479560024e-6,7.909967050324565e-6,6.869550311351181e-6,5.966815195467326e-6,5.183416776414305e-6,4.50347349363145e-6,3.913233419236713e-6,3.400786203732259e-6,2.9558143738444504e-6,2.5693785438069184e-6,2.233731863538892e-6,1.942159680674678e-6,1.6888409536869442e-6,1.4687284351721704e-6,1.2774450572799716e-6,1.1111943070399844e-6,9.66682684848228e-7,8.410526017854975e-7,7.318242978528638e-7,6.368455577382701e-7,5.542481682107451e-7,4.824102058418723e-7,4.1992336786491016e-7,3.655646664205653e-7,3.1827189889460857e-7,2.771223866925214e-7,2.4131454374830665e-7,2.101518953590901e-7,1.8302921931281646e-7,1.59420525456657e-7,1.3886862817970203e-7,1.2097609931273727e-7,1.0539741748730454e-7,9.183215472016486e-8,8.001906231119671e-8,6.973093662291516e-8,6.077016128189149e-8,5.296483614464198e-8,4.61654153477914e-8,2.0120893556589434e-8
0.05650256108839691,0.0817740347216327,0.06445803178063159,0.05205926300896202,0.04262114844840892,0.0352103694637772,0.02927907792750284,0.024469371816730756,0.020531676357112172,0.017284208813466206,0.014590414350411252,0.012345344887778803,0.01046692387902784,0.008890077048303857,0.007562640897524148,0.00644242480806545,0.005495049900973617,0.004692327246015746,0.0040110203763689956,0.0034318877011735582,0.00293893262458602,0.002518810299757139,0.0021603541572253263,0.0018541951353804598,0.0015924534205641744,0.0013684874291779378,0.0011766883487271881,0.0010123112010125522,0.0008713353708682467,0.0007503490426179846,0.0006464531338695855,0.0005571812024194201,0.00048043249277882755,0.0004144158316552928,0.0003576025110699193,0.00030868663983215847,0.00026655171820133203,0.00023024241119230793,0.00019894067482058558,0.00017194553490408387,0.00014865593670632376,0.0001285561810315857,0.00011120354242982137,9.621773124217792e-5,8.327191586097972e-5,7.208506699991945e-5,6.241542353284195e-5,5.40549109431113e-5,4.682436977062644e-5,4.0569473494630397e-5,3.515723379736457e-5,3.0473006715531496e-5,2.641792627832275e-5,2.2906703287022966e-5,1.9865736218567813e-5,1.7231489121816493e-5,1.4949098058646105e-5,1.2971173305330774e-5,1.1256769332486485e-5,9.770498669866125e-6,8.481769228573541e-6,7.364127612876178e-6,6.394693470617769e-6,5.553672077189954e-6,4.823934180790183e-6,4.190653700898641e-6,3.6409952098057454e-6,3.163844268673144e-6,2.749574669491325e-6,2.3898474718752962e-6,2.0774374408807128e-6,1.8060831076894206e-6,1.5703572029273323e-6,1.365554664993302e-6,1.1875958150187017e-6,1.0329426236503214e-6,8.985262822658042e-7,7.816845380440721e-7,6.801074643121821e-7,5.917905205087537e-7,5.149939132668005e-7,4.482074054320231e-7,3.9011983666290433e-7,3.3959271953389466e-7,2.9563736186918506e-7,2.5739504073678576e-7,2.2411981788022425e-7,1.951636420783051e-7,1.6996343183368548e-7,1.4802987330371208e-7,1.2893770408596805e-7,1.1231728444013673e-7,9.784728421722979e-8,8.524833682899818e-8,7.427753156926987e-8,6.472363282903303e-8,5.640292968098774e-8,4.915563221657773e-8,4.284274217256864e-8,3.73433350634989e-8,1.6276099700722215e-8
0.04625562790752402,0.0669460102265731,0.0527710409143205,0.04262114844840892,0.03489477147696418,0.028827939370500322,0.023972207751822405,0.020034612105718774,0.01681085887360756,0.014152145539830352,0.011946690892625511,0.010108585533630116,0.00857064172815955,0.007279589162109051,0.00619272587488208,0.005275513454338854,0.004499808038222364,0.0038425327931018854,0.0032846649622595148,0.002810452021060776,0.0024067978486937494,0.002062777112466288,0.001769247693093827,0.001518538991339722,0.0013041995877936738,0.0011207917586753859,0.0009637232846173641,0.0008291091554409394,0.0007136573947837694,0.0006145744552261759,0.0005294865737885523,0.0004563742030159277,0.00039351719826162534,0.0003394488861018837,0.0002929174902530831,0.00025285367133816555,0.0002183431612202795,0.00018860365321763826,0.0001629652559029869,0.00014085393714666824,0.00012177748219991801,0.00010531356928380683,9.109963167456192e-5,7.882422936284525e-5,6.82196980951687e-5,5.905588078828532e-5,5.113477722038114e-5,4.428597367603512e-5,3.836273578880197e-5,3.323866587710616e-5,2.8804841219780145e-5,2.4967362457424948e-5,2.164525202355674e-5,1.8768651560990336e-5,1.627727491506785e-5,1.4119079751868404e-5,1.2249126321216031e-5,1.0628596520965321e-5,9.223950351220316e-6,8.00620019412719e-6,6.950286192879677e-6,6.034538426764603e-6,5.240213639761939e-6,4.551096037266943e-6,3.953153166145275e-6,3.434239174097175e-6,2.9838388397872113e-6,2.592846699998191e-6,2.253376402423065e-6,1.9585960985490927e-6,1.7025862784014826e-6,1.4802169530590261e-6,1.2870415231478383e-6,1.1192050421587895e-6,9.733649021815224e-7,8.466222428120468e-7,7.364626193614718e-7,6.407046686156837e-7,5.574556840094181e-7,4.850731618801877e-7,4.2213150917721073e-7,3.673932138185014e-7,3.1978387457155797e-7,2.7837056945760703e-7,2.423431127744074e-7,2.109978120151012e-7,1.8372338866313803e-7,1.599887724747269e-7,1.3933251810131032e-7,1.2135362690614773e-7,1.0570358606927055e-7,9.207946244153728e-8,8.021791046980053e-8,6.988997240533851e-8,6.089656537291372e-8,5.3064563991506336e-8,4.624339947084737e-8,4.030210668097412e-8,3.512675982904892e-8,3.0618245306774666e-8,1.3345163562180294e-8
0.038210292146491964,0.0553035326330904,0.04359461724838787,0.0352103694637772,0.028827939370500322,0.02381630515078642,0.019805060887303938,0.01655222253202704,0.013889045670704536,0.011692619930040504,0.009870613567508707,0.008352064362549705,0.007081473833151886,0.006014839090722188,0.00511688661809237,0.004359085972921506,0.0037181886432115924,0.0031751315464940144,0.002714200351167262,0.0023223820322783653,0.0019888578549361463,0.0017046022571674813,0.001462062711773359,0.0012549022642491976,0.0010777910951395644,0.0009262367847030044,0.0007964453811676458,0.0006852071629232966,0.0005898023237392198,0.0005079228233682287,0.00043760742165709077,0.0003771875133859754,0.000325241848054254,0.0002805585858216596,0.00024210343109082235,0.0002089928164681872,0.00018047129516511823,0.00015589244906920926,0.00013470274063113108,0.00011642783496822531,0.00010066099882116578,8.705324880649529e-5,7.530497553215896e-5,6.515881481966514e-5,5.639357422484092e-5,4.8819053763137356e-5,4.2271625280615346e-5,3.661045620149831e-5,3.1714281198538374e-5,2.7478640244334813e-5,2.381351401721819e-5,2.0641298159401744e-5,1.7895066738921874e-5,1.5517082744271227e-5,1.3457519748897434e-5,1.1673364216562178e-5,1.0127472438838369e-5,8.787759926523817e-6,7.626504325284575e-6,6.619745690964677e-6,5.746770304642537e-6,4.989666209486465e-6,4.3329403539680585e-6,3.763188677652723e-6,3.268811715624847e-6,2.8397693557901668e-6,2.4673692884096546e-6,2.144084459584378e-6,1.8633955033532722e-6,1.6196546937449763e-6,1.4079684434015206e-6,1.2240957919552875e-6,1.0643606845394478e-6,9.255761470710975e-7,8.049787283299158e-7,7.00171804576186e-7,6.090765369460759e-7,5.298894388842446e-7,4.61045654339773e-7,4.0118717124262816e-7,3.4913530114012785e-7,3.038668474514892e-7,2.6449346387008015e-7,2.3024377231123368e-7,2.00447868558023e-7,1.745238943202757e-7,1.5196639797782114e-7,1.323362439911021e-7,1.1525186339360897e-7,1.0038166588212828e-7,8.743745818730729e-8,7.616873437245551e-8,6.635772177700679e-8,5.7815081934157136e-8,5.037617931855582e-8,4.389784244550558e-8,3.825555195440775e-8,3.3340999048565193e-8,2.9059965215890595e-8,2.5330480709167876e-8,1.1040612464441554e-8
0.0317715370356777,0.04598570416367265,0.03625030407250596,0.02927907792750284,0.023972207751822405,0.019805060887303938,0.016469680075788695,0.013764877539627962,0.011550356659749544,0.00972392710999398,0.008208821612693873,0.006946039557589018,0.005889436981880658,0.005002427485456554,0.004255682412431641,0.0036254794535896945,0.0030924878538189163,0.0026408567797457025,0.002257519700381287,0.001931656095214583,0.001654269912545206,0.0014178560718899405,0.0012161342920199124,0.0010438350278650088,0.0008965261665289243,0.0007704719007435561,0.0006625172128606471,0.0005699928898704378,0.0004906371029413069,0.00042253042738836163,0.0003640418239309537,0.0003137836001832388,0.00027057375957419746,0.00023340445000625404,0.0002014154658952728,0.0001738719494956205,0.0001501455914928035,0.0001296987548651445,0.00011207104654592168,9.686794310867389e-5,8.375114340738012e-5,7.243037581638112e-5,6.265643271556034e-5,5.4215242012078165e-5,4.69228162104468e-5,4.062094507995245e-5,3.517351919990973e-5,3.0463389364971793e-5,2.6389681645747802e-5,2.286550029898779e-5,1.9815961128099647e-5,1.7176506645559314e-5,1.4891461750801498e-5,1.2912794854764975e-5,1.1199054627757625e-5,9.714456982582359e-6,8.42810066367761e-6,7.313292998309374e-6,6.346970067210164e-6,5.5091978514739645e-6,4.782742862278198e-6,4.152702424838493e-6,3.6061862038082375e-6,3.1320417645587945e-6,2.7206179958558523e-6,2.363561099469016e-6,2.0536386049844674e-6,1.7845875104314469e-6,1.5509832006791875e-6,1.3481262668548664e-6,1.1719447536308021e-6,1.0189097076834635e-6,8.85962197712351e-7,7.704502311272024e-7,6.700742115762512e-7,5.828397692288398e-7,5.070169574963562e-7,4.4110494879797667e-7,3.8380148130838374e-7,3.339764115920597e-7,2.9064881650026726e-7,2.529671638820717e-7,2.201921374337916e-7,1.9168175746582492e-7,1.6687848823980936e-7,1.4529806458996848e-7,1.2651980677439313e-7,1.101782238738298e-7,9.595573303438663e-8,8.357634522807991e-8,7.280018830928477e-8,6.341875558659324e-8,5.525078316121536e-8,4.813867227213539e-8,4.1945384141469285e-8,3.6551744518717756e-8,3.185410353490662e-8,2.776230374857174e-8,2.4197915549117562e-8,2.1092704536100547e-8,9.19365010291143e-9
0.026550654271227603,0.03843011860562928,0.030294877134134257,0.024469371816730756,0.020034612105718774,0.01655222253202704,0.013764877539627962,0.011504466042027206,0.009653756394477048,0.008127357847662775,0.006861122719144991,0.00580574890441804,0.004922677183491278,0.004181334584604374,0.003557212708363955,0.0030304878544366934,0.0025850059629891967,0.002207520868145671,0.0018871130458557456,0.0016147398203292945,0.001382883124019161,0.001185270825212005,0.0010166543115713335,0.0008726296149954918,0.0007494925942890755,0.0006441210050594053,0.00055387796971741,0.000476532603272916,0.00041019448059991664,0.0003532593347388988,0.00030436391470286227,0.0002623483474365855,0.00022622467299043738,0.0001951504769136369,0.00016840674552432268,0.00014537923036286003,0.0001255427368804709,0.00010844785604380725,9.370974153819151e-5,8.099860351321996e-5,7.003164555663627e-5,6.0566217301159884e-5,5.2393992672205474e-5,4.533601482420164e-5,3.923847448414049e-5,3.396910976079725e-5,2.9414133219992722e-5,2.5475606818733997e-5,2.2069197669700264e-5,1.9122257968975226e-5,1.6572181116382867e-5,1.4364993370670986e-5,1.2454146534175378e-5,1.0799482357635011e-5,9.366343739541759e-6,8.124811501039332e-6,7.04904865874158e-6,6.116736779891472e-6,5.3085912619368555e-6,4.607944300347218e-6,4.000385938038989e-6,3.4734549812053114e-6,3.016372749656695e-6,2.619813638770294e-6,2.2757073319264437e-6,1.977068237847825e-6,1.7178483564091334e-6,1.4928103133759301e-6,1.2974177653715294e-6,1.1277407703056998e-6,9.803740558509407e-7,8.523664081465246e-7,7.411596512396214e-7,6.445359006933648e-7,5.605719579092043e-7,4.875998686466014e-7,4.241728044521065e-7,3.6903554184062287e-7,3.2109891382614084e-7,2.794176944761361e-7,2.431714511233216e-7,2.1164796254976158e-7,1.8422885644406457e-7,1.60377166628646e-7,1.3962655141342002e-7,1.2157194959629428e-7,1.0586148092198196e-7,9.218942403897951e-8,8.029012755044348e-8,6.99327292999026e-8,6.091657584139299e-8,5.3067248626238094e-8,4.623311600666968e-8,4.028234101679969e-8,3.510028430055499e-8,3.058724967106925e-8,2.6656526819934298e-8,2.3232691774371388e-8,2.0250130954497746e-8,1.7651759242561415e-8,7.69395320842199e-9
0.022276594412272588,0.03224460109683058,0.025419266495010917,0.020531676357112172,0.01681085887360756,0.013889045670704536,0.011550356659749544,0.009653756394477048,0.008100893682156662,0.006820129618167303,0.005757646789036772,0.004872082257202787,0.0041310857092787395,0.003509006844219828,0.002985283228735952,0.002543282682548144,0.002169451714351879,0.0018526764664839185,0.0015837950801711256,0.0013552203442939552,0.0011606441841552212,0.000994803868046349,0.0008532954085738315,0.0007324234922196221,0.0006290799812557271,0.0005406449724669644,0.00046490580941915306,0.00039999048761949624,0.0003443126720931904,0.000296526137404377,0.00025548689224060093,0.00022022159982262868,0.00018990117755653861,0.00016381867322266602,0.00014137068416710539,0.00012204172073447496,0.00010539102318944714,9.104142831228477e-5,7.866995232643967e-5,6.799981408352434e-5,5.8793669195993884e-5,5.084786416399245e-5,4.398755109056229e-5,3.8062529620885074e-5,3.294370427850521e-5,2.852006327526554e-5,2.4696099757016065e-5,2.1389608857997895e-5,1.8529804322577927e-5,1.6055707146397165e-5,1.3914765985518249e-5,1.2061675217909775e-5,1.0457361703687873e-5,9.068115650279435e-6,7.864844666843012e-6,6.822433202405531e-6,5.919192197996717e-6,5.1363860167563875e-6,4.457825610370598e-6,3.869518492739018e-6,3.3593674591477244e-6,2.9169111567984524e-6,2.533100605502076e-6,2.2001066140284908e-6,1.911153760772353e-6,1.6603772246273158e-6,1.4426992799287828e-6,1.2537227198744043e-6,1.0896388595649635e-6,9.471481003991586e-7,8.233913206660858e-7,7.158906002130474e-7,6.224979954729027e-7,5.413512598266507e-7,4.7083555795958746e-7,4.095503545795014e-7,3.5628077135983495e-7,3.0997280343746723e-7,2.697118705183869e-7,2.3470424988924326e-7,2.0426100070837946e-7,1.7778404239931054e-7,1.5475409612128423e-7,1.3472023790559913e-7,1.1729084634214812e-7,1.0212575721619498e-7,8.89294629212208e-8,7.744521648951369e-8,6.744991901562872e-8,5.874968565433855e-8,5.1175999484266e-8,4.458237476957398e-8,3.884146170219021e-8,3.384253382381251e-8,2.9489307225564194e-8,2.569804743542812e-8,2.2395925808472385e-8,1.951959233875437e-8,1.7013936222659182e-8,1.4831009331401259e-8,6.464545529430151e-9
0.018751939527551165,0.02714350861010495,0.021398356932317286,0.017284208813466206,0.014152145539830352,0.011692619930040504,0.00972392710999398,0.008127357847662775,0.006820129618167303,0.005741943259635271,0.0048474997468451325,0.004101982874872803,0.0034781623181161375,0.0029544471482060297,0.002513528920297811,0.0021414073269495557,0.001826673447817867,0.0015599718629946899,0.0013335902135984297,0.0011411415856027486,0.0009773157767568041,0.0008376825102801751,0.0007185343716875851,0.0006167604910145355,0.0005297442741863355,0.000455280120393026,0.00039150525100781295,0.0003368436531185678,0.00028995979739332694,0.00024972028700998277,0.00021516197489243778,0.00018546538035935783,0.00015993246535762591,0.00013796801046866633,0.00011906397326377598,0.00010278632502086276,8.876395272468837e-5,7.667928644750684e-5,6.626037152373154e-5,5.727415313423745e-5,4.952078027836075e-5,4.2828768396506434e-5,3.70508864606467e-5,3.206065626973548e-5,2.7749369815728477e-5,2.402354565619766e-5,2.080275775921404e-5,1.8017780733061914e-5,1.5609004095681835e-5,1.3525075556583739e-5,1.1721739426021055e-5,1.0160841431208398e-5,8.809475564783222e-6,7.639252260753369e-6,6.625670289511705e-6,5.747577381656481e-6,4.986706809278528e-6,4.327279033783331e-6,3.755659124100142e-6,3.2600620066650945e-6,2.8302987597092445e-6,2.4575581473411034e-6,2.134218424868311e-6,1.8536851596247933e-6,1.6102514204076863e-6,1.3989772082873144e-6,1.2155854460635298e-6,1.0563722229736635e-6,9.181293168675275e-7,7.98077294407062e-7,6.938077282175936e-7,6.032332745465292e-7,5.245445304606752e-7,4.561727400712488e-7,3.967575486773044e-7,3.4511911462059137e-7,3.002339842103917e-7,2.6121421714756875e-7,2.2728932037635255e-7,1.9779060912681032e-7,1.721376661828317e-7,1.498266154191402e-7,1.3041996451479195e-7,1.1353780510951043e-7,9.885018755020916e-8,8.607051223070857e-8,7.494980093956191e-8,6.52717301714261e-8,5.684832430226666e-8,4.9516220345683975e-8,4.3133427890377404e-8,3.757651812808813e-8,3.273818476666534e-8,2.8525127301078506e-8,2.4856213767576227e-8,2.1660885843667345e-8,1.8877774129931618e-8,1.6453495748400822e-8,1.4341610107357004e-8,1.250171190658635e-8,5.449321621886148e-9
0.015828394954275793,0.022912271127195183,0.018063044008258256,0.014590414350411252,0.011946690892625511,0.009870613567508707,0.008208821612693873,0.006861122719144991,0.005757646789036772,0.0048474997468451325,0.004092447703735971,0.003463104351506624,0.0029364859511932725,0.0024943685060759974,0.0021221425277242953,0.0018079906869214457,0.0015422828738294973,0.0013171222179098226,0.001125998672557433,0.0009635209420847703,0.0008252065458057879,0.0007073157251443699,0.0006067188771382709,0.0005207899372260301,0.00044732005973700285,0.00038444732283567616,0.0003305991878965976,0.0002844451839107273,0.0002448578417283513,0.0002108803224130885,0.00018169950512901805,0.00015662354800094263,0.00013506312871756042,0.0001165157235797948,0.0001005524038715901,8.68067241707076e-5,7.49653539453062e-5,6.4760165542179e-5,5.596154173671017e-5,4.837270669794797e-5,4.1824917445037134e-5,3.617338012065069e-5,3.1293777819870416e-5,2.7079315214200176e-5,2.343820051182256e-5,2.029149801542759e-5,1.7571295114770754e-5,1.521913636902541e-5,1.3184684713218105e-5,1.1424575999919613e-5,9.901438271837264e-6,8.58305152073288e-6,7.441627356105391e-6,6.453191105032719e-6,5.597051478272417e-6,4.855345147804455e-6,4.212645454094381e-6,3.655626048709894e-6,3.1727716241830768e-6,2.7541290290061967e-6,2.391093037424598e-6,2.0762218734963263e-6,1.8030782946034694e-6,1.5660926413721583e-6,1.3604447749523866e-6,1.1819622613209764e-6,1.027032537544567e-6,8.925271151910285e-7,7.757361509772991e-7,6.743119497381126e-7,5.86220166050695e-7,5.096976436166294e-7,4.4321597965649277e-7,3.854500286058305e-7,3.3525066865785764e-7,2.91621248336521e-7,2.5369721097353186e-7,2.207284642596827e-7,1.9206412156761457e-7,1.6713929311019028e-7,1.4546364913621633e-7,1.266115153702141e-7,1.1021329371989887e-7,9.594802944374177e-8,8.353697035885566e-8,7.273798465842761e-8,6.334072198916836e-8,5.5162418095876674e-8,4.8044256805157894e-8,4.1848214788486295e-8,3.645432457959701e-8,3.175830002745794e-8,2.76694758697602e-8,2.4109019596262924e-8,2.1008379389456005e-8,1.8307936775552724e-8,1.5955836819049177e-8,1.3906972324653353e-8,1.212210164805202e-8,1.056708244009378e-8,4.606103001275683e-9
0.013391994497241266,0.019385986382341014,0.015283365319450237,0.012345344887778803,0.010108585533630116,0.008352064362549705,0.006946039557589018,0.00580574890441804,0.004872082257202787,0.004101982874872803,0.003463104351506624,0.0029305852322014034,0.002484980586004812,0.0021108722090343868,0.0017958997795259682,0.0015300651654835754,0.0013052206550109823,0.0011146848947312937,0.0009529498252468481,0.0008154538923360564,0.0006984044408306824,0.0005986371988061286,0.0005135041245219237,0.00044078320609623224,0.00037860543283789894,0.00032539532318237585,0.0002798222428731694,0.0002407603735739075,0.00020725566093479988,0.00017849842599462241,0.00015380059548018507,0.00013257671638106008,0.00011432808372901322,9.862943904262846e-5,8.51177985630757e-5,7.348305140142137e-5,6.34600326288406e-5,5.482182858949133e-5,4.737411406979298e-5,4.0950355375973216e-5,3.540774147837945e-5,3.062372843435799e-5,2.649310126309301e-5,2.2925473098272067e-5,1.9843154389907075e-5,1.717933568839454e-5,1.4876536491528758e-5,1.288528009556482e-5,1.116296063469809e-5,9.672873719372471e-6,8.383386470282633e-6,7.267226433671628e-6,6.300871966995398e-6,5.4640293052067536e-6,4.739183729389541e-6,4.111214129461194e-6,3.5670618375372896e-6,3.095445951668412e-6,2.686618508787963e-6,2.332153835398783e-6,2.0247672268055444e-6,1.7581588078597924e-6,1.5268790253473828e-6,1.3262127313622131e-6,1.1520792519525705e-6,1.0009462065693858e-6,8.697551614099174e-7,7.558574707566053e-7,6.5695889304217e-7,5.710717672378554e-7,4.964737054719109e-7,4.316719039923591e-7,3.7537229996811316e-7,3.2645290912946934e-7,2.839407717129321e-7,2.4699201342248655e-7,2.1487459640899326e-7,1.869533939174094e-7,1.6267727263153027e-7,1.4156791022049655e-7,1.2321011294774367e-7,1.0724343036935952e-7,9.335489192457562e-8,8.127271406290584e-8,7.076084719442877e-8,6.161424951510073e-8,5.365479006336306e-8,4.672769661666561e-8,4.069847543383912e-8,3.5450239725838345e-8,3.0881392231492665e-8,2.690361464455744e-8,2.3440122990135216e-8,2.042415353756644e-8,1.7797648592684205e-8,1.551011561417539e-8,1.3517636654409375e-8,1.1782008198511351e-8,1.0269994131654149e-8,8.952676869821049e-9,3.902446840886103e-9
0.011353612525711348,0.016435692685719927,0.012957682584505581,0.01046692387902784,0.00857064172815955,0.007081473833151886,0.005889436981880658,0.004922677183491278,0.0041310857092787395,0.0034781623181161375,0.0029364859511932725,0.002484980586004812,0.0021071618392399516,0.0017899588412115947,0.0015228929485901765,0.001297488006577155,0.0011068365208534749,0.0009452740866266671,0.0008081309551620508,0.0006915397818096289,0.000592285065939108,0.0005076840322287522,0.0004354915550589932,0.0003738236923156082,0.00032109577573589954,0.0002759719933513238,0.0002373241190052975,0.00020419757503620586,0.00017578341164250838,0.00015139508725427403,0.00013044916453550277,0.00011244921449989715,9.697235986381612e-5,8.365799771495883e-5,7.219832775662034e-5,6.233038104629411e-5,5.3829299172560236e-5,4.650265810552626e-5,4.018566686007029e-5,3.473710028790576e-5,3.003584914114247e-5,2.5977990092900406e-5,2.247429447494717e-5,1.9448107761534594e-5,1.683354280309409e-5,1.4573938936765019e-5,1.2620546686176496e-5,1.0931404087581587e-5,9.470375972332425e-6,8.206331966238755e-6,7.112442685155252e-6,6.165576733444943e-6,5.345783743117481e-6,4.6358509137193e-6,4.020922388000634e-6,3.4881723838199103e-6,3.026524346475447e-6,2.626409524414141e-6,2.279559337090367e-6,1.9788267259200835e-6,1.7180323764661384e-6,1.4918322953455884e-6,1.2956037316829906e-6,1.1253468646997303e-6,9.776000478249699e-7,8.493667145005914e-7,7.380523201269266e-7,6.414099243946211e-7,5.574932155095308e-7,4.84615946448728e-7,4.2131689780482136e-7,3.6632960575729057e-7,3.185562000312184e-7,2.770447878704407e-7,2.4096989846308537e-7,2.0961556946105836e-7,1.8236071514719066e-7,1.5866646554001619e-7,1.3806520845118904e-7,1.201511033800115e-7,1.0457186781057912e-7,9.102166375699141e-8,7.923493595859334e-8,6.898107334764853e-8,6.005978291870218e-8,5.229708019626845e-8,4.554181347768072e-8,3.966265026796581e-8,3.4545463990338966e-8,3.009106743296145e-8,2.6213246597144613e-8,2.28370548630691e-8,1.989733277668736e-8,1.7337423417329154e-8,1.5108057339521113e-8,1.3166384561844965e-8,1.1475134091700526e-8,1.0001884081874564e-8,8.718427967979643e-9,7.600223891336109e-9,3.312958201033441e-9
0.009642588989021872,0.013959145536685758,0.011005413008521148,0.008890077048303857,0.007279589162109051,0.006014839090722188,0.005002427485456554,0.004181334584604374,0.003509006844219828,0.0029544471482060297,0.0024943685060759974,0.0021108722090343868,0.0017899588412115947,0.0015205278123795948,0.00129367991778696,0.0011022165295418995,0.0009402711863139394,0.0008030331147667012,0.0006865362560344833,0.0005874960015048811,0.0005031813334230636,0.00043131366560514826,0.0003699861017099331,0.00031759849680427533,0.00027280488054613576,0.00023447063966665783,0.0002016374683621253,0.000173494546221023,0.0001493547408028652,0.00012863488742841577,0.00011083939431002577,9.554657218707806e-5,8.239720536495042e-5,7.108497358022784e-5,6.134840730019782e-5,5.296411737015089e-5,4.5741086649907486e-5,3.951584889373759e-5,3.4148410618157544e-5,2.9518796479675803e-5,2.5524118918799797e-5,2.2076089423123796e-5,1.9098902413327114e-5,1.652743402475571e-5,1.4305707377351999e-5,1.2385583674775135e-5,1.0725644915618226e-5,9.290239371010739e-6,8.048665478054147e-6,6.974473561359131e-6,6.044867953321545e-6,5.240194739812747e-6,4.543502592628133e-6,3.9401660374737205e-6,3.4175620987165285e-6,2.9647926087025014e-6,2.572445610735833e-6,2.2323902520305082e-6,1.9376003832821917e-6,1.6820027798403382e-6,1.4603464916449559e-6,1.2680903347830215e-6,1.1013059676004668e-6,9.565943610539709e-7,8.310137862495732e-7,7.220177095054633e-7,6.274012140093619e-7,5.452547623434868e-7,4.739242817162681e-7,4.1197669698753855e-7,3.581701592550146e-7,3.1142832309119795e-7,2.708181158403005e-7,2.3553051983174736e-7,2.0486395497868796e-7,1.7820990632148626e-7,1.5504049027489472e-7,1.3489769559124464e-7,1.1738407134942593e-7,1.0215466560279844e-7,8.891004523477638e-8,7.739025074766104e-8,6.736955972402194e-8,5.86519498794212e-8,5.106716749956144e-8,4.446731985665481e-8,3.872392122838401e-8,3.372533169296208e-8,2.937453608726784e-8,2.558721763282395e-8,2.2290086855958627e-8,1.941943173986173e-8,1.6919859624114085e-8,1.4743205323426684e-8,1.2847583365121843e-8,1.1196565201387802e-8,9.758464815217135e-9,8.505718354291217e-9,7.414345341736472e-9,6.463480674433299e-9,2.8174840279355835e-9
0.00820228540726367,0.011874387974863676,0.009361962288240488,0.007562640897524148,0.00619272587488208,0.00511688661809237,0.004255682412431641,0.003557212708363955,0.002985283228735952,0.002513528920297811,0.0021221425277242953,0.0017958997795259682,0.0015228929485901765,0.00129367991778696,0.0011006909805818602,0.0009378028833387508,0.0008000254767217864,0.0006832665580273241,0.0005841524277164379,0.0004998890243346436,0.0004281531724947378,0.0003670065403143033,0.0003148269628186068,0.0002702532067428683,0.00023214024948560365,0.00019952285885965673,0.00017158577989831664,0.00014763921857291213,0.00012709859932321385,0.00010946779056273748,9.432515865796039e-5,8.131193934100356e-5,7.0122515651274e-5,6.0496270196519616e-5,5.2210741770524144e-5,4.5075865955751656e-5,3.892911908338144e-5,3.363141691457535e-5,2.9063645340444565e-5,2.5123721472917375e-5,2.17241007092184e-5,1.878965946910103e-5,1.625589491519963e-5,1.4067392551904759e-5,1.2176520525727203e-5,1.0542316040575243e-5,9.129534781001492e-6,7.907838805414562e-6,6.851102194903438e-6,5.936816944070855e-6,5.145584266874457e-6,4.460678749809133e-6,3.867674685679011e-6,3.35412552676522e-6,2.909288750836049e-6,2.523889578941261e-6,2.1899179548096742e-6,1.9004540184710923e-6,1.6495180045850648e-6,1.431941090036361e-6,1.2432542191392375e-6,1.0795923649977833e-6,9.376120514555359e-7,8.144202720772672e-7,7.07513209116326e-7,6.147233829073939e-7,5.341740567250185e-7,4.642398882237306e-7,4.03512961140042e-7,3.507734528123308e-7,3.0496429745347097e-7,2.6516929472107175e-7,2.305941899778961e-7,2.0055031853039998e-7,1.7444046281039496e-7,1.5174662004183018e-7,1.3201941979688266e-7,1.1486896679832371e-7,9.995691521053976e-8,8.698960731476344e-8,7.571213236697547e-8,6.590318115868895e-8,5.737058883122912e-8,4.994747311294791e-8,4.348888780615049e-8,3.7868922244389455e-8,3.297818682579794e-8,2.8721632855205173e-8,2.501666191740228e-8,2.179148606123601e-8,1.898370528376437e-8,1.6539073323844347e-8,1.4410426670460821e-8,1.2556755057994846e-8,1.0942394637881553e-8,9.536327532303438e-9,8.311573656772765e-9,7.244662583930168e-9,6.315174850452217e-9,5.505343523303753e-9,2.39985403202369e-9
0.006986893878356354,0.010115133793113046,0.00797508626362567,0.00644242480806545,0.005275513454338854,0.004359085972921506,0.0036254794535896945,0.0030304878544366934,0.002543282682548144,0.0021414073269495557,0.0018079906869214457,0.0015300651654835754,0.001297488006577155,0.0011022165295418995,0.0009378028833387508,0.0007990312447748484,0.0006816509286888383,0.0005821760952784173,0.0004977329106090351,0.00042594126879400354,0.00036482216230534874,0.0003127243946079352,0.0002682660839560813,0.00023028761571699911,0.00019781355001933544,0.000170021599561978,0.00014621723497975714,0.0001258128018804183,0.00010831027814836016,9.328698515556383e-5,8.038370819239541e-5,6.929479084352014e-5,5.975985332217827e-5,5.155685180257305e-5,4.4496248807437315e-5,3.8416106946141714e-5,3.3177952150181735e-5,2.8663279801231724e-5,2.4770599235751645e-5,2.1412930060538788e-5,1.8515678372726626e-5,1.6014833001561514e-5,1.3855431779319285e-5,1.1990256013012898e-5,1.0378718081055976e-5,8.985912692714845e-6,7.781807015692634e-6,6.740548769008703e-6,5.839874635355375e-6,5.060604073559954e-6,4.386205900290126e-6,3.8024269347140647e-6,3.296973619099192e-6,2.8592388960266258e-6,2.480067776856125e-6,2.1515560118844223e-6,1.866877099704334e-6,1.6201335742036674e-6,1.4062291021444006e-6,1.2207584303585978e-6,1.0599126507737592e-6,9.203976179810088e-7,7.993636657682726e-7,6.943450348530214e-7,6.032076511028293e-7,5.241040873400607e-7,4.5543470762075204e-7,3.958141343697141e-7,3.440423002170803e-7,2.9907945021905036e-7,2.60024549077075e-7,2.260966243186977e-7,1.9661864187964384e-7,1.710035666718506e-7,1.487423090136241e-7,1.2939329918837496e-7,1.1257346806771254e-7,9.795044236922226e-8,8.523578943620943e-8,7.417916913777795e-8,6.456327000334678e-8,5.6199423510862205e-8,4.8923804960109754e-8,4.259414181968305e-8,3.70868612221288e-8,3.2294617565069284e-8,2.8124149173704678e-8,2.4494419905806888e-8,2.1335007536796117e-8,1.8584705924514723e-8,1.6190312392940922e-8,1.4105575626231523e-8,1.2290282684721242e-8,1.070946662388756e-8,9.332718683534788e-9,8.133591158889495e-9,7.089078924290356e-9,6.179169187099145e-9,5.3864504383303095e-9,4.695772771940655e-9,2.046976393326311e-9
0.0059590897908996104,0.008627371420777019,0.006802214531550249,0.005495049900973617,0.004499808038222364,0.0037181886432115924,0.0030924878538189163,0.0025850059629891967,0.002169451714351879,0.001826673447817867,0.0015422828738294973,0.0013052206550109823,0.0011068365208534749,0.0009402711863139394,0.0008000254767217864,0.0006816509286888383,0.000581522184513893,0.0004966661804640463,0.0004246318030310652,0.00036338901934498957,0.0003112498803286958,0.00026680601904036354,0.00022887876300298725,0.0001964790099413384,0.0001687747407367766,0.0001450645619384401,0.00012475604758129628,0.00010734792868320178,9.241538728413097e-5,7.959786969540753e-5,6.858895444367022e-5,5.9127903700689766e-5,5.099259972333168e-5,4.399362498807007e-5,3.796928991764794e-5,3.278144811851079e-5,2.831196791642837e-5,2.4459752215467815e-5,2.1138217543171763e-5,1.827315845330654e-5,1.580093595922213e-5,1.3666938925188644e-5,1.1824275777680329e-5,1.0232660861442982e-5,8.85746552408239e-6,7.668908800570072e-6,6.6413665498244216e-6,5.752781214751114e-6,4.984157154974721e-6,4.31912882684509e-6,3.7435910371648695e-6,3.245382138558522e-6,2.814012415501824e-6,2.4404310765630194e-6,2.116826252652348e-6,1.8364532333786375e-6,1.5934868790539158e-6,1.382894743750561e-6,1.2003279519029986e-6,1.0420273026336387e-6,9.04742442061196e-7,7.856622564725142e-7,6.823549051264525e-7,5.927161381992655e-7,5.149247390621383e-7,4.4740409540560795e-7,3.887890451541358e-7,3.378972638134393e-7,2.9370456350861954e-7,2.553235625515011e-7,2.2198526024104954e-7,1.930231167331592e-7,1.6785929367386145e-7,1.4599275918773093e-7,1.2698900201168432e-7,1.104711348754591e-7,9.611219766092764e-8,8.362849700822497e-8,7.277384148910821e-8,6.33345508443979e-8,5.512513443269198e-8,4.7984548375541656e-8,4.177295326597745e-8,3.636890493583847e-8,3.1666919980136564e-8,2.7575365657452e-8,2.4014630609210793e-8,2.091553875006241e-8,1.821797376398668e-8,1.586968604536753e-8,1.3825257712505175e-8,1.2045204608046094e-8,1.0495197033963972e-8,9.145383417205952e-9,7.969803223675525e-9,6.9458772681466944e-9,6.053965154052835e-9,5.2769809483877005e-9,4.600059382160597e-9,4.010265895543691e-9,1.7481723680085108e-9
0.005088270371679429,0.007366815390017795,0.005808442006151243,0.004692327246015746,0.0038425327931018854,0.0031751315464940144,0.0026408567797457025,0.002207520868145671,0.0018526764664839185,0.0015599718629946899,0.0013171222179098226,0.0011146848947312937,0.0009452740866266671,0.0008030331147667012,0.0006832665580273241,0.0005821760952784173,0.0004966661804640463,0.0004241982065549491,0.0003626792198356517,0.00031037579836663224,0.000265846604789911,0.00022788902230818937,0.0001954965602022755,0.00016782459515926433,0.00014416263314155544,0.00012391171922661792,0.00010656594506738577,9.169724149964815e-5,7.894282182456221e-5,6.799477602206956e-5,5.859141930019264e-5,5.0510078046872055e-5,4.356105834825636e-5,3.758259103893663e-5,3.2436585851405744e-5,2.8005057985919886e-5,2.418711506954797e-5,2.0896412313196726e-5,1.805899975882298e-5,1.561149857935083e-5,1.3499554067730323e-5,1.1676521706764311e-5,1.0102349912883749e-5,8.742628992072272e-6,7.567780763211344e-6,6.552367391978847e-6,5.674501377348615e-6,4.91534146684337e-6,4.258661648563452e-6,3.6904823535401803e-6,3.198754668590659e-6,2.7730897614698316e-6,2.4045268994091464e-6,2.0853344382265474e-6,1.808838999639044e-6,1.5692787651190186e-6,1.3616774170263763e-6,1.1817357682789866e-6,1.0257385548448087e-6,8.904742339761447e-7,7.731659437205424e-7,6.71412046211427e-7,5.831349043019994e-7,5.065367347385803e-7,4.4006154647145545e-7,3.8236231388832826e-7,3.3227265553682724e-7,2.887823919821049e-7,2.5101644493625574e-7,2.182166154474135e-7,1.8972584372914576e-7,1.6497460883771973e-7,1.434691741111868e-7,1.2478142519261774e-7,1.0854008264696146e-7,9.442310134009129e-8,8.215109473993524e-8,7.148164462259461e-8,6.220437584370633e-8,5.413669238538151e-8,4.712008511098509e-8,4.10169339069002e-8,3.570773746651191e-8,3.108871305032491e-8,2.7069716417051143e-8,2.3572438886412298e-8,2.0528844323403666e-8,1.7879813881662416e-8,1.5573970685134327e-8,1.356666038982234e-8,1.1819066803502054e-8,1.0297444549251049e-8,8.972453178918887e-9,7.818579234355706e-9,6.8136345666455e-9,5.938320786896102e-9,5.175851077375224e-9,4.511621763308461e-9,3.932927058213252e-9,3.4287112745030835e-9,1.494676775378973e-9
