0.06134155474841796,0.10064890958701778,0.08689662592072733,0.07620486676819782,0.067432710830577,0.060035356884514,0.05369042911208277,0.04818428072681702,0.04336492358221533,0.03911886326865588,0.035358321234725376,0.03201358571522872,0.02902814080169125,0.02635541047785883,0.023956495383040455,0.02179854816508553,0.019853575399936874,0.018097533661555143,0.016509634034889864,0.015071797861274439,0.013768224491554015,0.01258504351740447,0.011510031748175636,0.010532380529251595,0.009642502710307393,0.008831871204064118,0.008092882981142219,0.007418743740126271,0.006803369529994496,0.00624130238051529,0.005727637592714024,0.0052579607992791905,0.004828293259928604,0.004435044137619415,0.004074968722498781,0.0037451317473399387,0.0034428750813298853,0.00316578920310992,0.0029116879489879746,0.002678586109485445,0.0024646795104968436,0.0022683272686816122,0.0020880359546887883,0.0019224454351811013,0.001770316195153221,0.00163051796890009,0.00150201953046427,0.0013838795130991476,0.0012752381439363955,0.0011753097940042714,0.0010833762558061684,0.0009987806712898999,0.0009209220418218769,0.0008492502598837007,0.0007832616090898831,0.0007224946849523888,0.000666526694207567,0.0006149700951189087,0.0005674695451439657,0.0005236991260991856,0.0004833598198997445,0.000446177210891064,0.00041189939326688116,0.0003802950641810009,0.0003511517851793504,0.0003242743962840484,0.00029948356868067863,0.0002766144832360203,0.00025551562339135546,0.00023604767209469465,0.0002180825033708464,0.00020150226005821292,0.0001861985100420991,0.00017207147401461943,0.00015902931847756223,0.00014698750823681234,0.00013586821319848787,0.0001255997647625971,0.00011611615749982295,0.00010735659221720135,9.926505686073169e-5,9.178994201005167e-5,8.48836880353403e-5,7.850246121246908e-5,7.26058563516492e-5,6.715662371451826e-5,6.212041816783861e-5,5.746556871985358e-5,5.316286673175499e-5,4.9185371259773776e-5,4.5508230097687525e-5,4.2108515224287724e-5,3.896507147141512e-5,3.605837731980924e-5,3.33704168313404e-5,3.088456180454777e-5,2.8585463318997776e-5,2.64589519070607e-5,2.4491945648194807e-5,2.267236554487188e-5,1.0494528797001519e-5
0.10064890958701778,0.16514717474433427,0.14258393959767357,0.12504186829626818,0.11064915554215915,0.09851199629988439,0.08810149831262604,0.07906715077174242,0.07115960025269463,0.0641926462251301,0.05802227760605727,0.05253412367224919,0.04763546281061426,0.043249880787771144,0.039313557691906365,0.0357726025455104,0.03258108774288293,0.029699566069877892,0.027093929694275487,0.024734517266991773,0.022595404782156714,0.020653835031175738,0.01888975327746678,0.017285425520760622,0.015825121810390308,0.014494851385415064,0.013282139544748883,0.012175838436660896,0.011165965660006216,0.010243565846666969,0.009400591373293826,0.008629799101439156,0.007924660627835561,0.00727928398734326,0.006688345113689209,0.00614702765324357,0.005650969961889782,0.0051962183021197345,0.004779185413374479,0.004396613755371495,0.004045542827706555,0.003723280056526959,0.0034273748112280678,0.003155595175425352,0.002905907146538489,0.0026764559823906353,0.0024655494500954583,0.0022716427631951017,0.0020933250203310425,0.0019293069816282427,0.0017784100387637641,0.0016395562521149057,0.001511759342792799,0.0013941165406605623,0.001285801200725585,0.001186056109853801,0.0010941874145971031,0.0010095591084680368,0.0009315880235169285,0.0008597392772115575,0.0007935221304479524,0.0007324862173439944,0.0006762181115327372,0.0006243381971382557,0.0005764978159296247,0.000532376664946186,0.0004916804215442661,0.0004541385749089726,0.0004195024452367767,0.00038754337362935723,0.00035805106727396317,0.00033083208601143634,0.0003057084577068542,0.0002825164109869936,0.0002611052150344566,0.00024133611700173033,0.0002230813685297657,0.00020622333365239755,0.00019065367100752628,0.00017627258396533257,0.00016298813284536598,0.00015071560389818628,0.00013937693024416607,0.00012890016033258048,0.00011921896990946907,0.00011027221384324066,0.00010200351444115833,9.436088321458582e-5,8.729637329104559e-5,8.076575993870333e-5,7.472824685640254e-5,6.914619610349539e-5,6.398487972590736e-5,5.921225128529151e-5,5.479873566433522e-5,5.0717035649887375e-5,4.69419539244956e-5,4.345022921691194e-5,4.022038545476738e-5,3.7232592867744154e-5,1.7234270039682867e-5
0.08689662592072733,0.14258393959767357,0.12310455849164992,0.10795993836183371,0.09553416287472549,0.0850556167728529,0.07606771127192302,0.06826785282598369,0.06144077615237453,0.05542573525399441,0.050098405854998695,0.045360051890369624,0.04113062674085066,0.03734416177523858,0.03394556091052736,0.030888299615966064,0.028132728068398616,0.025644790915343108,0.023395042257131737,0.021357874819915745,0.019510907765161456,0.017834494145325397,0.01631132005822028,0.01492607509964472,0.013665178971741632,0.012516552832590788,0.011469426670601274,0.010514175960907812,0.009642182331149218,0.008845714066526594,0.00811782312885595,0.00745225601266189,0.006843376264356521,0.0062860968883276525,0.005775821176780202,0.005308390750637992,0.004880039801514899,0.004487354686267861,0.004127238160215013,0.003796877644501165,0.0034937170124808153,0.0032154314555332686,0.0029599050510148647,0.00272521070797236,0.002509592209477711,0.0023114481084862137,0.00212931726594931,0.001961865846406473,0.0018078756098653878,0.00166623335854673,0.0015359214141549143,0.001416009016378176,0.0013056445457610283,0.0012040484855690217,0.0011105070470116482,0.0010243663904411608,0.0009450273827792087,0.0008719408379350042,0.0008046031926078993,0.0007425525751726999,0.0006853652295138613,0.000632652259838485,0.0005840566660080017,0.0005392506419198504,0.0004979331123307791,0.0004598274859284549,0.0004246796047517355,0.00039225587186736237,0.00036234154107727713,0.00033473915401481275,0.0003092671113129287,0.0002857583658449408,0.0002640592271726007,0.00024402826732827874,0.00022553531903002355,0.0002084605581821851,0.00019269366330972038,0.00017813304526213217,0.00016468514107521566,0.00015226376647385588,0.00014078952198399693,0.00013018924805687513,0.00012039552505487211,0.00011134621426826113,0.00010298403649931483,9.525618506151445e-5,8.811397028689089e-5,8.151249291492822e-5,7.54103439438024e-5,6.976932875573283e-5,6.45542134901254e-5,5.973249182906733e-5,5.5274170517078444e-5,5.115157206684695e-5,4.733915324620823e-5,4.381333805264661e-5,4.0552363992920454e-5,3.7536140588974505e-5,3.474611911131239e-5,3.216517263175049e-5,1.4888742782507875e-5
0.07620486676819782,0.12504186829626818,0.10795993836183371,0.09467916044729807,0.08378254498787019,0.07459346639496922,0.06671154421310388,0.05987143553432617,0.05388437504827226,0.04860940502548872,0.043937505671925,0.03978209529617738,0.03607298083355859,0.032752314096340274,0.029771780951818427,0.027090583600725027,0.024673952631126372,0.02249202439205822,0.02051897724199847,0.01873235561915154,0.0171125332183657,0.015642281084411735,0.014306416114739595,0.013091512082779033,0.011985659903463841,0.010978267131738578,0.010059889050713366,0.009222085436797672,0.008457298378323458,0.0077587474909516785,0.0071203396139725705,0.006536590640117718,0.006002557572578629,0.005513779251730466,0.005066224468544961,0.004656246401301703,0.004280542489954839,0.003936119004129601,0.0036202596787286295,0.0033304978870555835,0.003064591899747747,0.0028205028440522126,0.0025963750326013293,0.002390518377247422,0.0022013926414288926,0.002027593317898785,0.001867838946556448,0.001720959710355248,0.0015858871679392192,0.001461644998995957,0.0013473406532939283,0.001242157807562528,0.0011453495452817923,0.0010562321845118613,0.0009741796874388961,0.0008986185925498151,0.0008290234170426139,0.0007649124827889837,0.0007058441241024286,0.0006514132402169002,0.0006012481590360347,0.0005550077823641923,0.0005123789859082066,0.0004730742499620792,0.0004368294991950218,0.0004034021320808868,0.0003725692225185996,0.00034412587777774787,0.0003178837385405999,0.00029366960820052454,0.0002713241997388347,0.00025070098965713876,0.00023166516943701546,0.00021409268586874888,0.00019786936244314563,0.0001828900946616056,0.00016905811281714206,0.00015628430640229288,0.00014448660478399988,0.00013358940930746632,0.00012352307241618368,0.00011422341975673555,0.0001056313116283617,9.769224041780667e-5,9.035596098197094e-5,8.357615121387554e-5,7.731010024254661e-5,7.151842196333213e-5,6.616479177696654e-5,6.121570461833296e-5,5.664025249779714e-5,5.24099199454241e-5,4.849839588636222e-5,4.488140058951824e-5,4.153652645755236e-5,3.844309152354556e-5,3.558200461734897e-5,3.2935641255439586e-5,3.048772937826465e-5,2.8223244138659447e-5,1.3064155506454307e-5
0.067432710830577,0.11064915554215915,0.09553416287472549,0.08378254498787019,0.07414051270828481,0.06600937035959809,0.05903485103058759,0.052982172402446404,0.04768430987682559,0.04301654013793266,0.03888239929873105,0.035205277220820896,0.031923064797008016,0.02898457594993098,0.02634706055498437,0.023974419117079482,0.021835886204876198,0.01990503712802144,0.018159023672414176,0.01657797602411748,0.015144527777621486,0.01384343377615238,0.012661259099806643,0.01158612337301293,0.010607488642395496,0.009715981968668408,0.008903245969597046,0.008161812082386671,0.00748499245455761,0.006866787227789883,0.006301804634711583,0.00578519183163044,0.005312574780479959,0.00488000580188061,0.004483917664084153,0.004121083266897765,0.00378858013695825,0.003483759076032822,0.0032042164084334357,0.0029477693585127987,0.0027124341585629264,0.0024964065460510165,0.0022980443574561887,0.0021158519670304993,0.0019484663523516646,0.0017946445980522446,0.0016532526738042563,0.0015232553431944566,0.0014037070784236674,0.0012937438711007158,0.0011925758426573237,0.0010994805695808164,0.0010137970483135722,0.0009349202335723374,0.0008622960914024952,0.0007954171146848481,0.000733818254735466,0.000677073227691739,0.0006247911587454209,0.0005766135313996033,0.0005322114121606037,0.000491282924306299,0.0004535509470957131,0.00041876101910582816,0.00038667942660093255,0.000357091459713417,0.0003297998209950328,0.00030462317229955696,0.00028139480740634135,0.0002599614390231559,0.0002401820898348013,0.00022192707828607924,0.0002050770906679338,0.00018952233184520596,0.000175161747718703,0.0001619023130992295,0.00014965837928845784,0.0001383510761952954,0.00012790776424479768,0.00011826153179852463,0.00010935073418143594,0.0001011185707479427,9.351269676606956e-5,8.64848671468597e-5,7.999060933115395e-5,7.398892288739182e-5,6.844200356442734e-5,6.33149897609521e-5,5.857572953400412e-5,5.419456644832187e-5,5.0144142693920495e-5,4.639921804741468e-5,4.293650337470079e-5,3.973450747336946e-5,3.677339616460333e-5,3.403486263046679e-5,3.1502008078887586e-5,2.915923189901156e-5,2.6992130531686468e-5,2.49874043502722e-5,1.1566385953572017e-5
0.060035356884514,0.09851199629988439,0.0850556167728529,0.07459346639496922,0.06600937035959809,0.05877034528320091,0.052561008256228,0.04717234636173917,0.042455667290419496,0.03829993698736234,0.03461927903267148,0.03134549157442812,0.028423282132631345,0.025807082326347208,0.023458833784704203,0.021346398786425413,0.019442388205179073,0.01772327721800504,0.016168724929646938,0.014761041944045927,0.013484767509906015,0.012326329308594453,0.011273766580285172,0.010316502497244417,0.009445155324944943,0.008651380486759785,0.00792773751161302,0.0072675772072064715,0.006664945416931356,0.006114500480103702,0.005611442098701264,0.005151449761591778,0.004730629224674404,0.004345465820107905,0.003992783584007717,0.003669709364991461,0.003373641215962911,0.0031022204830738753,0.0028533070987553436,0.0026249576612710213,0.002415405944986529,0.002223045537728008,0.0020464143446269553,0.0018841807344003175,0.00173513113387809,0.0015981589028656457,0.0014722543434140846,0.0013564957158690924,0.0012500411503602628,0.0011521213560453068,0.001062033042224575,0.0009791329758310138,0.0009028326083926376,0.0008325932134918904,0.0007679214824780171,0.0007083655318879615,0.0006535112813046712,0.0006029791648791555,0.0005564211436311587,0.0005135179893076477,0.0004739768134571932,0.0004375288182544724,0.00040392724803338213,0.00037294552255370816,0.0003443755350019265,0.00031802609939485856,0.000293721533639435,0.00027130036575004866,0.0002506141520143921,0.00023152639699287447,0.00021391156615179884,0.00019765418284058926,0.00018264800210678576,0.00016879525452791243,0.00015600595391061832,0.00014419726322837181,0.00013329291371843742,0.00012322267253406672,0.000113921854729266,0.00010533087576459045,9.739484105743962e-5,9.00631694007233e-5,8.328924738217015e-5,7.703011215745765e-5,7.124616018409739e-5,6.590087973802074e-5,6.096060520427459e-5,5.639429132696231e-5,5.217330574679613e-5,4.827123831426872e-5,4.466372577824123e-5,4.132829058169053e-5,3.824419260502578e-5,3.539229278709966e-5,3.2754927653204976e-5,3.0315793856051693e-5,2.8059841912639197e-5,2.59731783914946e-5,2.4042975860030314e-5,2.2257389964472362e-5,1.0302741534199967e-5
0.05369042911208277,0.08810149831262604,0.07606771127192302,0.06671154421310388,0.05903485103058759,0.052561008256228,0.047007982891551614,0.04218886384916176,0.03797068201788356,0.03425414433053431,0.03096245502437489,0.028034623876716513,0.025421204911200812,0.023081447958129886,0.02098131870017228,0.01909207738392621,0.01738923070853149,0.015851741047140322,0.014461418020572325,0.013202442372901746,0.012060987833725445,0.01102491688334059,0.010083533158112529,0.0092273778950471,0.00844806106232282,0.007738120125291931,0.007090901064013,0.0065004574774597534,0.005961464517650755,0.0054691450779445205,0.005019206181573879,0.00460778391694909,0.004231395576948668,0.003886897905113859,0.0035714505450069045,0.003282483943694306,0.0030176710855212563,0.002774902532095183,0.0025522643275189064,0.0023480183954832923,0.0021605851100419265,0.0019885277685502203,0.0018305387337261697,0.0016854270444759747,0.0015521073218319782,0.0014295898198480317,0.0013169714909567337,0.00121342795165642,0.0011182062489634055,0.001030618340274004,0.0009500352098338674,0.0008758815543028035,0.0008076309775869109,0.000744801642198414,0.0006869523304238161,0.000633678873677353,0.0005846109131325081,0.0005394089587462507,0.0004977617172679302,0.0004593836631014859,0.00042401282846432284,0.00039140879185787375,0.0003613508460331089,0.0003336363284819144,0.00030807909925217175,0.00028450815237601214,0.0002627663486177651,0.0002427092583643358,0.00022420410463381332,0.0002071287971566237,0.00019137104930192026,0.00017682757043567575,0.0001634033269976771,0.00015101086619739596,0.00013956969682919762,0.000129005722173003,0.00011925072043797664,0.00011024186863177856,0.00010192130607895433,9.423573417975477e-5,8.713604930021541e-5,8.057700595302353e-5,7.451690770445278e-5,6.891732344024393e-5,6.374282685021057e-5,5.896075718366282e-5,5.4540999479265684e-5,5.045578264623366e-5,4.667949390181375e-5,4.318850821282186e-5,3.9961031488945056e-5,3.69769563935287e-5,3.421772973476059e-5,3.166623048038832e-5,2.930665752780043e-5,2.7124426429893356e-5,2.510607434594314e-5,2.3239172550702607e-5,2.15122458843655e-5,1.991469858213951e-5,9.218372985038463e-6
0.04818428072681702,0.07906715077174242,0.06826785282598369,0.05987143553432617,0.052982172402446404,0.04717234636173917,0.04218886384916176,0.0378639926799712,0.03407840758599967,0.030743003780505318,0.027788865280719666,0.025161259796393387,0.02281581469709415,0.02071596085917282,0.018831155881493866,0.01713560864115027,0.015607338733525655,0.014227466839438818,0.012979668732595373,0.011849748012865258,0.010825296771318521,0.009895422574566826,0.0090505262770878,0.008282119353590078,0.007582672357961395,0.006945488181800963,0.006364595281078467,0.005834657133450827,0.0053508950036810915,0.004909021705724978,0.004505184518328542,0.004135915770345541,0.003798089890788725,0.0034888859391142,0.003205754804739988,0.002946390403628138,0.002708704312113501,0.0024908033676797198,0.0022909698409736973,0.0021076438439865466,0.0019394076888743159,0.001784971953764744,0.001643163046421335,0.0015129120859687512,0.0013932449468467487,0.0012832733302462936,0.001182186745923422,0.0010892453019704165,0.001003773213196467,0.0009251529497265494,0.0008528199568964522,0.0007862578858600991,0.0007249942812195109,0.0006685966783496061,0.0006166690684920421,0.0005688486942658309,0.0005248031424742814,0.0004842277046970961,0.0004468429792766262,0.00041239269124822286,0.0003806417090745527,0.0003513742393520553,0.00032439218260307823,0.00029951363492557344,0.0002765715218576107,0.0002554123521527679,0.00023589508043396837,0.00021789006869501332,0.00020127813765395425,0.00018594969984040864,0.00017180396703341504,0.0001587482253967128,0.0001466971722871198,0.00013557230926167533,0.00012530138634797745,0.00011581789306016731,0.0001070605920839361,9.897309193535736e-5,9.150345520440406e-5,8.460383932397766e-5,7.823016707411137e-5,7.234182427213196e-5,6.690138234704667e-5,6.18743436737448e-5,5.7228907746224855e-5,5.2935756441662395e-5,4.896785676310883e-5,4.5300279604115e-5,4.191003319352197e-5,3.877591000678662e-5,3.58783460199444e-5,3.3199291288192926e-5,3.072209091832144e-5,2.8431375576201093e-5,2.631296075014818e-5,2.4353754052543295e-5,2.254166990381943e-5,2.0865551000377877e-5,1.9315096012344126e-5,1.788079300742303e-5,8.27692907005666e-6
0.04336492358221533,0.07115960025269463,0.06144077615237453,0.05388437504827226,0.04768430987682559,0.042455667290419496,0.03797068201788356,0.03407840758599967,0.030671460064969125,0.027669651644184223,0.025010962882285437,0.022646138565222684,0.020535246371063687,0.018645376530516455,0.016949042859938923,0.015423034961845161,0.014047571795418712,0.012805663063393369,0.011682617862350447,0.01066566017685272,0.009743623505145044,0.008906705166896539,0.008146266352013987,0.007454667734275555,0.0068251330963412515,0.0062516352723516605,0.005728800060194952,0.005251824740024877,0.004816408568970601,0.0044186931719386174,0.004055211169819606,0.003722841709812172,0.0034187718134777584,0.0031404626565591925,0.0028856200507328053,0.0026521685223972816,0.0024382284847124652,0.0022420960796577447,0.002062225334006733,0.0018972123276811206,0.0017457811175345533,0.001606771197298372,0.0014791263054908625,0.0013618844194889894,0.0012541687955256314,0.001155179933351947,0.0010641883601802196,0.0009805281417371477,0.0009035910400215785,0.0008328212472206026,0.0007677106337596745,0.0007077944559656085,0.0006526474750260091,0.0006018804446533809,0.0005551369297237731,0.0005120904222755546,0.00047244172506210984,0.0004359165761003668,0.0004022634904650227,0.00037125179822476446,0.00034266985949578735,0.0003163234396649107,0.00029203422958559103,0.0002696384970421904,0.00024898585720488104,0.00022993815100212991,0.0002123684214821826,0.00019615997913629245,0.00018120554808775903,0.00016740648584107412,0.00015467206994632717,0.00014291884559130413,0.0001320700286996119,0.00012205495960803357,0.00011280860288129507,0.00010427108919850141,9.638729564239086e-5,8.910646106581079e-5,8.238183348520042e-5,7.617034674790445e-5,7.043232396200766e-5,6.513120539443189e-5,6.023329876573202e-5,5.5707550029627205e-5,5.15253329085503e-5,4.766025561183805e-5,4.40879832855598e-5,4.078607488293266e-5,3.773383324771494e-5,3.491216731829497e-5,3.2303465440935704e-5,2.989147887593824e-5,2.7661214659000758e-5,2.5598837044836596e-5,2.3691576831760147e-5,2.1927647921353975e-5,2.0296170522890943e-5,1.8787100463892395e-5,1.7391164108113122e-5,1.6099798427560662e-5,7.452547906929024e-6
0.03911886326865588,0.0641926462251301,0.05542573525399441,0.04860940502548872,0.04301654013793266,0.03829993698736234,0.03425414433053431,0.030743003780505318,0.027669651644184223,0.02496175591293409,0.022563372964111428,0.020430072867756666,0.018525835204189822,0.01682097409364397,0.01529069588437243,0.013914063806772348,0.012673234471718975,0.011552881824975048,0.010539753937158475,0.009622326169657441,0.008790525719247572,0.00803550999741004,0.007349486269218608,0.006725563372551369,0.006157628704228202,0.005640245337133087,0.005168565346392623,0.004738256310726857,0.004345438616599903,0.0039866316888709785,0.0036587076517748535,0.003358851215772257,0.003084524812131187,0.0028334381760778057,0.002603521720195283,0.0023929031524408673,0.0021998868843557187,0.0020229358477046253,0.0018606553983331955,0.0017117790352503826,0.0015751557031622315,0.0014497384806725702,0.0013345744843918546,0.001228795843005774,0.0011316116148069287,0.0010423005393096936,0.0009602045278889471,0.0008847228103027981,0.0008153066645711811,0.0007514546665756718,0.0006927084034329348,0.0006386486014620576,0.000588891625162841,0.000543086308785903,0.0005009110864607567,0.0004620713905604413,0.0004262972914163884,0.0003933413544271423,0.0003629766931372456,0.00033499519925000304,0.00030920593241280745,0.0002854336544875673,0.00026351749459798453,0.0002433097325914282,0.0002246746898403127,0.00020748771739451197,0.0001916342725286034,0.0001770090755408519,0.0001635153395008822,0.0001510640663558052,0.0001395734034007213,0.00012896805471237843,0.00011917874265524086,0.00011014171501564978,0.00010179829375717327,9.409446172955636e-5,8.698048402162547e-5,8.041056095818588e-5,7.434250998935503e-5,6.873747398868741e-5,6.355965369468078e-5,5.877606222598605e-5,5.435629980159065e-5,5.0272346941163375e-5,4.649837458607956e-5,4.3010569721770964e-5,3.9786975192427124e-5,3.680734252532606e-5,3.405299667539089e-5,3.150671170459743e-5,2.9152596483696374e-5,2.6975989589686175e-5,2.496336264330007e-5,2.3102231389215077e-5,2.138107388631737e-5,1.9789255225346157e-5,1.8316958241356102e-5,1.695511973508028e-5,1.5695371753287474e-5,1.452998751909812e-5,6.725915819074101e-6
0.035358321234725376,0.05802227760605727,0.050098405854998695,0.043937505671925,0.03888239929873105,0.03461927903267148,0.03096245502437489,0.027788865280719666,0.025010962882285437,0.022563372964111428,0.02039553269032368,0.018467285441963965,0.01674607521781063,0.015205071251253865,0.01382186443232264,0.012577531550794108,0.011455945235416154,0.010443253318106832,0.009527478256391136,0.008698203661420656,0.007946325338763882,0.007263850985496367,0.006643737178049058,0.006079755354518962,0.005566380633424892,0.005098698826998843,0.00467232810433961,0.004283352562380702,0.003928265560504435,0.0036039211229900586,0.003307492057046932,0.0030364336978355305,0.002788452396428019,0.002561478028423096,0.00235363992822038,0.0021632457558115603,0.0019887628853765757,0.0018288019706458464,0.001682102396715214,0.0015475193724859004,0.0014240124542506706,0.001310635321668075,0.0012065266526953902,0.001110901965571575,0.001023046313521389,0.0009423077333224894,0.0008680913618199365,0.0007998541452457313,0.0007371000757914869,0.0006793758979207337,0.0006262672338545831,0.0005773950837814831,0.0005324126614001511,0.0004910025300718431,0.0004528740088214963,0.0004177608207827522,0.0003854189597863487,0.0003556247534395847,0.00032817310333363003,0.00030287588517309127,0.00027956049331704334,0.0002580685159141822,0.00023825452824214124,0.00021998499307758056,0.00020313725808691983,0.00018759864120974218,0.00017326559593993816,0.000160042949144441,0.00014784320481873092,0.00013658590782257346,0.00012619706217817557,0.0001166085990488919,0.00010775788997792598,9.958730136999357e-5,9.204378659427104e-5,8.507851239360317e-5,7.864651660851262e-5,7.270639450442638e-5,6.722001121505796e-5,6.21522380570463e-5,5.747071066818815e-5,5.314560709852867e-5,4.914944416518907e-5,4.5456890511894944e-5,4.20445949636082e-5,3.88910288933159e-5,3.597634141779601e-5,3.328222635330289e-5,3.07917999464581e-5,2.8489488489652514e-5,2.6360924996123112e-5,2.4392854187549936e-5,2.2573045111063067e-5,2.08902107553559e-5,1.9333934094030057e-5,1.789460002947263e-5,1.6563332755869067e-5,1.533193810211882e-5,1.4192850447964549e-5,1.3139083843593754e-5,6.082093497268833e-6
0.03201358571522872,0.05253412367224919,0.045360051890369624,0.03978209529617738,0.035205277220820896,0.03134549157442812,0.028034623876716513,0.025161259796393387,0.022646138565222684,0.020430072867756666,0.018467285441963965,0.016721420279464883,0.015163002579435536,0.013767740873695422,0.01251534683535499,0.011388688093930482,0.010373163491065596,0.009456231724798814,0.008627048688230221,0.007876183668941411,0.007195393954800344,0.006577443490532242,0.006015955295292377,0.005505290130218693,0.005040445840826496,0.004616973171714056,0.004230904844426897,0.003878695415983721,0.0035571699768542214,0.003263480153097409,0.002995066188411208,0.0027496241205401117,0.002525077251676014,0.0023195512589358966,0.002131352406244076,0.0019589484111563055,0.0018009515947915236,0.001656104002493379,0.0015232642323890315,0.001401395749287132,0.0012895564942655008,0.0011868896281107717,0.0010926152697046214,0.0010060231099334113,0.0009264657976147915,0.0008533530079404099,0.0007861461156516668,0.0007243534049185436,0.0006675257565745083,0.000615252760637593,0.000567159208337659,0.0005229019234077054,0.0004821668969765165,0.00044466669462539,0.0004101381077598384,0.00037834002448494924,0.0003490514979837857,0.00032206999279572705,0.0002972097914639982,0.0002743005459751443,0.000253185959947483,0.0002337225890587779,0.00021577874849568537,0.00019923351730885466,0.0001839758306108213,0.00016990365144299016,0.00015692321498270894,0.00014494833842672132,0.00013389979057474048,0.00012370471572015467,0.00011429610694268589,0.00010561232438296465,9.759665449672042e-5,9.01969066515562e-5,8.336504378727932e-5,7.705684413833436e-5,7.123159130988251e-5,6.585179025243772e-5,6.088290688324575e-5,5.629312932186421e-5,5.2053148885945495e-5,4.813595915343293e-5,4.451667156180647e-5,4.1172346132791935e-5,3.8081836046241816e-5,3.5225644901576533e-5,3.258579559549824e-5,3.01457098480075e-5,2.789009748513252e-5,2.5804854671899807e-5,2.387697034869629e-5,2.2094440194521034e-5,2.0446187498600874e-5,1.892199036965806e-5,1.7512414765025782e-5,1.6208752862702984e-5,1.5002966340463611e-5,1.3887634164309903e-5,1.2855904518021882e-5,1.1901450539017125e-5,5.509214777154101e-6
0.02902814080169125,0.04763546281061426,0.04113062674085066,0.03607298083355859,0.031923064797008016,0.028423282132631345,0.025421204911200812,0.02281581469709415,0.020535246371063687,0.018525835204189822,0.01674607521781063,0.015163002579435536,0.013749892570340982,0.012484720141695493,0.011349089849144123,0.010327467720825712,0.009406614809798652,0.008575159822056505,0.007823270296412776,0.007142395286408226,0.006525060998497062,0.005964706370442094,0.005455549260317702,0.004992476435973628,0.004570952310059009,0.004186942610230157,0.003836850074851919,0.0035174599233500914,0.003225893341151115,0.002959567587185602,0.0027161616139492473,0.0024935863065377664,0.0022899586149784518,0.0021035789869648727,0.0019329116125900922,0.0017765670762789135,0.0016332870787842471,0.0015019309460202399,0.0013814636864267586,0.0012709453950761965,0.0011695218325705643,0.001076416031993828,0.0009909208079760222,0.0009123920595906117,0.0008402427732371945,0.0007739376443606314,0.0007129882474819268,0.0006569486928589222,0.0006054117159677696,0.0005580051525939742,0.0005143887580247829,0.00047425133385580777,0.0004373081300767575,0.0004032984939323532,0.00037198374030782393,0.0003431452211425847,0.0003165825739242928,0.0002921121314890564,0.0002695654772327128,0.00024878813160922244,0.00022963835718334095,0.00021198607089488366,0.0001957118533636509,0.00018070604606258223,0.00016686792814173644,0.00015410496549188085,0.00014233212540234932,0.00013147125077104952,0.00012145048844780732,0.0001122037668211005,0.0001036703182005199,9.579424198716616e-5,8.852410500299348e-5,8.181257568124086e-5,7.561608914476614e-5,6.989454045073042e-5,6.461100354574834e-5,5.973147370538475e-5,5.5224631416155674e-5,5.106162585701815e-5,4.7215876299246465e-5,4.366288988882385e-5,4.038009442459273e-5,3.7346684852182944e-5,3.454348231642741e-5,3.195280471894905e-5,2.9558347809505647e-5,2.7345075933363672e-5,2.5299121626225153e-5,2.340769332541718e-5,2.1658990520111545e-5,2.004212572713119e-5,1.8547052731471855e-5,1.7164500574020508e-5,1.5885912816928044e-5,1.4703391654175913e-5,1.3609646472074642e-5,1.2597946499049264e-5,1.1662077210780857e-5,1.0796300187115328e-5,4.997658071531329e-6
0.02635541047785883,0.043249880787771144,0.03734416177523858,0.032752314096340274,0.02898457594993098,0.025807082326347208,0.023081447958129886,0.02071596085917282,0.018645376530516455,0.01682097409364397,0.015205071251253865,0.013767740873695422,0.012484720141695493,0.01133601293017561,0.01030491832768149,0.0093773332725898,0.00854123829274589,0.007786309507716499,0.007103620103312475,0.006485406720599662,0.005924883922256263,0.00541609491937281,0.004953790088632448,0.004533327097147391,0.004150588045766887,0.0038019101715373316,0.0034840274677010313,0.003194021177768902,0.002929277565764339,0.002687451698867048,0.0024664362347216126,0.0022643344021567938,0.002079436516499389,0.0019101994912158055,0.001755228902476244,0.001613263239138893,0.0014831600320815257,0.0013638836057487842,0.0012544942355662038,0.0011541385280241928,0.0010620408673227971,0.0009774957953617505,0.0008998612107362323,0.0008285522884360526,0.0007630360350468005,0.0007028264057807737,0.0006474799193105004,0.0005965917144059238,0.0005497919995235117,0.0005067428524858086,0.00046713533256723984,0.00043068687186050177,0.00039713891656736194,0.00036625479233583745,0.0003378177707193328,0.0003116293163337655,0.00028750749660239397,0.0002652855379515666,0.0002448105140264176,0.00022594215310362854,0.0002085517531412815,0.00019252119416786383,0.00017774203877637474,0.00016411471239590088,0.00015154775588017977,0.00013995714368444457,0.0001292656615973272,0.00011940233854210473,0.0001103019275275766,0.00010190443130891598,9.415466872043942e-5,8.700187804158905e-5,8.039935410126902e-5,7.430411612642063e-5,6.867660363536494e-5,6.348039790498466e-5,5.868196678199093e-5,5.4250430817096235e-5,5.015734886827032e-5,4.637652149972642e-5,4.288381065031268e-5,3.965697417682786e-5,3.667551401317275e-5,3.392053678318214e-5,3.137462581637911e-5,2.9021723610293164e-5,2.6847023857345118e-5,2.4836872239360685e-5,2.2978675255645124e-5,2.1260816420639152e-5,1.9672579216251768e-5,1.8204076241881424e-5,1.6846184052871245e-5,1.5590483217505023e-5,1.4429203166209977e-5,1.3355171440299182e-5,1.2361766981364012e-5,1.1442877133854362e-5,1.0592858057642242e-5,9.806498274909621e-6,4.5394925496167665e-6
0.023956495383040455,0.039313557691906365,0.03394556091052736,0.029771780951818427,0.02634706055498437,0.023458833784704203,0.02098131870017228,0.018831155881493866,0.016949042859938923,0.01529069588437243,0.01382186443232264,0.01251534683535499,0.011349089849144123,0.01030491832768149,0.00936765222257227,0.00852447273363982,0.0077644548865226926,0.007078214873245059,0.00645763871612326,0.005895669933855138,0.00538614090612366,0.004923637196061675,0.004503387131949602,0.004121171028534654,0.003773245876765821,0.003456282357697252,0.003167311779546031,0.0029036810805595573,0.0026630144453282448,0.002443180385879859,0.0022422633716058377,0.0020585392706578623,0.0018904540040047962,0.0017366049229106117,0.0015957245068151382,0.0014666660475884316,0.0013483910419646965,0.001239958058444443,0.0011405128820219136,0.001049279770227219,0.0009655536785930854,0.0008886933344643619,0.0008181150552249924,0.0007532872215940036,0.0006937253285491125,0.0006389875469160894,0.0005886707374281614,0.0005424068663570248,0.0004998597783129471,0.0004607222872562988,0.0004247135514683104,0.00039157670237252324,0.00036107670052416135,0.0003329983952462274,0.00030714476707568734,0.00028333533445571053,0.00026140470821299586,0.00024120127915287608,0.00022258602565541474,0.00020543142961725915,0.00018962049023195414,0.00017504582624849755,0.00016160885831490628,0.00014921906383741617,0.00013779329757414565,0.0001272551718471686,0.00011753449088906928,0.0001085667343377417,0.00010029258540759272,9.265749970172737e-5,8.561131099464039e-5,7.910787067798145e-5,7.310471787448538e-5,6.756277749848006e-5,6.244608380927058e-5,5.772152721135503e-5,5.335862227468977e-5,4.932929513780664e-5,4.5607688608662956e-5,4.216998344219996e-5,3.899423440717627e-5,3.606021987472279e-5,3.334930378410519e-5,3.0844308929306e-5,2.8529400611281355e-5,2.6389979786570054e-5,2.4412584910503356e-5,2.2584801750603488e-5,2.0895180502887264e-5,1.9333159607514067e-5,1.788899570481404e-5,1.6553699225386456e-5,1.531897515134439e-5,1.4177168521557694e-5,1.3121214293347388e-5,1.214459120368102e-5,1.1241279303629564e-5,1.0405720868406288e-5,9.63278440736467e-6,8.91773152336659e-6,4.1280931961640955e-6
0.02179854816508553,0.0357726025455104,0.030888299615966064,0.027090583600725027,0.023974419117079482,0.021346398786425413,0.01909207738392621,0.01713560864115027,0.015423034961845161,0.013914063806772348,0.012577531550794108,0.011388688093930482,0.010327467720825712,0.0093773332725898,0.00852447273363982,0.00775722251340491,0.007065642154575252,0.006441193460406419,0.005876493615405598,0.005365121990095284,0.004901466705542201,0.004480601185085337,0.004098183688538953,0.003750374715778701,0.0034337684844735483,0.0031453356211253447,0.0028823748808185154,0.0026424722057492855,0.002423465801082665,0.0022234161830100435,0.0020405803656204785,0.0018733895156878566,0.0017204295305404127,0.001580424093872622,0.00145221984280915,0.0013347733423007928,0.0012271396137348636,0.0011284620051150857,0.0010379632238935524,0.0009549373809533274,0.0008787429166413653,0.0008087962986842584,0.0007445663974290032,0.0006855694571141716,0.0006313645927104247,0.00058154975140416,0.0005357580857742669,0.0004936546923511136,0.00045493367515754904,0.00041931549878563776,0.0003865445998440702,0.0003563872293814961,0.00032862950200787666,0.0003030756303125867,0.0002795463256205872,0.0002578773481957007,0.00023791819191354858,0.00021953089005868377,0.00020258893031123784,0.0001869762683181734,0.00017258643028873755,0.0001593216960974024,0.00014709235525735232,0.00013581602887728726,0.0001254170514313536,0.00011582590677726825,0.000106978713432836,9.881675457387848e-5,9.128604868465146e-5,8.433695718890275e-5,7.792382572179056e-5,7.200465603320202e-5,6.65408057973682e-5,6.149671385237507e-5,5.6839648636905406e-5,5.2539477780493655e-5,4.856845700308796e-5,4.490103665220609e-5,4.151368434435112e-5,3.838472232666314e-5,3.549417829634325e-5,3.282364852444765e-5,3.035617224262765e-5,2.807611633155651e-5,2.59690694419236e-5,2.4021744756952987e-5,2.2221890666897118e-5,2.055820869632547e-5,1.9020278077008e-5,1.7598486417182103e-5,1.628396595856359e-5,1.506853496038255e-5,1.3944643789193397e-5,1.2905325325772519e-5,1.1944149336442632e-5,1.1055180484009297e-5,1.0232939681437933e-5,9.472368517388216e-6,8.768796502792983e-6,8.117910910449613e-6,3.7578644995291577e-6
0.019853575399936874,0.03258108774288293,0.028132728068398616,0.024673952631126372,0.021835886204876198,0.019442388205179073,0.01738923070853149,0.015607338733525655,0.014047571795418712,0.012673234471718975,0.011455945235416154,0.010373163491065596,0.009406614809798652,0.00854123829274589,0.0077644548865226926,0.007065642154575252,0.006435746955837152,0.005866993219935099,0.005352657109624709,0.004886891074341218,0.004464584113705927,0.004081249350914293,0.0037329325366667193,0.0034161368270507614,0.0031277603789826927,0.0028650441577916935,0.0026255279673953677,0.002407013164019013,0.002207530849990598,0.002025314595798154,0.0018587769314308764,0.0017064889960079002,0.0015671628495065176,0.0014396360411949652,0.001322858100819481,0.0012158786757617626,0.0011178370836490807,0.0010279530867584215,0.0009455187252722409,0.0008698910714112669,0.0008004857868710302,0.0007367713832308002,0.0006782640992200675,0.0006245233208060207,0.0005751474799322309,0.0005297703764219983,0.0004880578748237465,0.0004497049340225195,0.000414432932824213,0.0003819872592308489,0.00035213513502441087,0.00032466365071000085,0.0002993779887080451,0.0002760998153047657,0.00025466582409477793,0.00023492641553276346,0.0002167444989537911,0.00019999440490816797,0.00018456089694148707,0.00017033827316167418,0.00015722954888594412,0.00014514571261122584,0.00013400504835276534,0.00012373251807840666,0.0001142591986190919,0.00010552176798733423,9.746203655920356e-5,9.002651898777094e-5,8.316604314220831e-5,7.683539272840744e-5,7.099298054937431e-5,6.560054966449672e-5,6.062289996576508e-5,5.6027637915531756e-5,5.1784947412353895e-5,4.786737992357659e-5,4.4249662204986595e-5,4.090852008499144e-5,3.782251691679178e-5,3.497190543800372e-5,3.2338491887893726e-5,2.990551133173259e-5,2.765751324373814e-5,2.5580256473108683e-5,2.3660612801548926e-5,2.1886478371811822e-5,2.0246692322782242e-5,1.8730962030714536e-5,1.7329794403584916e-5,1.603443272833006e-5,1.4836798607696633e-5,1.3729438567069248e-5,1.2705474947597426e-5,1.1758560731593297e-5,1.0882837978989078e-5,1.0072899579004652e-5,9.323754046623175e-6,8.630793117147482e-6,7.98976191038436e-6,7.39673145675894e-6,3.4240366976929528e-6
0.018097533661555143,0.029699566069877892,0.025644790915343108,0.02249202439205822,0.01990503712802144,0.01772327721800504,0.015851741047140322,0.014227466839438818,0.012805663063393369,0.011552881824975048,0.010443253318106832,0.009456231724798814,0.008575159822056505,0.007786309507716499,0.007078214873245059,0.006441193460406419,0.005866993219935099,0.005348526150309368,0.0048796633596584205,0.004455074691656513,0.004070101356575304,0.0037206534551156023,0.003403126580282162,0.00311433325284359,0.002851446039897357,0.002611949981719111,0.002393602513435074,0.0021943994786871937,0.0020125461383401697,0.0018464323066604768,0.0016946109231657722,0.0015557795032274634,0.0014287640151557854,0.0013125048142544303,0.0012060443294522848,0.0011085162502270825,0.0010191360037062197,0.0009371923454274053,0.0008620399152385119,0.0007930926325746719,0.0007298178239454854,0.0006717309911816079,0.0006183911419476787,0.0005693966150380914,0.0005243813419653683,0.00048301149426557485,0.0004449824725662986,0.00041001619897401524,0.00037785867924390246,0.00034827780530754734,0.00032106137228791413,0.000296015287260502,0.0002729619496071173,0.0002517387851964396,0.00023219691865326506,0.00021419996969472208,0.00019762296110010808,0.0001823513272358689,0.00016828001322812891,0.00015531265597932067,0.00014336083909223356,0.00013234341463140868,0.0001221858853820085,0.00011281984188868041,0.00010418244915214427,9.621597836369472e-5,8.886737953524098e-5,8.208789125838784e-5,7.583268421463012e-5,7.006053538835652e-5,6.47335302100269e-5,5.9816790131085856e-5,5.5278223368243574e-5,5.108829676122293e-5,4.721982689039376e-5,4.3647788757585787e-5,4.0349140498988274e-5,3.730266274224944e-5,3.4488811334767544e-5,3.188958229411235e-5,2.9488387932434914e-5,2.726994319727084e-5,2.5220161364096516e-5,2.3326058282554564e-5,2.157566445475513e-5,1.9957944288886205e-5,1.846272192241032e-5,1.7080613067549843e-5,1.580296237491634e-5,1.4621785859287293e-5,1.3529717965210042e-5,1.2519962889900849e-5,1.158624981368003e-5,1.0722791715210382e-5,9.924247478723138e-6,9.185687023535028e-6,8.502559209354191e-6,7.870662292457358e-6,7.286116724477751e-6,6.745340104461416e-6,3.122512055505597e-6
