0.0613415547482532,0.1081587621604938,0.09837019076700249,0.09037761063367444,0.08353213506459345,0.07752382067556218,0.07216961146567269,0.06734816956120415,0.062972998546031,0.058979258824000125,0.05531651855119013,0.05194443061895493,0.048829991294577324,0.045945715915473584,0.04326837660973848,0.04077810034334828,0.03845770678290983,0.03629221087615819,0.034268441670195715,0.032374745096457214,0.030600748663522692,0.028937172631326225,0.027375676643273006,0.025908733802907924,0.02452952627290872,0.02323185794592958,0.02201008080684491,0.0208590323808186,0.019773982241714283,0.01875058598195517,0.017784845377268377,0.016873073732246724,0.01601186558369838,0.015198070094717353,0.014428767591318836,0.01370124878857848,0.013012996332567917,0.012361668341978715,0.01174508368624827,0.011161208778799309,0.010608145694969429,0.010084121454040695,0.009587478326896909,0.009116665051924433,0.008670228855216122,0.008246808186624766,0.007845126095423455,0.007463984177141003,0.007102257033012704,0.006758887190233237,0.006432880437094335,0.006123301533483783,0.005829270260142835,0.005549957775219508,0.005284583250497396,0.005032410761455802,0.004792746408919829,0.004564935652200716,0.004348360835260759,0.0041424388902895765,0.003946619203290952,0.0037603816285757263,0.0035832346405464677,0.0034147136114557747,0.003254379205444094,0.003101815879686075,0.0029566304849044447,0.002818450957293661,0.0026869250951451554,0.002561719414256189,0.0024425180760861767,0.002329021883536453,0.0022209473395897184,0.0021180257642579997,0.0020200024660679133,0.0019266359640323083,0.00183769725671757,0.001752969135461073,0.0016722455385315624,0.0015953309436351343,0.0015220397962616566,0.0014521959714268277,0.0013856322668823647,0.0013221899255567264,0.0012617181854070354,0.0012040738551193503,0.0011491209138579615,0.0010967301336813756,0.001046778723132323,0.000999149990864267,0.0009537330279296603,0.000910422407640589,0.0008691179020447644,0.0008297242139130613,0.0007921507233852321,0.0007563112483881095,0.0007221238180009568,0.0006895104580997465,0.0006583969884713277,0.0006287128307560039,0.0003001954133373501
0.1081587621604938,0.19070930106383122,0.1734506885257443,0.1593585835902136,0.14728893959926959,0.1366952975544482,0.12725491281719314,0.11875385556053608,0.11103962466253492,0.10399790195784497,0.09753977145688553,0.09159409746649838,0.0861026913209273,0.08101709496379117,0.07629635543477864,0.07190543464560761,0.06781404197290075,0.06399575726356654,0.06042735877791028,0.05708829917370006,0.05396029063933949,0.051026971977890634,0.048273638206543845,0.04568701854323165,0.043255092338993384,0.04096693510947258,0.038812588705537165,0.036782951029141975,0.034869681723338486,0.033065121017436305,0.031362219494260435,0.029754476991608048,0.028235889186838392,0.02680090068850083,0.025444363668548187,0.024161501236361238,0.022947874895699494,0.02179935552725709,0.02071209743280439,0.019682515050590377,0.018707262006271763,0.01778321221624035,0.01690744279920553,0.016077218589079068,0.015289978065906096,0.014543320548890182,0.013834994517093524,0.013162886937160723,0.01252501349482088,0.011919509638817688,0.01134462235631259,0.010798702610077787,0.010280198372945082,0.0097876482040411,0.009319675318111259,0.00887498210236759,0.008452345041648102,0.0080506100164498,0.007668687941278285,0.007305550715789311,0.006960227461566576,0.006631801021434597,0.0063194047008268694,0.006022219231257495,0.005739469938803005,0.005470424101425925,0.00521438848149243,0.004970707019453416,0.004738758676862631,0.004517955418297512,0.004307740321540937,0.004107585806989833,0.003916991977891526,0.0037354850633842807,0.0035626159576923333,0.003397958848334562,0.0032411099273669947,0.0030916861804679285,0.002949324248209477,0.002813679354937093,0.002684424300840191,0.0025612485129030277,0.002443857151338276,0.00233197026755725,0.0022253220104702376,0.002123659878360225,0.0020267440131590195,0.0019343465346874783,0.0018462509122285642,0.0017622513714279087,0.0016821523340976169,0.0016057678890029209,0.001532921291944156,0.0014634444931883352,0.0013971776907451307,0.0013339689079262043,0.0012736735937325383,0.001216154244891566,0.0011612800481177639,0.001108926541465667,0.0005294876469082339
0.09837019076700249,0.1734506885257443,0.15775454677802792,0.14493819047412249,0.13396116705569616,0.12432649942305574,0.11574066755731893,0.10800911307336891,0.1009931439022278,0.09458879344231286,0.08871519707880382,0.08330766046691873,0.07831326391726612,0.07368793722646316,0.06939443568598769,0.0654008938547399,0.061679763862298564,0.05820701782767235,0.0549615366585241,0.05192463348610099,0.04907967636569133,0.0464117855071704,0.04390758736011202,0.041555012704495686,0.03934312925109018,0.037262001615421814,0.035302573244996194,0.03345656612188175,0.03171639499292622,0.030075093563876498,0.028526250626554783,0.027063954493091735,0.02568274441755114,0.024377567935344346,0.023143743241506864,0.021976925881383225,0.02087307915450881,0.019828447724831166,0.018839534015271553,0.01790307703164573,0.01701603331061774,0.01617555973418816,0.015378997988691578,0.014623860480085182,0.013907817538870215,0.013228685772813498,0.012584417445228202,0.011973090769082428,0.011392901023042495,0.010842152406375039,0.01031925055907923,0.009822695683881139,0.009351076211397524,0.008903062958023816,0.008477403732257971,0.0080729183480229,0.007688494009324698,0.007323081034019047,0.00697568888707642,0.006645382498314728,0.006331278839902421,0.006032543742622756,0.005748388932274848,0.005478069268065572,0.005220880167447706,0.004976155202699756,0.004743263856835725,0.004521609426085052,0.004310627058186675,0.0041097819170086425,0.003918567463814637,0.0037365038469615447,0.003563136392389657,0.0033980341876084924,0.003240788753130816,0.0030910127948604385,0.0029483390319958586,0.0028124190957281095,0.0026829224935894375,0.0025595356352884208,0.0024419609160150277,0.002329915853294791,0.0022231322743025347,0.0021213555500467635,0.0020243438735082983,0.0019318675792267329,0.0018437085014500754,0.001759659368630595,0.0016795232318737169,0.001603112925516098,0.0015302505576284577,0.001460767028696068,0.0013945015769429962,0.0013313013485297398,0.0012710209912559535,0.0012135222703482246,0.0011586737050094005,0.001106350224658003,0.0010564328435605508,0.0010088083528279335,0.00048168451445208815
0.09037761063367444,0.1593585835902136,0.14493819047412249,0.133163479696206,0.12307858107932068,0.11422691846549071,0.10633883312461911,0.09923558304465163,0.09278975095602293,0.08690582209009179,0.0815095056100894,0.07654136639775211,0.07195278677425554,0.06770327912914098,0.06375862646769215,0.060089553753586156,0.05667075252235154,0.053480148139372075,0.05049833828675676,0.0477081551408195,0.04509431874535774,0.042643158856132346,0.04034238901792675,0.03818092106976689,0.03614871135434383,0.03423663207566863,0.032436362825273624,0.030740298438705294,0.029141470198609798,0.027633478029092107,0.026210431815608448,0.02486690035657152,0.02359786673429143,0.022398689122604787,0.021265066223712492,0.020193006666838542,0.01917880181820586,0.018219001536681878,0.017310392487398463,0.016449978687229083,0.015634964001613738,0.014862736356172135,0.014130853459127402,0.013437029861624927,0.012779125202836583,0.012155133509551191,0.011563173437943525,0.011001479356716082,0.010468393185353031,0.009962356911161568,0.009481905717463046,0.009025661664712858,0.008592327870631855,0.008180683143002687,0.007789577024445327,0.0074179252111024885,0.0070647053124712755,0.006728952922774312,0.006409757976668401,0.006106261366293345,0.005817651796973244,0.005543162862267553,0.005282070321263557,0.005033689561437779,0.004797373232806781,0.004572509039857911,0.00435851767985701,0.004154850915811317,0.003960989774205545,0.0037764428587942628,0.0036007447715585006,0.0034334546332790983,0.0032741546967089696,0.003122449045640935,0.002977962374315024,0.0028403388411987612,0.0027092409921451593,0.0025843487485900027,0.002465358456063403,0.0023519819891901286,0.002243945909488246,0.002140990672364139,0.002042869880465939,0.0019493495800975216,0.0018602075980143004,0.0017752329162979558,0.0016942250826599628,0.0016169936541371999,0.001543357671980966,0.0014731451660639147,0.001406192686779592,0.00134234486282956,0.0012814539834888304,0.0012233796037232278,0.0011679881709015412,0.0011151526717979518,0.0010647522986687308,0.0010166721334188798,0.0009708028486669108,0.0009270404247627428,0.00044264294097880706
0.08353213506459345,0.14728893959926959,0.13396116705569616,0.12307858107932068,0.11375775126409726,0.10557670246867845,0.09828621174113406,0.0917210828525501,0.0857635547282316,0.08032535109178185,0.07533781115694294,0.07074600402146669,0.06650499642474017,0.06257736903680322,0.05893149792311991,0.0555403265789709,0.052380464462393084,0.049431509783084304,0.046675530543725974,0.04409665989809697,0.04168077579374707,0.03941524389679785,0.037288708790873426,0.035290922540336944,0.03341260255500755,0.03164531269723503,0.02998136302902643,0.0284137246518541,0.026935956881562917,0.025542144581560566,0.024226843929941122,0.022985035239937168,0.021812081713200593,0.020703693217737518,0.019655894344213,0.01866499612381689,0.017727570898909917,0.01684042991608803,0.016000603283358283,0.015205321990019172,0.01445200172999822,0.013738228310016865,0.013061744454058999,0.01242043784433905,0.01181233025725939,0.01123556767393527,0.010688411261490532,0.010169229131959112,0.009676488799068295,0.00920875026236495,0.008764659656171903,0.008342943409567649,0.007942402867557513,0.007561909330602107,0.007200399474902447,0.006856871118255503,0.006530379301202149,0.006220032656102534,0.0059249900390003635,0.005644457403020428,0.00537768489233173,0.005123964138837062,0.00488262574577597,0.004653036942833949,0.004434599399558856,0.004226747184600435,0.0040289448602336825,0.003840685701332225,0.0036614900296593894,0.003490903655420499,0.0033284964178580123,0.003173860817914445,0.0030266107364769063,0.0028863802320077472,0.002752822412426907,0.0026256083757311977,0.002504426214733811,0.0023889800819146753,0.002278989310014877,0.0021741875848389283,0.002074322166854846,0.0019791531582628308,0.0018884528129092457,0.0018020048859987772,0.0017196040211282723,0.0016410551725144704,0.0015661730599658627,0.0014947816547166946,0.0014267136940909614,0.0013618102234476473,0.0012999201635357643,0.0012408999017754115,0.0011846129061627193,0.0011309293602953172,0.0010797258183565493,0.0010308848788527433,0.0009842948759796674,0.0009398495877085307,0.0008974479594899033,0.0008569938427021202,0.00040919787355204844
0.07752382067556218,0.1366952975544482,0.12432649942305574,0.11422691846549071,0.10557670246867845,0.09798424456898536,0.0912182576825964,0.08512543430558939,0.07959648831367105,0.07454949643647812,0.06992073921352437,0.06565923895796932,0.06172329611342642,0.0580781842892657,0.0546945554042948,0.051547300095187154,0.04861471112627813,0.045877854916207106,0.04332008992795078,0.040926691148530314,0.03868455278749794,0.0365819497032599,0.03460834362932286,0.032754224075792315,0.031010976423563652,0.029370771588141165,0.027826472981999473,0.026371557483415242,0.025000047852644813,0.023706454575292968,0.0224857255326239,0.02133320221757018,0.020244581456579314,0.019215881794486522,0.018243413849837686,0.017323754068245878,0.016453721401617383,0.015630356513859245,0.014850903180548103,0.014112791602846064,0.013413623395075958,0.012751158043058097,0.012123300658256952,0.011528090879432823,0.010963692790472573,0.010428385742646373,0.009920555984963553,0.00943868901616729,0.00898136258438223,0.00854724026895462,0.008135065586469092,0.007743656571009838,0.007371900782419616,0.0070187507028064144,0.006683219486402298,0.006364377030121909,0.006061346336720702,0.005773300145158533,0.005499457804838348,0.005239082373995035,0.004991477922776044,0.004755987024457273,0.004531988420121036,0.004318894842496465,0.0041161509867145285,0.003923231616390785,0.0037396397952563637,0.003564905234282309,0.0033985827458228868,0.003240250797300337,0.0030895101568054473,0.0029459826241395315,0.002809309841279674,0.00267915217651693,0.002555187677502853,0.0024371110880864674,0.0023246329246571773,0.002217478608273031,0.0021153876485214343,0.0020181128758311115,0.001925419719070301,0.0018370855253415433,0.0017528989195391767,0.001672659200840823,0.0015961757738353344,0.0015232676123120188,0.0014537627534382605,0.0013874978205783359,0.0013243175728679703,0.001264074480107305,0.0012066283212352896,0.0011518458050086902,0.001099600211677241,0.0010497710542597544,0.0010022437583430063,0.000956909359284476,0.0009136642157760236,0.0008724097389241174,0.0008330521358245503,0.0007955021668207968,0.0003798374578796752
0.07216961146567269,0.12725491281719314,0.11574066755731893,0.10633883312461911,0.09828621174113406,0.0912182576825964,0.08491966649500982,0.07924772470116803,0.0741006981932697,0.06940232485590925,0.06509328843761053,0.06112613395723576,0.0574620434091766,0.05406869007920223,0.05091875389821454,0.047988860600618355,0.04525880294574458,0.042710955674587936,0.04032982718117739,0.03810170994245865,0.03601440376174936,0.034056993681709224,0.0322196696013769,0.0304935781722514,0.028870700007927796,0.02734374697279751,0.025906075573877474,0.024551613391188,0.023274796164403033,0.022070513655221335,0.020934062795787356,0.019861106930466887,0.018847640182968306,0.01788995616424549,0.01698462037646603,0.016128445780183298,0.015318471085180918,0.01455194139319882,0.013826290883001524,0.013139127277404516,0.012488217868295903,0.011871476910778639,0.01128695422357201,0.010732824857614343,0.010207379710621023,0.009709016983562024,0.009236234389394443,0.00878762203356101,0.008361855897384585,0.007957691863419464,0.007573960228754978,0.007209560659789366,0.00686345754542339,0.0065346757116699905,0.006222296465197549,0.005925453935409303,0.0056433316889021035,0.005375159592664588,0.0051202109042968735,0.004877799570890573,0.004647277718454232,0.004428033316473914,0.004219488003947544,0.004021095063583585,0.0038323375327612846,0.0036527264404671717,0.00348179916110386,0.003319117875811267,0.003164268133411391,0.003016857504015903,0.002876514318198277,0.002742886485703061,0.0026156403880901805,0.002494459839961466,0.002379045114333893,0.0022691120273956172,0.002164391078655993,0.002064626643026403,0.0019695762110591084,0.0018790096742894308,0.0017927086527350575,0.0017104658616767104,0.0016320845154537272,0.0015573777656421005,0.0014861681714757845,0.0014182872006726459,0.0013535747585492475,0.00129187874379812,0.0012330546291721874,0.001176965065738448,0.0011234795090838585,0.001072473866191942,0.001023830161864893,0.000977436223392615,0.0009331853824648649,0.0008909761932850632,0.0008507121659146431,0.0008123015140622906,0.0007756569163662186,0.0007406952904149625,0.00035366878943363447
0.06734816956120415,0.11875385556053608,0.10800911307336891,0.09923558304465163,0.0917210828525501,0.08512543430558939,0.07924772470116803,0.0739547800797602,0.06915166663659633,0.06476721991066658,0.06074608857282837,0.057043989705007014,0.053624700029498706,0.05045805365087386,0.04751855664966764,0.04478439715204241,0.042236718608341106,0.039859073856927774,0.037637006764105085,0.035557726021105296,0.033609846887475925,0.0317831839496191,0.03006858279570157,0.028457781811913607,0.02694329760019576,0.025518329132836248,0.02417667693377168,0.022912674426866453,0.02172112922813174,0.020597272627040863,0.019536715866849075,0.01853541211094356,0.017589623191928028,0.016695890411317693,0.015851008788226983,0.015052004259809348,0.014296113423296897,0.013580765472703427,0.012903566041342018,0.012262282707179772,0.011654831952039063,0.011079267398394377,0.010533769171791718,0.010016634260061746,0.009526267755250784,0.009061174881191986,0.00861995372304139,0.008201288583675387,0.007803943902679744,0.0074267586810664865,0.007068641361324235,0.0067285651194270435,0.006405563528628588,0.006098726560512982,0.005807196892989849,0.0055301664968694375,0.005266873476608744,0.005016599143169431,0.004778665298721535,0.0045524317160588745,0.004337293795822941,0.004132680387154183,0.003938051759023634,0.0037528977098243432,0.003576735804582676,0.003409109729724899,0.003249587756903871,0.003097761307151406,0.002953243607995114,0.0028156684370443247,0.0026846889454208225,0.002559976555410695,0.0024412199271089743,0.0023281239890626526,0.0022204090287727823,0.002117809838609923,0.002020074913421731,0.00192696569659985,0.001838255871086228,0.0017537306924683138,0.0016731863614136422,0.001596429432760442,0.0015232762591492477,0.0014535524667391685,0.0013870924610123077,0.0013237389609510666,0.0012633425596134812,0.0012057613095893677,0.0011508603316989392,0.0010985114456856584,0.0010485928213942626,0.0010009886492381402,0.0009555888289060482,0.0009122886750964274,0.0008709886393426132,0.000831594046956912,0.0007940148481877379,0.0007581653828561009,0.0007239641575838163,0.0006913336349088587,0.00033010001684572864
0.062972998546031,0.11103962466253492,0.1009931439022278,0.09278975095602293,0.0857635547282316,0.07959648831367105,0.0741006981932697,0.06915166663659633,0.06466063048404513,0.060561050923934046,0.056801174427294265,0.05333959643022235,0.05014244813136948,0.04718152437969525,0.04443298831918607,0.041876445803911366,0.03949426591357097,0.03727107050337919,0.03519334303763055,0.03324912359014631,0.03142776737460984,0.02971975097406021,0.028116514957180483,0.026610334658032975,0.0251942130418491,0.023861791089775986,0.02260727223357284,0.021425358166415387,0.020311193951268125,0.019260320786046725,0.01826863512583482,0.017332353121526534,0.016447979530313295,0.015612280413480562,0.014822259059002807,0.014075134664016442,0.01336832339368077,0.012699421492041896,0.012066190174824548,0.011466542076972175,0.010898529059526152,0.01036033121105251,0.009850246901520504,0.009366683768179118,0.008908150526771352,0.008473249517317344,0.008060669906233164,0.00766918147456086,0.0072976289322194965,0.006944926705110016,0.006610054147954181,0.006292051142313154,0.0059900140422241566,0.005703091935170129,0.005430483190041552,0.005171432265569431,0.004925226756407136,0.004691194656236214,0.004468701818947138,0.004257149601875246,0.004055972675286942,0.003864636984670239,0.003682637853911208,0.00350949821774299,0.0033447669735195,0.0031880174429030073,0.0030388459355230393,0.002896870406439843,0.002761729200529535,0.0026330798777181655,0.0025105981128707086,0.0023939766650769648,0.002282924411445987,0.002177165440739197,0.002076438202971903,0.001980494710826855,0.0018890997893997036,0.0018020303712547592,0.0017190748334991318,0.0016400323742102457,0.0015647124256462294,0.0014929341017297267,0.0014245256778281958,0.0013593241005334135,0.0012971745255739298,0.0012379298822564264,0.0011814504625896095,0.0011276035336719448,0.001076262971811532,0.001027308917210843,0.0009806274478055023,0.0009361102711388618,0.0008936544332907755,0.000853162043727422,0.0008145400151964889,0.000777699817758843,0.0007425572461095317,0.0007090321995026141,0.0006770484734492134,0.0006465335625305615,0.0003087092368840435
0.058979258824000125,0.10399790195784497,0.09458879344231286,0.08690582209009179,0.08032535109178185,0.07454949643647812,0.06940232485590925,0.06476721991066658,0.060561050923934046,0.05672150131527198,0.05320010158016997,0.04995807447876355,0.04696370034537212,0.044190563771643876,0.041616340448629274,0.03922193031543342,0.036990821192031564,0.03490861072031304,0.03296264001961702,0.03114170804139038,0.029435845422399964,0.02783613301031107,0.0263345544671032,0.024923875248784144,0.023597542269655047,0.02234959997384056,0.021174619565202002,0.02006763889146279,0.019024111035904623,0.018039860079972214,0.0171110428195273,0.01623411546015996,0.015405804500568054,0.014623081162909612,0.013883138843313714,0.013183373147128918,0.012521364149757741,0.011894860579274719,0.011301765667893121,0.010740124459515915,0.010208112390362567,0.009704024988338195,0.00922626855806527,0.008773351738769308,0.008343877835126357,0.007936537836063101,0.007550104048241579,0.007183424278461026,0.006835416508698594,0.006505064013997031,0.006191410879068965,0.005893557875637986,0.005610658665337262,0.005341916297930738,0.005086579978313813,0.004843942077456087,0.004613335365911769,0.004394130450581971,0.004185733396982458,0.0039875835220135325,0.0037991513424304457,0.0036199366664211724,0.0034494668171301812,0.0032872949772513316,0.003132998645373447,0.0029861781952653516,0.0028464555306609643,0.002713472827897294,0.002586891359957849,0.002466390396235127,0.0023516661722106993,0.002242430924128881,0.0021384119840855836,0.0020393509311588884,0.001945002794956921,0.0018551353076901034,0.0017695282015086425,0.0016879725482754696,0.0016102701386913679,0.0015362328982768403,0.0014656823378027262,0.0013984490358200374,0.0013343721514368634,0.0012732989651914675,0.0012150844462732527,0.001159590844589553,0.0011066873059491604,0.001056249509033609,0.001008159322721986,0.0009623044826759276,0.0009185782858635375,0.0008768793019749074,0.0008371111008099903,0.0007991819945775171,0.0007630047942848318,0.0007284965793674901,0.0006955784797652298,0.0006641754698021342,0.0006342161730933729,0.0006056326778617841,0.0002891801810709551
0.05531651855119013,0.09753977145688553,0.08871519707880382,0.0815095056100894,0.07533781115694294,0.06992073921352437,0.06509328843761053,0.06074608857282837,0.056801174427294265,0.05320010158016997,0.04989741226816702,0.04685673874054752,0.04404833228002447,0.0414474188317715,0.03903306122772787,0.03678734619912438,0.03469478755162336,0.032741877811894526,0.03091674464706995,0.029208882968900562,0.027608942839378314,0.026108559272898457,0.02470021399873118,0.023377121960826808,0.0221331372168711,0.02096267422508341,0.019860641471756535,0.018822385090968008,0.017843640650782977,0.016920491664768778,0.01604933368720496,0.015226843077951469,0.014449949695139352,0.013715812914426195,0.013021800480734314,0.012365469784112237,0.01174455122288015,0.011156933369139088,0.010600649699424952,0.010073866690962913,0.009574873111887816,0.009102070360686415,0.008653963730051561,0.008229154489349771,0.007826332692017435,0.00744427062815925,0.007081816853633266,0.0067378907339427085,0.006411477450152914,0.006101623420136287,0.005807432093756795,0.005528060086374284,0.005262713617675968,0.005010645227478669,0.004771150743608274,0.004543566478562244,0.004327266634909538,0.004121660901312052,0.003926192222524119,0.0037403347292991745,0.00356359181432174,0.003395494342354144,0.0032355989841301724,0.0030834866637948974,0.0029387611111527934,0.0028010475104590787,0.002669991238776988,0.0025452566867287738,0.0024265261555941123,0.0023134988254225747,0.0022058897887193285,0.0021034291450860304,0.0020058611525230682,0.0019129434312913987,0.0018244462169348039,0.0017401516588116187,0.0016598531610791459,0.0015833547634771308,0.0015104705590182899,0.001441024146245664,0.0013748481137985519,0.0013117835550832055,0.001251679611311611,0.0011943930408907372,0.001139787813522801,0.001087734727607887,0.0010381110493269882,0.0009908001721594985,0.0009456912954895133,0.0009026791212761488,0.0008616635675480662,0.0008225494977405247,0.000785246465012452,0.0007496684705483297,0.0007157337350756961,0.0006833644828000227,0.0006524867370127623,0.0006230301267704762,0.000594927703915513,0.000568115769860017,0.0002712668558216159
0.05194443061895493,0.09159409746649838,0.08330766046691873,0.07654136639775211,0.07074600402146669,0.06565923895796932,0.06112613395723576,0.057043989705007014,0.05333959643022235,0.04995807447876355,0.04685673874054752,0.04400143967623127,0.04136424305318731,0.03892188587166656,0.03665470798706072,0.034545888710279526,0.032580886386104235,0.03074701738708885,0.029033133489786755,0.027429370319334345,0.025926948191909438,0.024518012298259062,0.02319550289811917,0.021953048743108605,0.020784878715610078,0.01968574791680977,0.01865087534274451,0.017675890943038675,0.01675679034800681,0.015889895910849716,0.015071822992956563,0.01429945063403254,0.013569895910463314,0.012880491417331552,0.012228765410143089,0.011612424222808976,0.011029336645593746,0.010477519995485018,0.009955127656237156,0.009460437900716379,0.008991843834382174,0.008547844323987502,0.008127035794305737,0.0077281047935343905,0.007349821239408499,0.006991032271159547,0.006650656642796238,0.0063276795997881385,0.006021148189593553,0.00573016696217836,0.005453894021666378,0.005191537395671672,0.0049423516913336685,0.004705635011427969,0.004480726107178479,0.004267001745896962,0.004063874274627288,0.0038707893627842466,0.0036872239081574137,0.003512684093069235,0.0033467035776502396,0.003188841819143251,0.003038682507405875,0.0028958321070334733,0.0027599184978976746,0.0026305897063391565,0.0025075127204636435,0.0023903723828058165,0.0022788703546839303,0.002172724147237348,0.0020716662140374056,0.0019754431009360376,0.0018838146491196514,0.001796553247516909,0.0017134431313688067,0.0016342797235323336,0.0015588690156478763,0.001487026986678186,0.0014185790561036665,0.0013533595695762596,0.0012912113149115,0.001231985066349424,0.0011755391554534658,0.0011217390667528533,0.0010704570565891192,0.0010215717938437431,0.0009749680210243451,0.0009305362345388944,0.0008881723828950208,0.0008477775818614489,0.0008092578454280339,0.0007725238316420302,0.0007374906025110484,0.0007040773970381012,0.0006722074166663674,0.0006418076223841922,0.0006128085427915802,0.0005851440925625853,0.0005587514006188884,0.0005335706474712387,0.0002547724556344697
0.048829991294577324,0.0861026913209273,0.07831326391726612,0.07195278677425554,0.06650499642474017,0.06172329611342642,0.0574620434091766,0.053624700029498706,0.05014244813136948,0.04696370034537212,0.04404833228002447,0.04136424305318731,0.03888517422283799,0.03658925834390325,0.034458014683854565,0.032475631620541345,0.030628439841164035,0.028904516593113216,0.02729338241506729,0.025785764672957567,0.024373410350386926,0.023048935819980076,0.021805704825218708,0.020637728297226765,0.019539581294727604,0.018506333526317087,0.017533490765551718,0.016616945085831503,0.015752932303598755,0.014937995357769518,0.014168952617717112,0.013442870313019828,0.012757038430173895,0.012108949545557274,0.011496280158536487,0.010916874164265955,0.01036872816886536,0.009849978395483211,0.009358888971859991,0.008893841423262133,0.008453325219287489,0.008035929246783563,0.0076403340987121204,0.007265305085575602,0.006909685886711842,0.00657239277108726,0.006252409326934383,0.005948781645790546,0.00566061391435109,0.005387064372917236,0.005127341603907626,0.004880701118993219,0.004646442215733751,0.004423905078686702,0.004212468103016703,0.0040115454200433665,0.003820584607035188,0.00363906456525874,0.0034664935515923423,0.0033024073512851887,0.0031463675796077756,0.0029979601019702387,0.002856793563267783,0.002722498017450302,0.0025947236496032602,0.0024731395832442854,0.002357432766677499,0.0022473069320744013,0.00214248162194465,0.002042691278289391,0.0019476843896342189,0.0018572226918662504,0.00177108041908456,0.0016890436008442228,0.0016109094027930565,0.0015364855074788339,0.0014655895326287603,0.0013980484845588365,0.0013336982441606478,0.0012723830833997543,0.0012139552103324486,0.0011582743406956739,0.0011052072945371867,0.0010546276161050444,0.0010064152155493285,0.00096045603119271,0.000916641710938304,0.0008748693117148348,0.0008350410157716322,0.0007970638629185706,0.0007608494976169555,0.0007263139300544581,0.0006933773104431523,0.000661963715661993,0.0006320009475647929,0.0006034203422491859,0.000576156589629612,0.0005501475627828906,0.0005253341564224953,0.0005016601339909634,0.0002395359914690717
0.045945715915473584,0.08101709496379117,0.07368793722646316,0.06770327912914098,0.06257736903680322,0.0580781842892657,0.05406869007920223,0.05045805365087386,0.04718152437969525,0.044190563771643876,0.0414474188317715,0.03892188587166656,0.03658925834390325,0.0344289611810521,0.03242360586596549,0.030558315241088096,0.0288202278423505,0.02719812553959866,0.025682148191571885,0.02426357115748029,0.022934629152013386,0.021688374895639184,0.02051856430809229,0.01941956224631769,0.018386264353564996,0.01741403168805028,0.016498635600634526,0.01563621091102224,0.014823215866240413,0.014056397684497846,0.013332762736301629,0.012649550603726134,0.012004211401733522,0.01139438586220251,0.01081788777032841,0.010272688414251108,0.009756902768167236,0.009268777172298709,0.008806678312708094,0.008369083335239447,0.0079545709510426,0.007561813413471258,0.00718956926269948,0.006836676750193782,0.006502047865232952,0.00618466289726545,0.005883565477035696,0.00559785804525377,0.005326697704975278,0.005069292418907856,0.004824897517272997,0.004592812486640577,0.004372378012336003,0.004162973250870228,0.003964013311719,0.00377494692910553,0.0035952543071385012,0.0034244451232613715,0.0032620566761895203,0.0031076521666504597,0.0029608190993977296,0.0028211677966901508,0.0026883300145432165,0.0025619576532806,0.0024417215551295127,0.0023273103819951915,0.0022184295676207708,0.002114800338175349,0.002016158796249369,0.0019222550638275798,0.0018328524797214044,0.0017477268476252389,0.0016666657312306987,0.001589467792992294,0.0015159421737218348,0.0014459079099789843,0.0013791933867198097,0.0013156358229990082,0.0012550807883245745,0.0011973817477207924,0.0011423996336245232,0.0010900024427841944,0.0010400648567194352,0.0009924678840655503,0.0009470985234413323,0.0009038494456703114,0.0008626186940084365,0.0008233094013433279,0.0007858295232476137,0.0007500915860352286,0.000716012448791015,0.0006835130785582313,0.0006525183379677904,0.0006229567844826273,0.0005947604806183521,0.0005678648144771987,0.0005422083299773273,0.000517732566277275,0.0004943819057897925,0.00047210343030472564,0.00022542339240703025
0.04326837660973848,0.07629635543477864,0.06939443568598769,0.06375862646769215,0.05893149792311991,0.0546945554042948,0.05091875389821454,0.04751855664966764,0.04443298831918607,0.041616340448629274,0.03903306122772787,0.03665470798706072,0.034458014683854565,0.03242360586596549,0.03053510683652849,0.028778507830556466,0.02714169724895732,0.025614111009700458,0.02418646384013179,0.02285053976101653,0.021599026211939376,0.020425380943233873,0.019323723903476808,0.01828874847357731,0.017315647872633233,0.01640005359822766,0.015537983518155274,0.014725797776809157,0.013960161088394263,0.013238010289852054,0.012556526260657341,0.011913109494639612,0.01130535874365543,0.010731052262878377,0.010188131271299417,0.009674685308065867,0.009188939221228487,0.008729241566064666,0.008294054227455189,0.007881943110258,0.007491569763445616,0.007121683824807601,0.006771116188606818,0.0064387728134482625,0.006123629097091313,0.005824724755854355,0.005541159154871966,0.0052720870409655035,0.0050167146368496895,0.004774296060153421,0.0045441300348875585,0.004325556867501981,0.004117955661729761,0.003920741750041451,0.003733364322241986,0.0035553042329917323,0.0033860719725752747,0.00322520578674991,0.003072269932657676,0.002926853059796848,0.002788566705195665,0.0026570438935525006,0.0025319378341556106,0.0024129207066046626,0.0022996825285009695,0.0021919300986419574,0.002089386010263733,0.00199178772872248,0.0018988867288857042,0.0018104476880629675,0.00172624773022053,0.0016460757178682409,0.0015697315882612362,0.001497025730707622,0.0014277784023247093,0.0013618191793879526,0.0012989864418820156,0.0012391268891788244,0.0011820950845808018,0.0011277530268989054,0.001075969747299569,0.0010266209296967942,0.0009795885533313876,0.0009347605559591812,0.0008920305163662781,0.0008512973551094496,0.0008124650522133361,0.0007754423808499222,0.000740142655947915,0.0007064834969304941,0.0006743866036119494,0.0006437775444851496,0.0006145855567256213,0.000586743357133674,0.0005601869634130462,0.0005348555251617447,0.0005106911639931183,0.0004876388223161651,0.0004656461202045721,0.0004446632199022176,0.00021232134879096021
0.04077810034334828,0.07190543464560761,0.0654008938547399,0.060089553753586156,0.0555403265789709,0.051547300095187154,0.047988860600618355,0.04478439715204241,0.041876445803911366,0.03922193031543342,0.03678734619912438,0.034545888710279526,0.032475631620541345,0.030558315241088096,0.028778507830556466,0.02712300638714993,0.025580396762658775,0.024140723206766468,0.022795235133746428,0.021536189672183015,0.020356695342851505,0.019250586616176957,0.01821232202581785,0.017236900514707332,0.01631979207914952,0.015456879754307151,0.014644410695309862,0.013878954622981554,0.013157368288585491,0.012476764895376607,0.011834487635538793,0.011228086668830073,0.0106552989961686,0.010114030785010192,0.009602341782361024,0.009118431514447273,0.00866062702478032,0.008227371940620148,0.007817216692997647,0.007428809743226433,0.0070608896894023,0.006712278146209422,0.006381873306044977,0.006068644103485399,0.005771624914044385,0.005489910728463596,0.005222652751890072,0.004969054382480034,0.004728367530528632,0.004499889243707422,0.004282958607906381,0.0040769538974267105,0.0038812899502092685,0.0036954157471976445,0.0035188121774905184,0.003350989972113791,0.003191487791638442,0.003039870454293131,0.0028957272923039387,0.0027586706260913293,0.0026283343460929004,0.002504372593507151,0.002386458532243535,0.002274283204560426,0.0021675544639510602,0.0020659959791857474,0.001969346304368312,0.0018773580097202897,0.0017897968686366866,0.0017064410970827962,0.001627080641321589,0.001551516510568545,0.0014795601514087792,0.001411032860953662,0.001345765236231717,0.0012835966571226563,0.0012243748005818199,0.0011679551841990848,0.0011142007369610157,0.0010629813954909986,0.0010141737241033955,0.000967660557047046,0.000923330661658478,0.0008810784209374624,0.0008408035343367253,0.0008024107357275725,0.00076580952734597,0.0007309139288006854,0.0006976422401517943,0.0006659168183041544,0.0006356638658021191,0.000606813231301755,0.0005792982210851491,0.0005530554208829919,0.0005280245274386797,0.0005041481892254836,0.00048137185576828216,0.0004596436351261366,0.00043891415899791064,0.0004191364550247597,0.0002001329129641691
0.03845770678290983,0.06781404197290075,0.061679763862298564,0.05667075252235154,0.052380464462393084,0.04861471112627813,0.04525880294574458,0.042236718608341106,0.03949426591357097,0.036990821192031564,0.03469478755162336,0.032580886386104235,0.030628439841164035,0.0288202278423505,0.02714169724895732,0.025580396762658775,0.02412556208698019,0.022767804286576987,0.02149887097218095,0.02031146009252016,0.019199072512717796,0.018155893714106086,0.017176697708962463,0.016256768149610412,0.015391832921488713,0.014578009431870598,0.013811758476321268,0.013089845050454574,0.012409304837998486,0.011767415373437895,0.011161671085721275,0.010589761587709384,0.010049552695732572,0.009539069761338004,0.009056482971803503,0.008600094335579067,0.00816832611852844,0.00775971053293098,0.007372880514359054,0.007006561447736259,0.00665956372327664,0.006330776021698847,0.006019159241964583,0.005723740998003782,0.005443610619309813,0.005177914599989661,0.004925852448508322,0.004686672895254332,0.004459670421242221,0.004244182075492681,0.004039584552323963,0.0038452915037967134,0.003660751064380255,0.0034854435681306445,0.0033188794410788924,0.0031605972526378423,0.0030101619120952716,0.00286716299760173,0.002731213206084354,0.002601946914307658,0.0024790188414317155,0.002362102804859205,0.002250890562095556,0.002145090731531976,0.0020444277860784746,0.0019486411139013476,0.001857484141416621,0.0017707235135534447,0.0016881383270853645,0.0016095194133225535,0.0015346686663829517,0.0014633984138327713,0.0013955308267120659,0.0013308973660937674,0.001269338263814368,0.0012107020348379946,0.0011548450191294982,0.001101630951191996,0.0010509305552589172,0.001002621164513686,0.0009565863627676204,0.0009127156470640774,0.0008709041100019091,0.0008310521403756266,0.0007930651409929247,0.0007568532626902481,0.0007223311534192874,0.0006894177215380267,0.0006580359123713221,0.000628112497328439,0.0005995778747160171,0.0005723658815638254,0.0005464136158640567,0.0005216612685321996,0.0004980519645549682,0.0004755316127703045,0.00045404876376223084,0.00043355447545202416,0.00041400218587863725,0.0003953475927663246,0.00018877426976949847
0.03629221087615819,0.06399575726356654,0.05820701782767235,0.053480148139372075,0.049431509783084304,0.045877854916207106,0.042710955674587936,0.039859073856927774,0.03727107050337919,0.03490861072031304,0.032741877811894526,0.03074701738708885,0.028904516593113216,0.02719812553959866,0.025614111009700458,0.024140723206766468,0.022767804286576987,0.021486494275014867,0.02028900570832648,0.01916844791640887,0.018118687907296205,0.01713423873231068,0.01621016881451165,0.015342027502743105,0.01452578334993726,0.01375777248444765,0.013034655075830348,0.01235337835460898,0.011711144988525879,0.011105385869992462,0.010533736565930402,0.009994016830478736,0.009484212693984695,0.009002460733906537,0.008547034203555376,0.008116330750827266,0.007708861505991982,0.007323241351654575,0.006958180219297894,0.006612475281522617,0.006285003927409799,0.00597471742606713,0.00568063519649524,0.0054018396143824254,0.005137471294377624,0.0048867247955501625,0.004648844704966612,0.004423122058927101,0.004208891067243745,0.0040055261099311845,0.00381243897916389,0.0036290763431364587,0.0034549174101882463,0.0032894717745924895,0.003132277427683225,0.0029828989190412852,0.0028409256545914793,0.0027059703197290924,0.0025776674165591817,0.002455671906020203,0.002339657945786236,0.0022293177162019395,0.0021243603273844447,0.0020245108008012658,0.001929509119593699,0.0018391093422239144,0.001753078774870423,0.0016711971978667917,0.001593256142218398,0.0015190582126989906,0.0014484164539585107,0.0013811537566130253,0.0013171023005008158,0.0012561030324137988,0.0011980051760754201,0.0011426657719697357,0.0010899492450170967,0.001039726998355875,0.0009918770313333027,0.000946283580170449,0.0009028367798202333,0.0008614323455728053,0.0008219712732694083,0.0007843595568012077,0.0007485079218176923,0.0007143315747208841,0.0006817499658813096,0.0006506865662586018,0.0006210686565440195,0.0005928271281527425,0.0005658962952527422,0.0005402137171861849,0.0005157200307177989,0.0004923587914573199,0.0004700763239514471,0.0004488215799217845,0.000428546004160521,0.00040920340768904606,0.0003907498477008116,0.0003731435139092314,0.00017817231048960483
