0.06134155474836556,0.09492902335249398,0.07856098451998661,0.06631593371944455,0.056612278420937745,0.048694048459657746,0.04211469627714992,0.036579541721395326,0.031880336107794505,0.02786293527130468,0.02440939347803478,0.021427198833335548,0.01884239016073097,0.01659493872514095,0.014635527813168736,0.012923235305115244,0.011423822002308903,0.010108439419907661,0.008952636006097359,0.00793558066883962,0.0070394477630709995,0.006248924174763887,0.005550810171081014,0.004933693249248777,0.0043876795074853925,0.003904170831196485,0.0034756789229005575,0.003095669216382761,0.0027584292183590875,0.0024589569557258023,0.002192866075978517,0.001956304819593732,0.0017458866070068566,0.0015586303961539621,0.0013919092942798195,0.0012434061702441997,0.0011110752254606324,0.0009931086528539683,0.0008879076538047051,0.0007940571981169993,0.0007103040068847637,0.0006355373170425938,0.000568772052009758,0.0005091340778425758,0.00045584727025379905,0.00040822215689993377,0.00036564593223139315,0.0003275736700138277,0.00029352058246042215,0.00026305519516729107,0.00023579332438437763,0.00021139275806407367,0.00018954855486081994,0.00016998888632778313,0.00015247135706331896,0.0001367797457560195,0.00012272111722996196,0.00011012326177688636,9.883242341893802e-5,8.871128346119072e-5,7.963716972977626e-5,7.150046548260423e-5,6.420319508768546e-5,5.7657766275180265e-5,5.178585116336065e-5,4.651739034563845e-5,4.178970617125838e-5,3.754671294771579e-5,3.3738213224572284e-5,3.0319270566164206e-5,2.7249650312826507e-5,2.4493320804024293e-5,2.2018008392527943e-5,1.9794800330462175e-5,1.779779027962327e-5,1.600376178161121e-5,1.4391905549197034e-5,1.2943566902497508e-5,1.164202007778253e-5,1.0472266502507756e-5,9.42085445008618e-6,8.475717771315558e-6,7.6260316549452915e-6,6.862083590346318e-6,6.1751579069150295e-6,5.5574324419681e-6,5.001886044219198e-6,4.502215761771668e-6,4.052762686514497e-6,3.64844553903995e-6,3.2847011750916123e-6,2.957431283532554e-6,2.6629546238532154e-6,2.3979642203244856e-6,2.1594889926904667e-6,1.9448593581942924e-6,1.7516763893570713e-6,1.5777841561103676e-6,1.421244919754161e-6,1.2803168817004429e-6,5.767171106646654e-7
0.09492902335249398,0.1469116182159964,0.12158315075468407,0.10263436878931786,0.08761804056080602,0.07536443723196595,0.06518260500090434,0.056616576693418796,0.04934412158577928,0.04312672546138374,0.03778188433008989,0.033166448297045625,0.029165971279862313,0.02568756513993009,0.02265491672573161,0.020004702117104867,0.017683938153936818,0.015647983001977117,0.013858998471763306,0.012284748575582566,0.010897647910529468,0.009673998960706504,0.008593374482690652,0.007638112841206274,0.006792902348222218,0.006044436491777105,0.005381126173056361,0.0047928581834302125,0.0042707914783878115,0.0038071845611431926,0.003395248634056963,0.0030290222145616733,0.002703263722800532,0.0024133591877293775,0.0021552427255251763,0.0019253278503484766,0.0017204480053765805,0.0015378049669985197,0.0013749239925800114,0.0012296147602507863,0.001099937295906215,0.000984172204714747,0.0008807946259584004,0.0007884514151451812,0.0007059411284203957,0.0006321964447142565,0.0005662687119603292,0.0005073143467555861,0.00045458285370813395,0.0004074062620555152,0.0003651898039682385,0.00032740368202384146,0.000293575793036298,0.0002632852925595758,0.00023615689909458216,0.00021185584971128435,0.00019008342986622136,0.00017057300976665952,0.00015308652792203484,0.0001374113698206134,0.00012335759591568978,0.00011075547866294536,9.945331316030866e-5,8.931547013703387e-5,8.02206637436579e-5,7.206040982415322e-5,6.473765320751503e-5,5.816554502513266e-5,5.226635327580968e-5,4.6970491791502506e-5,4.22156544469765e-5,3.7946042963669046e-5,3.411167798243449e-5,3.066778424322327e-5,2.757424174912673e-5,2.4795095694761017e-5,2.2298118752885152e-5,2.0054420028433565e-5,1.803809561483241e-5,1.6225916253601556e-5,1.4597048093414812e-5,1.313280298344705e-5,1.181641513141714e-5,1.0632841298002999e-5,9.56858201146089e-6,8.61152156045829e-6,7.750784763567307e-6,6.976608733432621e-6,6.2802280439533235e-6,5.653771882547362e-6,5.090171919554446e-6,4.583079764574252e-6,4.126793000332115e-6,3.7161888916104182e-6,3.346664963987673e-6,3.0140857321131424e-6,2.7147349340750517e-6,2.445272696815698e-6,2.202697117725684e-6,1.9843098024916776e-6,8.938424739170208e-7
0.07856098451998661,0.12158315075468407,0.10062303644625059,0.08494209435061917,0.07251526956308485,0.062374625438163855,0.053948405238489094,0.04685930021636697,0.040840666453233476,0.03569513409531022,0.031271680853362516,0.02745184934457323,0.024140934181413165,0.021262068904590037,0.01875210268653066,0.01655863319147305,0.014637815018977873,0.012952705211434434,0.011471990851684988,0.01016899488965417,0.009020888694019485,0.008008060929845962,0.007113606489081548,0.006322908884633993,0.005623296292706165,0.0050037562548077424,0.004454697552908574,0.003967750347279697,0.003535597590627007,0.0031518321850275838,0.0028108354614319805,0.002507673420857899,0.002238007847081773,0.0019980199298348447,0.0017843444571117861,0.0015940129713229445,0.0014244045553212237,0.0012732031335927346,0.0011383603538894713,0.0010180632619081614,0.0009107061030424295,0.0008148656862691957,0.0007292798292489067,0.0006528284741468115,0.0005845171225063554,0.0005234622874945635,0.00046887870395553345,0.0004200680723204092,0.0003764091429358813,0.0003373489733045189,0.00030239521293331205,0.000271109289577914,0.00024310038697145358,0.0002180201183053258,0.0001955578119025472,0.00017543633601927637,0.00015740839886939145,0.00014125326788754725,0.0001267738591056184,0.00011379415355647262,0.0001021569027880153,9.172159016946485e-5,8.236261865213527e-5,7.396769911889567e-5,6.643641652261459e-5,5.967895368662649e-5,5.3614955003808895e-5,4.817251431421955e-5,4.3287273074819844e-5,3.890161653304406e-5,3.496395701475645e-5,3.1428094684414726e-5,2.825264723134045e-5,2.5400540898844453e-5,2.2838556133177013e-5,2.053692187624828e-5,1.846895319970363e-5,1.6610727569952113e-5,1.4940795551594724e-5,1.3439922225276632e-5,1.2090856005819288e-5,1.0878121909565152e-5,9.787836647275717e-6,8.807543201394536e-6,7.926062804857565e-6,7.133362465573033e-6,6.420436379705492e-6,5.779199758643451e-6,5.202393752064532e-6,4.6835002933176605e-6,4.216665817491583e-6,3.7966329165560676e-6,3.418679095950968e-6,3.0785618855256832e-6,2.772469638194429e-6,2.496977420022724e-6,2.249007459060318e-6,2.0257936768532447e-6,1.8248498763840049e-6,1.6439412056716123e-6,7.405292782316547e-7
0.06631593371944455,0.10263436878931786,0.08494209435061917,0.07170576074770207,0.06121611637565727,0.05265617233456599,0.04554333563697921,0.039559137030106495,0.03447851376438238,0.030134873742401758,0.026400744448308644,0.02317613973696192,0.02038112133231229,0.017950807932283874,0.015831894962962,0.01398015018111104,0.012358563903162673,0.010935952539222443,0.009685884627150643,0.0085858417033855,0.00761655365811309,0.006761466035878988,0.0060063086656790415,0.005338743178134223,0.00474807268485733,0.004225000969082265,0.003761431492494083,0.0033502986975088855,0.00298542570822833,0.0026614037595993484,0.0023734896239334183,0.00211751802927182,0.0018898266301607472,0.001687191538062273,0.0015067717727853432,0.001346061280019635,0.0012028473890415975,0.0010751747697229294,0.0009613140998892197,0.000859734778424534,0.0007690811220031103,0.000688151568605978,0.000615880481895063,0.0005513222099614423,0.0004936371016142603,0.0004420792255694535,0.0003959855734460161,0.00035476655753565074,0.00031789764006715307,0.00028491195257425005,0.0002553937827163566,0.00022897282201585212,0.0002053190817349424,0.0001841383960829771,0.00016516844222000913,0.00014817521538119157,0.00013294990517774032,0.0001193061258158404,0.00010707745876494847,9.611527150446618e-5,8.62867803409521e-5,7.747332917009959e-5,6.956885941755957e-5,6.24785493233864e-5,5.6117603323075586e-5,5.041017453430376e-5,4.5288405353658074e-5,4.0691572892491185e-5,3.6565327528887055e-5,3.2861014201858354e-5,2.9535067254694023e-5,2.6548470687289753e-5,2.386627660256978e-5,2.1457175444930835e-5,1.9293112354817595e-5,1.7348944594133906e-5,1.560213556587762e-5,1.4032481451164665e-5,1.2621866923987173e-5,1.1354046799620426e-5,1.0214450818598117e-5,9.190009074677978e-6,8.268995871647838e-6,7.440890032281379e-6,6.6962499008911775e-6,6.026601472519129e-6,5.424338249823964e-6,4.882631582166068e-6,4.395350374394511e-6,3.956989174253264e-6,3.5626037521412085e-6,3.2077533832261773e-6,2.8884491263340883e-6,2.6011074687785096e-6,2.3425087742324664e-6,2.1097600301433702e-6,1.9002614448900348e-6,1.7116764926866683e-6,1.5419050462999254e-6,1.3890592760488823e-6,6.2572101375083e-7
0.056612278420937745,0.08761804056080602,0.07251526956308485,0.06121611637565727,0.05226156751263766,0.044954242964557745,0.03888220192984393,0.03377359888926168,0.029436319619216333,0.02572816010967449,0.022540308602383985,0.019787415562832145,0.017401244234388602,0.015326410453900818,0.013517411946174396,0.011936490594083693,0.01055205349138627,0.009337480931768505,0.00827020968015979,0.007331016697764398,0.0065034518046764855,0.005773382969389479,0.005128628091822671,0.004558654123357236,0.0040543292477666915,0.0036077173244086214,0.0032119063181316188,0.0028608642963081285,0.0025493179596055224,0.0022726497198584453,0.002026810140453278,0.0018082431737645385,0.0016138221133757402,0.0014407945600791415,0.0012867350029516361,0.001149503858962727,0.0010272120100297925,0.0009181900343994166,0.0008209614589080386,0.0007342194648162163,0.0006568065673906737,0.0005876968621990521,0.0005259804916142551,0.00047085003576598054,0.0004215885745575375,0.00037755920338160276,0.0003381958155123637,0.00030299498980925193,0.0002715088443522185,0.0002433387353117022,0.00021812969635364408,0.00019556552763510832,0.00017536445519130252,0.00015727529173068357,0.0001410740386258687,0.0001265608764499538,0.00011355749800756989,0.00010190474351696533,9.146050254209195e-5,8.209785162515055e-5,7.370340029463213e-5,6.617582143785407e-5,5.9424544895161305e-5,5.33685956347629e-5,4.7935560076652083e-5,4.3060666060056756e-5,3.8685963652109064e-5,3.4759595467903377e-5,3.123514649347849e-5,2.8071064555036402e-5,2.5230143585736184e-5,2.2679062740290615e-5,2.0387975197514558e-5,1.8330141184888103e-5,1.6481600379164455e-5,1.482087937540146e-5,1.3328730402303477e-5,1.1987897888450174e-5,1.0782909857215346e-5,9.699891465914247e-6,8.7263983001108e-6,7.851267295707178e-6,7.0644833974391685e-6,6.3570602659968035e-6,5.720933532229322e-6,5.148865260479096e-6,4.6343584265384595e-6,4.1715803467371496e-6,3.75529410822514e-6,3.3807971541824784e-6,3.0438662671821573e-6,2.740708276126955e-6,2.4679158842643803e-6,2.2224280796018093e-6,2.00149464705364e-6,1.802644352369388e-6,1.6236564137434099e-6,1.4625349178268273e-6,1.317485872777451e-6,1.1868966237759971e-6,5.346586927107951e-7
0.048694048459657746,0.07536443723196595,0.062374625438163855,0.05265617233456599,0.044954242964557745,0.03866905063855275,0.03344630234445978,0.029052194699472067,0.025321497546880622,0.02213190619212624,0.01938983507019426,0.01702187740022043,0.014969344334957668,0.013184600986026862,0.011628511467974362,0.010268600343661421,0.009077694650535456,0.008032898710890829,0.007114805698044652,0.0063068816021590035,0.005594977289338818,0.004966937425094006,0.0044122837862503456,0.0039219564858443134,0.003488100832907126,0.003103890539838984,0.0027633801600449176,0.002461381234708661,0.002193357819774179,0.0019553379644547814,0.0017438384023843456,0.001555800249000941,0.001388533914319031,0.0012396717681463845,0.0011071273547947208,0.00098906016259891,0.0008838451216624556,0.0007900461391021317,0.0007063930925899232,0.0006317617942761204,0.0005651565124140251,0.0005056947006098246,0.0004525936366815333,0.0004051587167503718,0.0003627731866371947,0.00032488912361175633,0.0002910195076401686,0.00026073124334267863,0.00023363901278237488,0.0002093998552739366,0.00018770838416033633,0.0001682925623357318,0.00015090996839454366,0.00013534449407323276,0.00012140342119497122,0.0001089148328313385,9.77253190714805e-5,8.769794269767543e-5,7.871043431747528e-5,7.065359024525106e-5,6.342984962954689e-5,5.6952030172996134e-5,5.114220425851972e-5,4.593069944737688e-5,4.12552092150534e-5,3.706000144760137e-5,3.3295213686051085e-5,2.9916225373049273e-5,2.688309849247102e-5,2.4160078983425336e-5,2.1715152177159333e-5,1.9519646278542903e-5,1.7547878593285012e-5,1.5776839798922737e-5,1.418591209090351e-5,1.275661749816176e-5,1.1472393080222886e-5,1.0318390084902197e-5,9.281294466721008e-6,8.349166456680224e-6,7.511297128140454e-6,6.758080128660643e-6,6.08089695067268e-6,5.472014288999499e-6,4.924492193443333e-6,4.432101865388494e-6,3.9892520707702274e-6,3.5909232544639535e-6,3.2326085388401945e-6,2.9102608784118e-6,2.6202457194894117e-6,2.3592985844735545e-6,2.1244870624228325e-6,1.9131767424412867e-6,1.72300067633343e-6,1.5518320006079885e-6,1.3977593873585649e-6,1.2590650286679491e-6,1.1342048900811956e-6,1.0217909969057578e-6,4.6028777101680457e-7
0.04211469627714992,0.06518260500090434,0.053948405238489094,0.04554333563697921,0.03888220192984393,0.03344630234445978,0.028929240289049862,0.025128819583903228,0.02190214668061441,0.019143450269436202,0.016771795544712698,0.014723698464480961,0.012948403180375323,0.011404713417231704,0.01005878293799714,0.008882525555473392,0.007852440751876827,0.006948727090683726,0.006154600375285063,0.005455760898957343,0.004839971469915563,0.004296719204662583,0.0038169416524676675,0.0033928030030119932,0.0030175097591278663,0.002685157843000621,0.002390604980788552,0.002129363591011818,0.0018975104330661713,0.0016916100507500115,0.001508649642224278,0.0013459834483072093,0.00120128511038433,0.0010725067327802124,0.000957843609278558,0.000855703753584014,0.0007646815188935546,0.000683534709231914,0.0006111646816519337,0.0005465990173443794,0.0004889764047658913,0.0004375334320329254,0.00039159303085110984,0.0003505543519891907,0.0003138838838277376,0.000281107652300697,0.00025180436311689636,0.0002255993662323829,0.00020215933889668452,0.00018118759749236307,0.00016241996028614706,0.00014562109344097053,0.0001305812813746192,0.00011711357014937028,0.00010505123910117429,9.42455615416738e-5,8.456382027548378e-5,7.588754792026663e-5,6.811096569377052e-5,6.113959756888759e-5,5.4889039468387565e-5,4.928386563617603e-5,4.4256656455500315e-5,3.9747133845613437e-5,3.570139201203217e-5,3.207121275830072e-5,2.881345583425341e-5,2.5889515891175776e-5,2.3264838597293928e-5,2.090848932387627e-5,1.8792768562159775e-5,1.6892868900057116e-5,1.5186568975284571e-5,1.3653960337811199e-5,1.227720361578617e-5,1.1040310779630603e-5,9.928950660209005e-6,8.9302751944651e-6,8.032764149597488e-6,7.2260863281433795e-6,6.500975476128037e-6,5.849119311151309e-6,5.263060262889765e-6,4.736106669980564e-6,4.2622533158398425e-6,3.836110307689722e-6,3.452839409814315e-6,3.1080970395541924e-6,2.797983219053775e-6,2.518995852918417e-6,2.267989768536821e-6,2.042140016992458e-6,1.8389089861300709e-6,1.6560169248371547e-6,1.4914155207712195e-6,1.3432642115085546e-6,1.2099089432140554e-6,1.0898631213122857e-6,9.817905243690925e-7,8.844899767998733e-7,3.984407987966017e-7
0.036579541721395326,0.056616576693418796,0.04685930021636697,0.039559137030106495,0.03377359888926168,0.029052194699472067,0.025128819583903228,0.021827866210683777,0.01902523124646982,0.01662905179662061,0.014569035320080026,0.012790045167039688,0.011247999065273295,0.009907117201495425,0.008738003260879368,0.007716263537511425,0.006821486996110487,0.006036475278216269,0.00534665052858492,0.004739592705551868,0.00420467309813681,0.0037327605948259263,0.0033159838231080208,0.002947536785607753,0.00262151877118022,0.002332801565616438,0.0020769186164036127,0.0018499720048341939,0.0016485539741695893,0.0014696804387072694,0.001310734416676073,0.001169417729805708,0.001043709624529144,0.0009318312160490304,0.0008322148517678971,0.0007434776470015662,0.0006643985721499854,0.0005938985725345517,0.0005310232858731154,0.0004749279909248578,0.00042486447734459663,0.0003801695738048288,0.0003402551105448062,0.0003045991252820738,0.0002727381487979538,0.00024426042977317066,0.00021879997805118474,0.00019603132208083612,0.00017566489049177392,0.00015744293982521964,0.00014113596077672003,0.00012653950419346622,0.00011347137565623222,0.00010176915407567912,9.128799539908066e-5,8.189868740875314e-5,7.34859258571868e-5,6.594678587087629e-5,5.918936574814907e-5,5.3131583087635565e-5,4.7700105590436155e-5,4.282940102014285e-5,3.846089265805016e-5,3.454220820728977e-5,3.1026511527269514e-5,2.7871907824217118e-5,2.5040914024216168e-5,2.249998700654105e-5,2.021910322895428e-5,1.817138402088284e-5,1.6332761471765883e-5,1.4681680422743435e-5,1.319883258031699e-5,1.1866919219041404e-5,1.06704393409646e-5,9.595500507436595e-6,8.62964987268468e-6,7.76172322431508e-6,6.9817100771145456e-6,6.280633084807831e-6,5.650440225349679e-6,5.083908384466611e-6,4.574557114708005e-6,4.116571478859012e-6,3.704733006952706e-6,3.334357901857367e-6,3.001241721142648e-6,2.7016098476173857e-6,2.4320731343389438e-6,2.1895881769114477e-6,1.971421723741139e-6,1.7751187880583446e-6,1.598474072113577e-6,1.439506355215706e-6,1.2964355347836964e-6,1.1676620423742242e-6,1.0517483862923674e-6,9.474025987858822e-7,8.534633890447026e-7,7.688868244311237e-7,3.463671905540633e-7
0.031880336107794505,0.04934412158577928,0.040840666453233476,0.03447851376438238,0.029436319619216333,0.025321497546880622,0.02190214668061441,0.01902523124646982,0.016582599164823963,0.014494194608483668,0.012698759451001185,0.011148243326513207,0.009804229333048281,0.008635535853176168,0.007616544262994934,0.006725995546933539,0.0059461014657722355,0.005261873540081466,0.00466060699587037,0.00413147754953011,0.0036652220324668444,0.00325388241541473,0.0028905985214964652,0.002569438644548061,0.0022852600364990927,0.002033593185136233,0.0018105452238622657,0.0016127188598046849,0.0014371439869333529,0.0012812197400715562,0.0011426651971613022,0.0010194772856542134,0.0009098947208890755,0.0008123670189307194,0.0007255277965107897,0.000648171707022669,0.0005792344715471603,0.0005177755528033724,0.00046296309291370477,0.0004140607956193143,0.0003704164828255696,0.00033145209633173457,0.0002966549496736526,0.00026557006357121656,0.00023779344232924705,0.00021296616881487374,0.00019076921271609466,0.00017091886123000435,0.00015316269370555273,0.00013727603228349356,0.000123058809582128,0.00011033280222122726,9.893918558887948e-5,8.873637100749129e-5,7.959809139329805e-5,7.141170576112853e-5,6.407669664199186e-5,5.750333769424104e-5,5.161151157204191e-5,4.63296605649825e-5,4.159385461984411e-5,3.73469632215925e-5,3.353791922568292e-5,3.012106414254428e-5,2.705556561930357e-5,2.4304898948392995e-5,2.1836385391868984e-5,1.962078093947951e-5,1.7631909862693808e-5,1.5846338075563282e-5,1.4243081880995628e-5,1.2803348187294568e-5,1.1510302724718967e-5,1.034886318265616e-5,9.305514537208284e-6,8.368144142215903e-6,7.525894430233715e-6,6.7690313103204954e-6,6.088826559752216e-6,5.477452697022503e-6,4.927888989904357e-6,4.433837399771395e-6,3.989647396338244e-6,3.590248691678915e-6,3.2310910473152323e-6,2.9080904003334795e-6,2.6175806353129205e-6,2.3562704026697403e-6,2.1212044480068323e-6,1.9097289754752984e-6,1.7194606185822389e-6,1.5482586381999203e-6,1.394200008151819e-6,1.2555570847160724e-6,1.1307775890795696e-6,1.018466660359016e-6,9.173707626478764e-7,8.263632525548451e-7,7.444314339423267e-7,6.706649450572751e-7,3.0212266979232394e-7
0.02786293527130468,0.04312672546138374,0.03569513409531022,0.030134873742401758,0.02572816010967449,0.02213190619212624,0.019143450269436202,0.01662905179662061,0.014494194608483668,0.012668916168994904,0.011099681463514727,0.009744497893730886,0.008569791667028759,0.0075483120073318866,0.006657669726694793,0.005879285577656518,0.005197613495988171,0.004599554193748148,0.004074004174693738,0.003611503360522794,0.0032039559850088467,0.002844406893396885,0.0025268603911143064,0.0022461322180735988,0.001997727625703459,0.0017777402445442042,0.0015827676714355449,0.0014098406183263405,0.001256363146647295,0.0011200620261101885,0.00099894365134345,0.0008912572543365374,0.0007954633883571899,0.0007102068465558529,0.000634293327179675,0.0005666692764405706,0.0005064044362322589,0.0004526767015961882,0.0004047589566261219,0.0003620076097146079,0.0003238525920779044,0.00028978861930418955,0.00025936754544742067,0.00023219166415083727,0.00020790783213262866,0.00018620230808430623,0.00016679621496027992,0.00014944154625958503,0.00013391764771674385,0.00012002811501044767,0.00010759805596917849,9.647167252043701e-5,8.651012340893773e-5,7.758963373556108e-5,6.95998216844395e-5,6.244221652627175e-5,5.6028945233353245e-5,5.0281567850002156e-5,4.513004419420775e-5,4.051181660763559e-5,3.637099530397355e-5,3.265763449644796e-5,2.932708889684106e-5,2.6339441409558868e-5,2.365899393170129e-5,2.125381411800266e-5,1.9095331807808666e-5,1.7157979535996272e-5,1.5418872200140732e-5,1.3857521523167953e-5,1.2455581446907849e-5,1.1196621034461533e-5,1.0065921848138588e-5,9.050297111331851e-6,8.137930267907134e-6,7.318230817718102e-6,6.581705545895847e-6,5.919843473640754e-6,5.3250130420070434e-6,4.790370206467126e-6,4.309776265494527e-6,3.877724375263335e-6,3.4892738187802786e-6,3.139991198021811e-6,2.825897809369622e-6,2.5434225431993494e-6,2.289359719126588e-6,2.060831332941347e-6,1.855253247192336e-6,1.6703049084456896e-6,1.5039022183228097e-6,1.3541732259122565e-6,1.2194363446582304e-6,1.0981808282670452e-6,9.890492687504972e-7,8.908219047118819e-7,8.024025505700704e-7,7.228059775294075e-7,6.5114659479853e-7,5.866282957194311e-7,2.642676738752477e-7
0.02440939347803478,0.03778188433008989,0.031271680853362516,0.026400744448308644,0.022540308602383985,0.01938983507019426,0.016771795544712698,0.014569035320080026,0.012698759451001185,0.011099681463514727,0.00972490505309384,0.008537644838969988,0.00750849015207522,0.006613569172793571,0.005833268754586479,0.005151313205985095,0.004554083869860573,0.004030105444741361,0.00356965093257626,0.0031644329669466564,0.0028073593219618623,0.0024923369546465263,0.0022141133193652324,0.0019681466993705446,0.0017504994036513788,0.0015577491757836348,0.0013869152487351634,0.0012353962793391626,0.0011009179934837743,0.0009814888241222869,0.000875362169817654,0.0007810041683226337,0.0006970660879062913,0.0006223606034256989,0.0005558413544048697,0.0004965852867298958,0.0004437773637938191,0.00039669730099184744,0.000354708033345281,0.0003172456717698991,0.0002838107412004784,0.00025396052515001735,0.0002273023673665768,0.00020348780311641584,0.00018220741088478473,0.00016318629080641373,0.00014618008921431658,0.00013097149975251727,0.00011736718097303403,0.00010519503838924901,9.430182585221732e-5,8.455102704481559e-5,7.58209829507001e-5,6.800323555825657e-5,6.100106184014106e-5,5.4728175308427695e-5,4.910757529009188e-5,4.40705265276212e-5,3.955565384010525e-5,3.5508138456038694e-5,3.187900423465555e-5,2.8624483421318806e-5,2.570545281899725e-5,2.308693233646575e-5,2.073763882648157e-5,1.8629588957603214e-5,1.673774559772848e-5,1.5039702822329146e-5,1.3515405230161244e-5,1.214689774589874e-5,1.0918102523831933e-5,9.81461995442891e-6,8.823551116225064e-6,7.933339314783851e-6,7.13362861786806e-6,6.41513752815557e-6,5.76954614425717e-6,5.18939534484789e-6,4.66799669172026e-6,4.199351893263923e-6,3.7780807973125967e-6,3.399356995194676e-6,3.0588502206506754e-6,2.752674815116753e-6,2.47734361123713e-6,2.2297266570527893e-6,2.0070142652130034e-6,1.8066839280942148e-6,1.6264706887149678e-6,1.4643406020762688e-6,1.3184669601795114e-6,1.1872089894508948e-6,1.0690927604138413e-6,9.627940769969421e-7,8.67123137905746e-7,7.810107843798604e-7,7.034961684512346e-7,6.337156934419246e-7,5.708930939452889e-7,5.143305366928654e-7,2.3170031811222883e-7
0.021427198833335548,0.033166448297045625,0.02745184934457323,0.02317613973696192,0.019787415562832145,0.01702187740022043,0.014723698464480961,0.012790045167039688,0.011148243326513207,0.009744497893730886,0.008537644838969988,0.007495395034468666,0.0065919325406337825,0.005806303176813979,0.0051212908463050405,0.0045226089372956,0.003998303083534119,0.0035383002826121224,0.003134062138363772,0.0027783139234704227,0.0024648299764597897,0.002188261698816703,0.001943998267502342,0.0017280528171678758,0.0015369686923306647,0.0013677416851077887,0.001217755128429622,0.0010847254166442208,0.0009666560497285648,0.0008617986932346958,0.0007686200494545666,0.00068577356945803,0.000612075218412441,0.0005464826507945615,0.0004880772664427515,0.00043604870998711735,0.0003896814501224812,0.0003483431349342878,0.00031147446853390347,0.0002785803944053587,0.0002492224039529001,0.00022301181627089241,0.0001996038980530317,0.00017869271175039933,0.00016000659611804238,0.00014330419691298626,0.00012837097698462432,0.00011501614470376233,0.00010306994799315393,9.238128828985216e-5,8.28156148214318e-5,7.425306478183336e-5,6.658681943590627e-5,5.9721650046759686e-5,5.357263083839779e-5,4.806399906715864e-5,4.3128144772544455e-5,3.870471493741209e-5,3.473981865771984e-5,3.118532156864398e-5,2.799821918327743e-5,2.514008005423537e-5,2.2576550753930372e-5,2.0276915616073907e-5,1.821370501720206e-5,1.636234670597162e-5,1.4700855332662748e-5,1.3209555888662116e-5,1.1870837265889818e-5,1.0668932582138954e-5,9.589723299884077e-6,8.620564506425609e-6,7.750129022293932e-6,6.968268267560935e-6,6.265888050448236e-6,5.6348376464576835e-6,5.067810720098148e-6,4.558256802863865e-6,4.100302182453666e-6,3.6886791861295474e-6,3.3186629529883616e-6,2.9860148890332045e-6,2.6869320883252183e-6,2.4180020806107314e-6,2.1761623363709633e-6,1.958664022210546e-6,1.7630395538444898e-6,1.587073543580131e-6,1.4287767822141135e-6,1.286362934544801e-6,1.1582276616091366e-6,1.0429299139012814e-6,9.39175167145785e-7,8.458003963829569e-7,7.617606061097201e-7,6.861167534410028e-7,6.180249186362105e-7,5.567265928079957e-7,5.015399662443153e-7,4.5185211320636867e-7,2.035559900266687e-7
0.01884239016073097,0.029165971279862313,0.024140934181413165,0.02038112133231229,0.017401244234388602,0.014969344334957668,0.012948403180375323,0.011247999065273295,0.009804229333048281,0.008569791667028759,0.00750849015207522,0.0065919325406337825,0.005797418440848537,0.005106522398088939,0.004504105855903093,0.003977606161055594,0.003516511415485965,0.0031119640192189824,0.0027564557686042337,0.0024435896224825338,0.002167891002582717,0.0019246565517323788,0.0017098316583725875,0.001519910376306461,0.001351852991765809,0.0012030176464323632,0.0010711032641798936,0.000954101646551922,0.0008502570630047439,0.0007580320100646978,0.0006760780802849871,0.0006032110877896481,0.0005383897578849651,0.0004806974150131822,0.00042932620385822615,0.00038356345894638953,0.0003427799030878689,0.00030641940753805847,0.0002739900898831955,0.00024505656095432857,0.00021923316116684386,0.0001961780508913883,0.000175588039593813,0.000157194055357504,0.00014075717049668972,0.00012606511094812988,0.00011292918722118723,0.00010118159322015409,9.067302656545783e-5,8.127059025486477e-5,7.285594082710495e-5,6.532365276600504e-5,5.857977279029357e-5,5.254054107282262e-5,4.713125935086604e-5,4.228528840492134e-5,3.794315957919006e-5,3.405178691572822e-5,3.056376811879941e-5,2.743676401391435e-5,2.463294740537227e-5,2.2118513338933055e-5,1.9863243730717367e-5,1.7840120156018468e-5,1.602497932705067e-5,1.4396206429682229e-5,1.2934462056121536e-5,1.162243896062713e-5,1.0444645305179433e-5,9.387211445460232e-6,8.437717643056635e-6,7.58504038906891e-6,6.819215287296837e-6,6.1313146762177e-6,5.513338375404559e-6,4.9581161212891545e-6,4.4592204188567295e-6,4.010888677956619e-6,3.6079536272072245e-6,3.245781110963454e-6,2.9202144732003003e-6,2.6275248193332085e-6,2.3643665256133334e-6,2.127737433554266e-6,1.9149432288957346e-6,1.7235655591099102e-6,1.551433491249555e-6,1.3965979555920385e-6,1.2573088583723747e-6,1.131994581445027e-6,1.0192436165369555e-6,9.177881091497536e-7,8.264891111928097e-7,7.443233627005484e-7,6.703714423238935e-7,6.03807143192048e-7,5.438879460266359e-7,4.899464749992863e-7,4.4138283379753023e-7,3.9765773029824983e-7,1.7914315395644997e-7
0.01659493872514095,0.02568756513993009,0.021262068904590037,0.017950807932283874,0.015326410453900818,0.013184600986026862,0.011404713417231704,0.009907117201495425,0.008635535853176168,0.0075483120073318866,0.006613569172793571,0.005806303176813979,0.005106522398088939,0.004497999958617965,0.0039674036083598985,0.003503669588553193,0.0030975401607983982,0.0027412144674839323,0.002428080020095459,0.002152502898364002,0.0019096615715117754,0.0016954137065466265,0.0015061883094689456,0.0013388975887442325,0.0011908643598201596,0.0010597618279789833,0.0009435633257913537,0.0008405001250131917,0.0007490258487568881,0.0006677863163359731,0.0005955938880818652,0.0005314055587567531,0.00047430418969918696,0.00042348238149926207,0.0003782285775352735,0.00033791505962419387,0.0003019875542828541,0.0002699562143590661,0.00024138777877026531,0.00021589874417337045,0.00019314940801022987,0.00017283866369224073,0.00015469944641658805,0.00013849474296824928,0.00012401409127466793,0.00011107050602930614,9.949777558821305e-5,8.914808285927093e-5,7.988990934368442e-5,7.16061869622238e-5,6.419266698496164e-5,5.755647941288553e-5,5.161485960060853e-5,4.629402190243733e-5,4.152816269379278e-5,3.725857733555716e-5,3.3432877582695655e-5,3.0004297610741206e-5,2.6931078282079065e-5,2.4175920549171753e-5,2.1705499983332036e-5,1.949003538891179e-5,1.7502905303386316e-5,1.5720306917069225e-5,1.4120952593834387e-5,1.2685799738778474e-5,1.1397810258058605e-5,1.0241736287790502e-5,9.203929256298402e-6,8.272169681692069e-6,7.435515402297256e-6,6.684166201044564e-6,6.009343016554101e-6,5.403180137144217e-6,4.858628955815218e-6,4.369372022139736e-6,3.929746269401238e-6,3.5346744204763715e-6,3.179603685435318e-6,2.860450962913235e-6,2.5735538439658308e-6,2.3156267938970253e-6,2.083721956795372e-6,1.8751940872506367e-6,1.687669168376695e-6,1.5190163232714971e-6,1.3673226691434514e-6,1.230870801786558e-6,1.1081186314163768e-6,9.976813213102293e-7,8.983151069639056e-7,8.089027976088497e-7,7.28440783096128e-7,6.560273878904176e-7,5.908524309509073e-7,5.321878651683725e-7,4.793793834928744e-7,4.318388908747259e-7,3.8903775168907765e-7,3.505007319467775e-7,1.579002820540519e-7
0.014635527813168736,0.02265491672573161,0.01875210268653066,0.015831894962962,0.013517411946174396,0.011628511467974362,0.01005878293799714,0.008738003260879368,0.007616544262994934,0.006657669726694793,0.005833268754586479,0.0051212908463050405,0.004504105855903093,0.0039674036083598985,0.0034994265860669727,0.003090417768664429,0.002732212801880761,0.002417932107756607,0.0021417440966043366,0.0018986801531115094,0.001684488090566344,0.0014955146946867663,0.0013286106072602291,0.0011810526018553244,0.0010504795644059421,0.0009348393896426548,0.0008323446560102137,0.0007414354210607266,0.0006607478373323733,0.0005890875590694317,0.0005254071172836883,0.00046878660055869707,0.0004184171037898924,0.00037358650552055724,0.00033366721260767555,0.000298105573492434,0.00026641271183075726,0.00023815657303554068,0.00021295500977315616,0.0001904697598699859,0.00017040119267819342,0.00015248371875026777,0.00013648177330603372,0.00012218629708158702,0.00010941164909588491,9.79928951736072e-5,8.778342390082365e-5,7.865284831760151e-5,7.048515733080541e-5,6.317708565672215e-5,5.663667523576844e-5,5.07820046151818e-5,4.554006582993943e-5,4.084577095167378e-5,3.664107274152669e-5,3.2874185796783134e-5,2.9498896286472972e-5,2.647394984589069e-5,2.3762508477248405e-5,2.1331668428294136e-5,1.9152031983285468e-5,1.7197326957278354e-5,1.5444068426030287e-5,1.3871257870488028e-5,1.2460115486001566e-5,1.1193841904296955e-5,1.0057406016597976e-5,9.03735596696569e-6,8.121650726598188e-6,7.299509957652982e-6,6.5612801358115006e-6,5.898315133272237e-6,5.302869668149341e-6,4.768004205724845e-6,4.287500057364787e-6,3.855783562157713e-6,3.467858361934535e-6,3.1192448907157197e-6,2.80592629618892e-6,2.524300098208265e-6,2.271134965740846e-6,2.0435320614019766e-6,1.8388904637992257e-6,1.6548762305922425e-6,1.4893947133824814e-6,1.3405657778882345e-6,1.2067016199932663e-6,1.0862869021741028e-6,9.779609642095814e-7,8.805018889186474e-7,7.928122268425144e-7,7.139062050736135e-7,6.428982641000988e-7,5.789927830622176e-7,5.214748688419405e-7,4.6970209754365054e-7,4.2309710880120033e-7,3.811409639215855e-7,3.433671881795252e-7,3.0935642607411545e-7,1.3936582293451768e-7
0.012923235305115244,0.020004702117104867,0.01655863319147305,0.01398015018111104,0.011936490594083693,0.010268600343661421,0.008882525555473392,0.007716263537511425,0.006725995546933539,0.005879285577656518,0.005151313205985095,0.0045226089372956,0.003977606161055594,0.003503669588553193,0.003090417768664429,0.0027292355691070566,0.0024129140900497753,0.002135378818841918,0.0018914805624537998,0.0016768320927254485,0.0014876787561564318,0.0013207947676852905,0.0011733992288864466,0.001043087502098694,0.0009277746849649417,0.000825648722884504,0.0007351312722506404,0.0006548448505765813,0.0005835851257180898,0.0005202974350949144,0.0004640568087063094,0.0004140509109158072,0.0003695654261617184,0.00032997150068843264,0.00029471492132657554,0.0002633067675688744,0.00023531531775872454,0.00021035902622849184,0.0001881004177943942,0.00016824077021855392,0.0001505154751970713,0.00013468998503225619,0.0001205562659509613,0.00010792969060242864,9.664631193378754e-5,8.656046885520429e-5,7.754268102703565e-5,6.9477795953062e-5,6.226335657820935e-5,5.5808161850564924e-5,5.003099635638494e-5,4.4859508274441265e-5,4.022921757526859e-5,3.60826387214066e-5,3.2368504125703814e-5,2.9041076349936297e-5,2.605953853177564e-5,2.3387453830289685e-5,2.099228580797045e-5,1.8844972660267878e-5,1.6919549053553767e-5,1.5192810088756031e-5,1.36440125625113e-5,1.2254609268687593e-5,1.100801258746727e-5,9.889384048823762e-6,8.885446946065397e-6,7.984319411258236e-6,7.175365666049142e-6,6.449063424388902e-6,5.796885653822344e-6,5.2111951072896195e-6,4.685150217777575e-6,4.2126211066408976e-6,3.7881145980217035e-6,3.406707254756931e-6,3.0639855620780487e-6,2.755992482885267e-6,2.479179693644155e-6,2.2303648871247646e-6,2.006693595699071e-6,1.8056050487124265e-6,1.6248016313829273e-6,1.4622215592092088e-6,1.3160144244397367e-6,1.1845193085488583e-6,1.066245187456299e-6,9.598533861805883e-7,8.641418655785773e-7,7.780311475291038e-7,7.005517053808279e-7,6.308326652834513e-7,5.680916805064266e-7,5.116258554457449e-7,4.608036092888685e-7,4.150573809095944e-7,3.7387708705440866e-7,3.368042552214726e-7,3.0342676085059304e-7,2.733741059468153e-7,1.2315659144669947e-7
0.011423822002308903,0.017683938153936818,0.014637815018977873,0.012358563903162673,0.01055205349138627,0.009077694650535456,0.007852440751876827,0.006821486996110487,0.0059461014657722355,0.005197613495988171,0.004554083869860573,0.003998303083534119,0.003516511415485965,0.0030975401607983982,0.002732212801880761,0.0024129140900497753,0.0021332717646867297,0.0018879162687230402,0.0016722959532973272,0.0014825326879019558,0.0013153074917275909,0.0011677688670358038,0.001037458566906839,0.0009222509360705573,0.0008203029472781953,0.0007300127566230198,0.0006499851097868953,0.0005790023052816718,0.0005159997001579278,0.00046004495463405036,0.00041032037375652274,0.0003661078289902784,0.0003267758400263641,0.00029176847393862053,0.00026059577975030227,0.000232825525278999,0.00020807604252355474,0.00018601001969435673,0.00016632910412505775,0.00014876920169724656,0.00013309637604181973,0.00011910326545277105,0.00010660594765036233,9.544119275853367e-5,8.546405340418531e-5,7.654574810611451e-5,6.857180023841147e-5,6.14404000254319e-5,5.5060961457716615e-5,4.935284978492614e-5,4.424425846714854e-5,3.967121723940151e-5,3.557671531231963e-5,3.1909925792068e-5,2.8625519171229232e-5,2.568305526734428e-5,2.3046444316819972e-5,2.0683469082928064e-5,1.856536083353304e-5,1.6666422921953025e-5,1.496369645564386e-5,1.3436663205964997e-5,1.2066981490922555e-5,1.0838251267537152e-5,9.735805116299476e-6,8.746522188813797e-6,7.85866253345154e-6,7.061719510982552e-6,6.346288278853625e-6,5.703948555259061e-6,5.12716007761488e-6,4.6091693515111905e-6,4.1439264456911225e-6,3.7260107287014538e-6,3.350564568045715e-6,3.013234121371141e-6,2.7101164472723157e-6,2.4377122494679385e-6,2.1928836434867126e-6,1.9728164032198833e-6,1.7749862043695184e-6,1.5971284346871664e-6,1.4372111885820233e-6,1.293411104811166e-6,1.1640917436007545e-6,1.047784232605581e-6,9.431699401039652e-7,8.490649603072934e-7,7.644062186160548e-7,6.882390256124328e-7,6.197059266702587e-7,5.580367106836081e-7,5.025394559901048e-7,4.525925044698361e-7,4.0763726653296795e-7,3.6717176996651037e-7,3.3074487488512826e-7,2.979510852885679e-7,2.684258949934434e-7,2.4184161234209514e-7,1.0895180697808633e-7
0.010108439419907661,0.015647983001977117,0.012952705211434434,0.010935952539222443,0.009337480931768505,0.008032898710890829,0.006948727090683726,0.006036475278216269,0.005261873540081466,0.004599554193748148,0.004030105444741361,0.0035383002826121224,0.0031119640192189824,0.0027412144674839323,0.002417932107756607,0.002135378818841918,0.0018879162687230402,0.0016707933149581466,0.0014799825008020677,0.0013120523012841133,0.0011640659314195723,0.001033500240700931,0.0009181800331601944,0.0008162243966160707,0.0007260024951217022,0.0006460968988148616,0.0005752729753435212,0.0005124531980274724,0.0004566954731264061,0.0004071747752552191,0.00036316752301815414,0.0003240382373424222,0.00028922811115886325,0.00025824518706683754,0.00023065589352933187,0.00020607773332763021,0.00018417295286086424,0.00016464304904492298,0.00014722399369023224,0.0001316820741663542,0.00011781026476187289,0.00010542505612952391,9.436368100183877e-5,8.448168341211463e-5,7.565078621390737e-5,6.775701811598516e-5,6.069906686189796e-5,5.438682975972536e-5,4.874013668918246e-5,4.368762404601803e-5,3.916574093735506e-5,3.511787139558187e-5,3.149355847377293e-5,2.8247817908349897e-5,2.5340530599669777e-5,2.2735904510505197e-5,2.040199776009679e-5,1.8310295709900583e-5,1.6435335719243286e-5,1.4754374025773638e-5,1.3247089870355004e-5,1.1895322577623271e-5,1.0682837815433489e-5,9.595119703044669e-6,8.619185832374628e-6,7.743422610542803e-6,6.957438636063921e-6,6.251934083988873e-6,5.618584311286733e-6,5.049936099471225e-6,4.539315131519016e-6,4.080743460701492e-6,3.6688658700667604e-6,3.2988841452809492e-6,2.9664983943134414e-6,2.6678546436407493e-6,2.3994980274100446e-6,2.158330962260353e-6,1.941575767203453e-6,1.746741248338046e-6,1.5715928209758913e-6,1.414125788540964e-6,1.2725414398012891e-6,1.1452256623932653e-6,1.030729803905451e-6,9.277535410434974e-7,8.351295430532572e-7,7.518097390148231e-7,6.768530189326534e-7,6.094142170948641e-7,5.487342421845378e-7,4.941312333350856e-7,4.4499263422027276e-7,4.007680886904317e-7,3.6096307184940633e-7,3.2513317954475213e-7,2.928790074518302e-7,2.638415582406371e-7,2.3769812174417152e-7,2.1415857891935589e-7,9.648104279112506e-8
