0.061341554748230775,0.06920613474213755,0.045382475112792586,0.03093616710581748,0.02153287769040174,0.015191046935101926,0.010820103984512414,0.0077627279783495096,0.005601041403210993,0.004060040339325388,0.0029543475869231103,0.002156794033215094,0.0015789753769086534,0.0011587946010690117,0.0008522694866427427,0.0006280357736772046,0.00046360035168739426,0.00034275483756100907,0.00025377169249498396,0.00018813536267945925,0.00013964337276235186,0.0001037656478393126,7.71855126684819e-5,5.746937380698004e-5,4.28280768419426e-5,3.194390160669912e-5,2.3844758966875808e-5,1.7812461829507767e-5,1.3315677719738907e-5,9.960813650349698e-6,7.455965080248561e-6,5.5844056945542644e-6,4.185060409967774e-6,3.1380999539402623e-6,2.3542986031683806e-6,1.7671616558521754e-6,1.3270946512978326e-6,9.970798671055378e-7,7.494670266830489e-7,5.63588682208765e-7,4.239866875564822e-7,3.1909198729392455e-7,2.402410273091447e-7,1.8094237355712884e-7,1.363294774784876e-7,1.0275204754380818e-7,7.747071182775432e-8,5.84287137479479e-8,4.408110032709498e-8,3.326684907140158e-8,2.5113085139623017e-8,1.8963296514355408e-8,1.4323506438409005e-8,1.0821890762355263e-8,8.178467333118744e-9,6.182334727154455e-9,4.674572386398818e-9,3.535388450028634e-9,2.6744561045547702e-9,2.023644482645843e-9,1.5315486387201211e-9,1.1593717875063534e-9,8.778243789637315e-10,6.647880891516453e-10,5.035554410042856e-10,3.815027709655883e-10,2.890895448204892e-10,2.191035300677705e-10,1.660912482364259e-10,1.2592810182029201e-10,9.549382947668537e-11,7.24274135807083e-11,5.494193918317732e-11,4.168470296923383e-11,3.1631485642727836e-11,2.4006624565565014e-11,1.8222576028495083e-11,1.383420393067468e-11,1.0504198598128145e-11,7.976909794666263e-12,6.058542254527922e-12,4.602163467443632e-12,3.496352020404195e-12,2.656600701485312e-12,2.0188045550032856e-12,1.5343272759551331e-12,1.1662626794579957e-12,8.866012331439629e-13,6.740821541174728e-13,5.125649069083047e-13,3.8979428697476066e-13,2.964638064893853e-13,2.2550520717217247e-13,1.715494184003743e-13,1.3051752451467512e-13,9.931033646679053e-14,7.557276154752882e-14,5.751492173175168e-14,4.377633351820249e-14,3.3322768431425086e-14,1.268395981745622e-14
0.06920613474213755,0.07809039744875013,0.05121398795888288,0.03491491751315656,0.02430463392150395,0.017148109295947844,0.012215207348461765,0.008764439971739008,0.006324389565080107,0.004584794910282644,0.0033364962957760508,0.002435998509658803,0.0017835398335095468,0.0013090398702017177,0.0009628578330950904,0.0007095913322296404,0.0005238491621053255,0.00038733305578857007,0.0002868022275376676,0.00021264151745411814,0.00015784693601367293,0.00011730257524062305,8.726252594162386e-5,6.49780123080678e-5,4.842798858907191e-5,3.6123818632981925e-5,2.6967233960994053e-5,2.01467559305648e-5,1.5061981439159512e-5,1.1268114372591518e-5,8.43524772190348e-6,6.318419111147456e-6,4.73555235789666e-6,3.5511832057749394e-6,2.6644354174343605e-6,2.000125443440894e-6,1.502173553121439e-6,1.1287178031074938e-6,8.484868819930044e-7,6.3810478082919e-7,4.800860098492761e-7,3.6134311560505856e-7,2.72074651636779e-7,2.0493596064118567e-7,1.5442037664372383e-7,1.1639712041924361e-7,8.776597440959046e-8,6.619905758646673e-8,4.9947611438171795e-8,3.7697343926325895e-8,2.846006639577054e-8,2.149247361489953e-8,1.6235236215341684e-8,1.2267302639491979e-8,9.271595998076993e-9,7.009252520289453e-9,5.300266046808523e-9,4.008939315362354e-9,3.0329437492531742e-9,2.295089425024563e-9,1.7371314264880469e-9,1.3151069611875606e-9,9.95823632008377e-10,7.542137382154283e-10,5.713403525674536e-10,4.328941094882106e-10,3.2805957442332946e-10,2.486600618884154e-10,1.8851231267153608e-10,1.4293938801490415e-10,1.0840288471779833e-10,8.222516516273693e-11,6.237951445341017e-11,4.733157169781555e-11,3.591947611522853e-11,2.7263253044060708e-11,2.069628973726025e-11,1.571350363399217e-11,1.1932127758852002e-11,9.062035241537266e-12,6.883277587418336e-12,5.2290794740499155e-12,3.972961850780732e-12,3.0189891303121185e-12,2.294381055838525e-12,1.7439148109659107e-12,1.325682764194879e-12,1.007876957372104e-12,7.663513935679743e-13,5.827736540904982e-13,4.4322312725173344e-13,3.371277564342229e-13,2.5645742276162304e-13,1.9511191935763127e-13,1.4845649912502624e-13,1.1296935760463256e-13,8.59740331844594e-14,6.543623863271987e-14,4.980958787945813e-14,3.791843392789152e-14,1.4434439061699636e-14
0.045382475112792586,0.05121398795888288,0.033590390423536176,0.022901847014384635,0.01594338004949669,0.011249640726669285,0.008014083314021175,0.005750523968471061,0.004149844454533855,0.0030085889261677323,0.0021895916831485077,0.0015987438864755038,0.001170614625173847,0.0008592373358009067,0.0006320500329797928,0.000465828997196608,0.00034391673418532505,0.0002543082040297028,0.0001883159067702484,0.00013963077653185527,0.0001036567966082591,7.70366956475148e-5,5.731209591790351e-5,4.26789067401556e-5,3.181058038456729e-5,2.3729962878236293e-5,1.7716095051386986e-5,1.3236247147243284e-5,9.896233799473557e-6,7.404012374822384e-6,5.54295990351931e-6,4.152219361777329e-6,3.1122209644585835e-6,2.333999405268503e-6,1.7513006282308502e-6,1.314742023647172e-6,9.87486551209403e-7,7.420346490620863e-7,5.57842552075165e-7,4.1955235974830856e-7,3.1567548017085014e-7,2.3761244410391982e-7,1.7892253563473833e-7,1.3477913639451712e-7,1.0156325466173466e-7,7.655996285320852e-8,5.773153478723362e-8,4.3547792999446495e-8,3.285916011588873e-8,2.480160863262823e-8,1.8725453524112892e-8,1.4141977769363961e-8,1.0683403865378169e-8,8.072859163203913e-9,6.101829006412621e-9,4.613223054062174e-9,3.4886516540294396e-9,2.6388614358828106e-9,1.996542705939348e-9,1.51091830349076e-9,1.1436711022577427e-9,8.658778410036375e-10,6.556997749387548e-10,4.966427288397129e-10,3.7624570998876517e-10,2.850921964589103e-10,2.1606446480156238e-10,1.6378103904910926e-10,1.241721617784591e-10,9.415932918017936e-11,7.14133118930011e-11,5.417138864586689e-11,4.109926586218796e-11,3.1186730127589905e-11,2.36687724128058e-11,1.7965951375296328e-11,1.3639292051083982e-11,1.0356169107283576e-11,7.864493364916945e-12,5.973176357136371e-12,4.5373428064703575e-12,3.4471346784601154e-12,2.61923272038816e-12,1.9904345823417327e-12,1.5127896942745025e-12,1.1499128004684608e-12,8.741900694802872e-13,6.646612732610136e-13,5.054141470032886e-13,3.8436684587402483e-13,2.923445315343239e-13,2.2237891452520298e-13,1.691768319026886e-13,1.287170026422804e-13,9.794399588885396e-14,7.453594003159564e-14,5.6728177227605324e-14,4.317936931596861e-14,3.286982095080564e-14,2.5024256856620013e-14,9.526581768910867e-15
0.03093616710581748,0.03491491751315656,0.022901847014384635,0.015615529048608745,0.010871668491603287,0.007671554606893949,0.0054654640442673985,0.003922010268775242,0.002830485821488385,0.002052199901034682,0.0014936450810586165,0.0010906627816866382,0.0007986430744306681,0.0005862447899433396,0.0004312650684523238,0.00031786756654334815,0.00023469281428942224,0.00017355357414601535,0.00012852476790723398,9.530321174851621e-5,7.075394527193669e-5,5.2586825630208814e-5,3.912478571995012e-5,2.913703001022536e-5,2.1718501017206073e-5,1.6202480974456923e-5,1.2097026139103824e-5,9.038608843741784e-6,6.7582263208544645e-6,5.0565689630735955e-6,3.785789878520357e-6,2.83609637760119e-6,2.125871478666064e-6,1.594384881558907e-6,1.1964069735247453e-6,8.982237713285074e-7,6.746847897352088e-7,5.070135996266319e-7,3.8118229536154213e-7,2.8670342003984386e-7,2.1573129232247128e-7,1.6239289857959436e-7,1.2228928925461226e-7,9.212373531035282e-8,6.942420916347669e-8,5.233611455096152e-8,3.946737741331908e-8,2.977259490323117e-8,2.2466340749844255e-8,1.6958250636513674e-8,1.2804388237794168e-8,9.6707888553361e-9,7.306117179332095e-9,5.521150337960682e-9,4.173375041350181e-9,3.1554186956076216e-9,2.3863562706992693e-9,1.805175256743986e-9,1.3658609108184876e-9,1.033698574363692e-9,7.824905878224861e-10,5.924607950532855e-10,4.4867618682645616e-10,3.3985764144302106e-10,2.5748353585280745e-10,1.9511388027296513e-10,1.478805608586773e-10,1.1210274589873192e-10,8.499663557383568e-11,6.445634767011457e-11,4.88884575733298e-11,3.7087019518296214e-11,2.8139139459074196e-11,2.1353612285964584e-11,1.6206975973019023e-11,1.2302721663072592e-11,9.340443812539975e-12,7.0925025813116524e-12,5.386365080179091e-12,4.0912406009326665e-12,3.1079634615070533e-12,2.3613326581833405e-12,1.7943105109904561e-12,1.3636282679884622e-12,1.036456785341578e-12,7.878836476478887e-13,5.990010252238226e-13,4.554561520219961e-13,3.4635229844961246e-13,2.634153412211223e-13,2.0036163454426062e-13,1.5241848010363955e-13,1.159602972256217e-13,8.823253231161116e-14,6.714211542429436e-14,5.109839908035907e-14,3.8892398879537635e-14,2.960509919471313e-14,2.2537818167772614e-14,1.71593175195121e-14,6.532812487036838e-15
0.02153287769040174,0.02430463392150395,0.01594338004949669,0.010871668491603287,0.007569448163830539,0.00534169708671077,0.003805838227625341,0.0027312350933144172,0.0019712339011059704,0.0014293001816628771,0.0010403456069117654,0.0007597085398355144,0.0005563337489592219,0.00040840186771131347,0.00030045466397927816,0.0002214658330776621,0.00016352572127334994,0.00012093319461582794,8.956212713758264e-5,6.641568332308259e-5,4.9310481134711825e-5,3.6651431456988476e-5,2.727038714363879e-5,2.0309998940623998e-5,1.5139784706270183e-5,1.1295268288352424e-5,8.433712206595476e-6,6.301832091842077e-6,4.712192197836888e-6,3.525909666378361e-6,2.6399560068564892e-6,1.977816802438584e-6,1.4826100253409886e-6,1.1120079784757518e-6,8.344848169662353e-7,6.265399618582412e-7,4.706410898234978e-7,3.5369847082999854e-7,2.659321897832548e-7,2.0003023335225694e-7,1.50522165266767e-7,1.1331276970020475e-7,8.533451373762e-8,6.42883498936828e-8,4.8450257713917186e-8,3.652674780758432e-8,2.754686273141846e-8,2.07814038075563e-8,1.5682482854978218e-8,1.1838257623300188e-8,8.939017742195263e-9,6.751761093889274e-9,5.10112505648167e-9,3.855076977868636e-9,2.9141708731441772e-9,2.203477821223271e-9,1.66652193947189e-9,1.2607215128563548e-9,9.539602539558039e-10,7.220075002425266e-10,5.465764010755255e-10,4.1386176873105767e-10,3.134387066036278e-10,2.3743270227436257e-10,1.798940614085829e-10,1.3632621319224007e-10,1.0332992498929201e-10,7.833486016954578e-11,5.939697555271577e-11,4.504556528211652e-11,3.416775256235253e-11,2.5921236731222196e-11,1.966836609187138e-11,1.4926311090634816e-11,1.1329396258579543e-11,8.600616818540835e-12,6.530095208951263e-12,4.958782767520685e-12,3.766126692979402e-12,2.8607354556499538e-12,2.173312111475231e-12,1.6513033688496819e-12,1.2548469854738412e-12,9.537018456711055e-13,7.249219727713012e-13,5.510938551803612e-13,4.1900040685306693e-13,3.1860811204556534e-13,2.4229903718714896e-13,1.8428840751595904e-13,1.401828345942243e-13,1.0664517161276183e-13,8.114021809725708e-14,6.174173869816152e-14,4.698598906997395e-14,3.576052360788183e-14,2.7219773662248042e-14,2.0720941423929723e-14,1.5775313482203498e-14,1.2011279802977521e-14,4.573119953111603e-15
0.015191046935101926,0.017148109295947844,0.011249640726669285,0.007671554606893949,0.00534169708671077,0.003769827706075299,0.0026860824110799195,0.0019277669474908957,0.001391424955173394,0.0010089532761613715,0.00073443108320961,0.0005363472747797159,0.0003927896232259632,0.00028836180418950405,0.0002121554906721777,0.00015638938694399925,0.00011548132166502249,8.540754648992711e-5,6.325576207900029e-5,4.6910627047938255e-5,3.4830897494073326e-5,2.5890541489448967e-5,1.9264875268887977e-5,1.434859723257445e-5,1.0696552642900932e-5,7.98077778651205e-6,5.95925440311846e-6,4.453120082944151e-6,3.3300055326905407e-6,2.491824621316083e-6,1.8658093540269236e-6,1.3979153636562825e-6,1.0479629856896558e-6,7.860516184283145e-7,5.899099371579157e-7,4.429351210224763e-7,3.327401519356672e-7,2.500763032230302e-7,1.8803306218810824e-7,1.4144345737182377e-7,1.0644163940435226e-7,8.013344113099741e-8,6.035085959194456e-8,4.5468935898768764e-8,3.426907160332671e-8,2.5836932807885056e-8,1.9486137550043172e-8,1.4701178043482361e-8,1.1094703046676957e-8,8.37552852739366e-9,6.32466865457323e-9,4.777366486635603e-9,3.6096155258462562e-9,2.7280447115953805e-9,2.062323867584702e-9,1.5594589068352415e-9,1.179504645963934e-9,8.92341570007859e-10,6.752514972957334e-10,5.110933982453733e-10,3.869302635038481e-10,2.9299510570777516e-10,2.2191205276839354e-10,1.6810939370878807e-10,1.273771214481112e-10,9.653328965747511e-11,7.317234207764252e-11,5.547521532882392e-11,4.2066009302137755e-11,3.1903773757245117e-11,2.420078417705172e-11,1.836080548319822e-11,1.3932442425781318e-11,1.0573880591306428e-11,8.026229909056563e-12,6.093366784254171e-12,4.626686842635165e-12,3.513569291279563e-12,2.668647365618099e-12,2.027200784346316e-12,1.5401532888394432e-12,1.1702845525373397e-12,8.893610667093561e-13,6.759626180921074e-13,5.138353898872185e-13,3.9064384727423616e-13,2.970246645030907e-13,2.258694666995671e-13,1.717809468935786e-13,1.3066037685500946e-13,9.939471455945388e-14,7.561922007444802e-14,5.75373279149098e-14,4.3783943490876076e-14,3.332167870652328e-14,2.536207762526133e-14,1.9305804599764074e-14,1.469722345326696e-14,1.1189900094483492e-14,8.520397789166045e-15,3.2441844296879517e-15
0.010820103984512414,0.012215207348461765,0.008014083314021175,0.0054654640442673985,0.003805838227625341,0.0026860824110799195,0.0019140068509066605,0.001373740442364102,0.0009915981060250288,0.000719072196196999,0.0005234532014839442,0.00038229455404313,0.00027998652568632636,0.00020556058096389985,0.0001512450781261769,0.00011149593357758945,8.23357004910224e-5,6.089719520559894e-5,4.510510150191607e-5,3.345193658554836e-5,2.4839284216704558e-5,1.8464598298964453e-5,1.3740077648377353e-5,1.0234264215989173e-5,7.62983503904284e-6,5.692992521055725e-6,4.251198120620899e-6,3.176931106163198e-6,2.375813061467657e-6,1.7779054179096058e-6,1.3313194235696679e-6,9.975155040818764e-7,7.478395824891569e-7,5.609669229843898e-7,4.210130320638448e-7,3.16135699477942e-7,2.374992204887956e-7,1.785060878146456e-7,1.342264743880957e-7,1.0097416290980406e-7,7.599103295411302e-8,5.721210711286443e-8,4.309044016945382e-8,3.246650534987199e-8,2.4470697038527235e-8,1.8450501258710624e-8,1.3916055601554955e-8,1.0499428791109487e-8,7.924143433847339e-9,5.982351745727287e-9,4.517732843864179e-9,3.4126703458590897e-9,2.5786340155573965e-9,1.9489612097431427e-9,1.4734367542427736e-9,1.1142212976248488e-9,8.427912840932715e-10,6.376382114777606e-10,4.825380518954423e-10,3.6524901560446803e-10,2.7653125574528475e-10,2.094086457613189e-10,1.5861265004613202e-10,1.20163224213876e-10,9.105287316166605e-11,6.900839664189369e-11,5.231116191681053e-11,3.966148404941329e-11,3.007625821435027e-11,2.281166837694047e-11,1.730481285189909e-11,1.3129604618229402e-11,9.963446665269025e-12,7.562043038952317e-12,5.740354505418904e-12,4.3581963138326e-12,3.309343889461317e-12,2.5132900839026668e-12,1.9090071809716004e-12,1.4502250099074907e-12,1.1018558998960337e-12,8.372873531988949e-13,6.363313996363467e-13,4.836710321781198e-13,3.676829954484827e-13,2.795455814334019e-13,2.125623023232581e-13,1.6164911172066754e-13,1.2294555446993605e-13,9.351984161398489e-14,7.114512434022993e-14,5.4129749661385e-14,4.11884514234327e-14,3.1344588816924717e-14,2.3855937037801866e-14,1.815834725650399e-14,1.382296651251414e-14,1.0523749073517434e-14,8.012779861814175e-15,6.101528808020781e-15,2.3233043268095938e-15
0.0077627279783495096,0.008764439971739008,0.005750523968471061,0.003922010268775242,0.0027312350933144172,0.0019277669474908957,0.001373740442364102,0.0009860332394288004,0.0007117836092139871,0.0005161905010620631,0.00037578584500407974,0.0002744641114119121,0.00020102466669025872,0.00014759671943352648,0.0001086032100095953,8.006540145736219e-5,5.912870913073859e-5,4.373526628710233e-5,3.239547421161524e-5,2.4027249576428187e-5,1.7842097891418017e-5,1.3263883028048317e-5,9.870608335610902e-6,7.352502957291097e-6,5.48172849473361e-6,4.090408839201476e-6,3.05464767293874e-6,2.282870089203055e-6,1.707297616380585e-6,1.2777007140916984e-6,9.56811128364222e-7,7.169469480785169e-7,5.375256370043072e-7,4.0322858340527206e-7,3.0264455942185103e-7,2.2726580951851915e-7,1.7074419174150684e-7,1.2833937709731023e-7,9.6509081141113e-8,7.260446347663342e-8,5.464348981540767e-8,4.114215198138987e-8,3.098866975617011e-8,2.3349654111483693e-8,1.760005859985756e-8,1.3270850975218968e-8,1.0009895669819822e-8,7.552692880847438e-9,5.700477061189304e-9,4.303814119827101e-9,3.250309814881021e-9,2.4553938940918022e-9,1.8554067220243866e-9,1.4024105382652776e-9,1.0602932347604008e-9,8.018413253853196e-10,6.065400350881668e-10,4.5891916727427003e-10,3.473088284868965e-10,2.629030804553899e-10,1.990550410146836e-10,1.5074602427281652e-10,1.1418560430114753e-10,8.651020708269347e-11,6.555587972397312e-11,4.968692499837884e-11,3.7666625067178124e-11,2.855968640848964e-11,2.1658600072577834e-11,1.6428038145277246e-11,1.2462856898776425e-11,9.456368132106491e-12,7.1763616587348525e-12,5.446980606776108e-12,4.135017375416216e-12,3.139549453257022e-12,2.3840992242712016e-12,1.8107016904664132e-12,1.3754147814993774e-12,1.0449206840195434e-12,7.93952501860011e-13,6.033454065677499e-13,4.585604203916438e-13,3.4856598098433114e-13,2.6499040558189585e-13,2.0147951424356485e-13,1.5320965754911736e-13,1.1651848455110427e-13,8.862493279830873e-14,6.741684290656711e-14,5.128983781299919e-14,3.9025071905384114e-14,2.969645736364101e-14,2.2600248690916976e-14,1.7201588668010958e-14,1.3093923795391264e-14,9.968186091521944e-15,7.58938755283482e-15,5.778841714213701e-15,4.400657521721049e-15,1.6757387014155187e-15
0.005601041403210993,0.006324389565080107,0.004149844454533855,0.002830485821488385,0.0019712339011059704,0.001391424955173394,0.0009915981060250288,0.0007117836092139871,0.0005138419775281376,0.00037266325201854803,0.00027131372771626184,0.0001981716640824683,0.00014515428156870128,0.000106581442711055,7.842812537482832e-5,5.7822683322768936e-5,4.270471676443878e-5,3.158880734278077e-5,2.3399669355003564e-5,1.735614569257633e-5,1.2888991010847456e-5,9.582247672470942e-6,7.131227094493963e-6,5.312257635227421e-6,3.9608186210920114e-6,2.9556812985799584e-6,2.207371365500364e-6,1.649752571850382e-6,1.233872066076998e-6,9.234497420142849e-7,6.915658206895242e-7,5.182239126567172e-7,3.885551654748728e-7,2.914928064425197e-7,2.1879247554717677e-7,1.6430718242534762e-7,1.2345005014186577e-7,9.279575325735099e-8,6.978452938364118e-8,5.250214531334499e-8,3.951617232843587e-8,2.9754052103538865e-8,2.241220984934378e-8,1.6888255442738097e-8,1.273036932644909e-8,9.599490316586276e-9,7.241048032761508e-9,5.463816931668753e-9,4.1240879363254556e-9,3.113813406525344e-9,2.351722990649022e-9,1.7766622270777754e-9,1.3425951688169924e-9,1.0148534751336612e-9,7.673197119350389e-10,5.80311202232333e-10,4.389894790806534e-10,3.3216427763565296e-10,2.5139382525275773e-10,1.9030775284916866e-10,1.4409734467637139e-10,1.0913162555973752e-10,8.266811601290444e-11,6.26348345689218e-11,4.746594150311089e-11,3.5977783705018426e-11,2.7275379495303637e-11,2.0681846178281946e-11,1.568512551246783e-11,1.1897755403485063e-11,9.02648428991598e-12,6.849313623020797e-12,5.198147874115191e-12,3.9456789429853775e-12,2.9954689901022906e-12,2.2744498403596144e-12,1.7272487208480227e-12,1.3118946188629829e-12,9.965685873372442e-13,7.571436209560471e-13,5.753218539090911e-13,4.372237463964157e-13,3.323193664758973e-13,2.5261865025295754e-13,1.9205776096262648e-13,1.460339661282462e-13,1.1105302020823777e-13,8.446178986578345e-14,6.424547822552745e-14,4.8873813405438394e-14,3.7184357629772946e-14,2.829396327884895e-14,2.1531575399682333e-14,1.638722610755769e-14,1.2473313125021528e-14,9.495199375268147e-15,7.228886456428605e-15,5.504057453630106e-15,4.1911959236743925e-15,3.191799819506594e-15,1.21547284247592e-15
0.004060040339325388,0.004584794910282644,0.0030085889261677323,0.002052199901034682,0.0014293001816628771,0.0010089532761613715,0.000719072196196999,0.0005161905010620631,0.00037266325201854803,0.0002702889647754319,0.00019679229717610956,0.00014374816630795652,0.00010529673488204536,7.731981839179027e-5,5.689906535967775e-5,4.195227403238201e-5,3.098539125157105e-5,2.292124237020818e-5,1.6980025888933023e-5,1.259521365571249e-5,9.353943070067219e-6,6.9545121712738045e-6,5.175912855667146e-6,3.8558946640129e-6,2.8751086804992674e-6,2.1456067729018824e-6,1.6024743584954252e-6,1.197726330245083e-6,8.95843107642963e-7,6.704989080734577e-7,5.021590149665652e-7,3.763120031440927e-7,2.8216694549374935e-7,2.1169181621910792e-7,1.5890272233077378e-7,1.1933784290100431e-7,8.966759839828755e-8,6.74054410219745e-8,5.069306464121372e-8,3.8140724474547696e-8,2.8708414651381427e-8,2.161737053777274e-8,1.6284101214141243e-8,1.2271177145515838e-8,9.250489656679425e-9,6.975801836669038e-9,5.262227139209349e-9,3.970877263219717e-9,2.9973700554338354e-9,2.263221793417872e-9,1.709396240207062e-9,1.2914674314727118e-9,9.75990617354271e-10,7.377782407412212e-10,5.57854261622698e-10,4.219171895449355e-10,3.1918480444570496e-10,2.4152540322769584e-10,1.828042374659749e-10,1.3839164151318904e-10,1.0479270507327162e-10,7.936835109569709e-11,6.012518161687103e-11,4.555708109498356e-11,3.452578946122888e-11,2.617082751420852e-11,1.9841538730197203e-11,1.5045801161212708e-11,1.1411308552177175e-11,8.656331734272546e-12,6.5676327490277735e-12,4.9837772724967726e-12,3.7825224628870726e-12,2.871282427888468e-12,2.17991846524982e-12,1.655285874906203e-12,1.2571083733516968e-12,9.54856160925328e-13,7.253829326334246e-13,5.511369305552354e-13,4.1880628847899066e-13,3.1829301840676344e-13,2.419357474936436e-13,1.8392077719279798e-13,1.398357473507892e-13,1.0633130934812073e-13,8.08646223235644e-14,6.150484776398789e-14,4.678563030457209e-14,3.5593194541252054e-14,2.708144421754026e-14,2.0607537147656594e-14,1.568298956726637e-14,1.1936560565562793e-14,9.086074026806556e-15,6.917022575123073e-15,5.266318727970328e-15,4.009953161165686e-15,3.053619230288916e-15,2.3255898081212473e-15,8.856522969316246e-16
0.0029543475869231103,0.0033364962957760508,0.0021895916831485077,0.0014936450810586165,0.0010403456069117654,0.00073443108320961,0.0005234532014839442,0.00037578584500407974,0.00027131372771626184,0.00019679229717610956,0.00014328881165415848,0.00010467205518011492,7.667741435763657e-5,5.6307646555814545e-5,4.143864706792461e-5,3.0554819603614814e-5,2.2568613975100678e-5,1.669589306662944e-5,1.236896503312878e-5,9.175378420929865e-6,6.814539668263859e-6,5.066776588518937e-6,3.7711625359133867e-6,2.8095489269882755e-6,2.09502293380988e-6,1.5635351908894002e-6,1.1678083320776621e-6,8.728929154276978e-7,6.529172772582307e-7,4.887053060904035e-7,3.660268653608639e-7,2.7431050191512163e-7,2.05694704868273e-7,1.5432760028527234e-7,1.1584929087633869e-7,8.700870069555337e-8,6.537962819369573e-8,4.915007933564841e-8,3.696580162783581e-8,2.781395742936565e-8,2.0936557689092145e-8,1.5765985024742768e-8,1.1876929180508917e-8,8.950528639702384e-9,6.747598406656732e-9,5.088627280801504e-9,3.838822724754161e-9,2.8969223166893576e-9,2.186817941687102e-9,1.6512818933522421e-9,1.247264741025625e-9,9.42369277722785e-10,7.122050100343965e-10,5.384023009838557e-10,4.0712096319645033e-10,3.079296709841131e-10,2.329636152777392e-10,1.7629104033261025e-10,1.3343666603409637e-10,1.0102299687870536e-10,7.650025211796884e-11,5.7942945180673096e-11,4.389660856889143e-11,3.3262262116898997e-11,2.5209300738313335e-11,1.9109789054936632e-11,1.4488886493984827e-11,1.0987431212599508e-11,8.333692213156066e-12,6.322036867305331e-12,4.7968162736791e-12,3.6401888071920565e-12,2.762916935917409e-12,2.097409458119773e-12,1.5924599689200095e-12,1.209267041308891e-12,9.184231638372399e-13,6.976360837798416e-13,5.300040087330331e-13,4.027097502182774e-13,3.0603183412956526e-13,2.325954811399317e-13,1.768051545541535e-13,1.3441457464096266e-13,1.0220083302868104e-13,7.771735635824362e-14,5.910660569501835e-14,4.4958040658391886e-14,3.420038962405029e-14,2.6019925525113157e-14,1.9798458818549378e-14,1.5066282578710587e-14,1.1466458289359223e-14,8.727704707008383e-15,6.643814159905657e-15,5.058022264171792e-15,3.851137221266378e-15,2.932523051875979e-15,2.233249625248139e-15,1.7008880422544756e-15,6.47777802815249e-16
0.002156794033215094,0.002435998509658803,0.0015987438864755038,0.0010906627816866382,0.0007597085398355144,0.0005363472747797159,0.00038229455404313,0.0002744641114119121,0.0001981716640824683,0.00014374816630795652,0.00010467205518011492,7.646687106128091e-5,5.6018824170627054e-5,4.113938001967191e-5,3.027747532642199e-5,2.2326334930394918e-5,1.6491726466283168e-5,1.2200968924183615e-5,9.03943681756383e-6,6.705872004588055e-6,4.98070687398576e-6,3.7034742004613295e-6,2.756613353794978e-6,2.053809559230039e-6,1.5315643596536577e-6,1.1430808878763284e-6,8.538147273816899e-7,6.382278447385508e-7,4.774144792789089e-7,3.5736092795824455e-7,2.6766741516813186e-7,2.0060763151121877e-7,1.5043557333656605e-7,1.1287386613627243e-7,8.473551789238817e-8,6.364393897096472e-8,4.782544520673551e-8,3.5955303252072896e-8,2.7043379951087912e-8,2.0349122536401175e-8,1.5318286642314173e-8,1.1535807204444788e-8,8.690664126835382e-9,6.5496691041588006e-9,4.937893618855476e-9,3.7240450793221526e-9,2.809532668404723e-9,2.1202866431879506e-9,1.600633908782742e-9,1.2087102866566269e-9,9.130219494699783e-10,6.898667680924827e-10,5.213995146789587e-10,3.9417943096354684e-10,2.980793769221656e-10,2.254661644948646e-10,1.7058438434661917e-10,1.2909300602461835e-10,9.771672790229774e-11,7.398355647320495e-11,5.602721167052748e-11,4.243828828416834e-11,3.2152102226404476e-11,2.4364150018099628e-11,1.8466361132147843e-11,1.3999013257599005e-11,1.0614450436151062e-11,8.049698407493579e-12,6.105789098045625e-12,4.632145949518795e-12,3.514787953677544e-12,2.6674160197803927e-12,2.024675560428501e-12,1.5370626439630204e-12,1.1670717862612672e-12,8.862820025705305e-13,6.731520578072729e-13,5.113519155308913e-13,3.884996898284375e-13,2.9520533699938856e-13,2.243464343653602e-13,1.7051960337012055e-13,1.2962489148208624e-13,9.855082334512814e-14,7.493568999823632e-14,5.698658641452274e-14,4.334220094324273e-14,3.296875930447942e-14,2.508109757908929e-14,1.9082785055509582e-14,1.4520691161835843e-14,1.1050506309416426e-14,8.410571314529386e-15,6.402010019507818e-15,4.8736445872519344e-15,3.710540352553205e-15,2.825305591703927e-15,2.151482677386037e-15,1.6385271518620036e-15,1.247992640982996e-15,4.753158020798246e-16
0.0015789753769086534,0.0017835398335095468,0.001170614625173847,0.0007986430744306681,0.0005563337489592219,0.0003927896232259632,0.00027998652568632636,0.00020102466669025872,0.00014515428156870128,0.00010529673488204536,7.667741435763657e-5,5.6018824170627054e-5,4.104105157581471e-5,3.0141574204895134e-5,2.218459113520298e-5,1.6359600036099445e-5,1.2084946885953883e-5,8.941208610617273e-6,6.624703958938637e-6,4.914773103620104e-6,3.6505830002164563e-6,2.71458547379547e-6,2.0206585453202156e-6,1.5055668857144364e-6,1.1227882835141816e-6,8.38035186649907e-7,6.259959680311041e-7,4.6795725217419227e-7,3.5006484433032103e-7,2.620489331663121e-7,1.9628774736049198e-7,1.471185498301449e-7,1.103297851303469e-7,8.278617430377768e-8,6.215155976230737e-8,4.668374327436659e-8,3.508243002517191e-8,2.6376403310348455e-8,1.983971871049884e-8,1.492939122914068e-8,1.1239019536744849e-8,8.464240541925445e-9,6.3769747778648354e-9,4.806210319347572e-9,3.6236544214442162e-9,2.7330121336927018e-9,2.0619695983351492e-9,1.556195823560867e-9,1.1748519266463327e-9,8.872269956047257e-10,6.702164974528676e-10,5.064311888216945e-10,3.8277813634212273e-10,2.893954506376492e-10,2.1885217675435226e-10,1.6554706161665983e-10,1.2525656308788593e-10,9.479490843637635e-11,7.175831850391827e-11,5.4332481766156796e-11,4.114758112323122e-11,3.116908718285495e-11,2.361546413180227e-11,1.7896134098509006e-11,1.3564696981363847e-11,1.0283642532718982e-11,7.797722912619276e-12,5.913853972336092e-12,4.48593991530429e-12,3.4034119397524304e-12,2.5825694385958362e-12,1.9600366524551616e-12,1.4878166091031995e-12,1.129551455350015e-12,8.576942072569825e-13,6.513692579797317e-13,4.947535188477114e-13,3.758512108537621e-13,2.8556637050597084e-13,2.1700057038747926e-13,1.6492105103844637e-13,1.2535782684184621e-13,9.529842700554938e-14,7.245656410530949e-14,5.509679154864177e-14,4.1901573178895495e-14,3.1870487145368146e-14,2.424378180392108e-14,1.844438974630309e-14,1.4033935278565008e-14,1.067935258831901e-14,8.127551082712866e-15,6.186184819006501e-15,4.709052946536738e-15,3.585014182090745e-15,2.7295681997921827e-15,2.078461365953623e-15,1.5828293191212088e-15,1.2055064792362817e-15,9.182217461340458e-16,3.497336450153335e-16
0.0011587946010690117,0.0013090398702017177,0.0008592373358009067,0.0005862447899433396,0.00040840186771131347,0.00028836180418950405,0.00020556058096389985,0.00014759671943352648,0.000106581442711055,7.731981839179027e-5,5.6307646555814545e-5,4.113938001967191e-5,3.0141574204895134e-5,2.213792698057258e-5,1.6294682484159278e-5,1.201684612424413e-5,8.877400399880396e-6,6.568412804145801e-6,4.866914821867216e-6,3.6108854851142294e-6,2.6822259501946565e-6,1.9946167636700177e-6,1.484812484570445e-6,1.1063725542835818e-6,8.251289050335926e-7,6.158978709452096e-7,4.600875034205901e-7,3.4395170779255163e-7,2.573132254518515e-7,1.9262749010289126e-7,1.4429499223880874e-7,1.0815525900667641e-7,8.111385798604199e-8,6.086703139670901e-8,4.5698116935193606e-8,3.4326842235000605e-8,2.57976237545147e-8,1.9396680532343163e-8,1.4590463787535089e-8,1.0979874654688761e-8,8.266189458246677e-9,6.225676082646098e-9,4.6906687963779936e-9,3.5354470560883166e-9,2.6656908942768776e-9,2.0106013784970157e-9,1.517008548726901e-9,1.1449626607925631e-9,8.644332711811874e-10,6.52836316151001e-10,4.931804406824245e-10,3.726767531638068e-10,2.816956027784387e-10,2.1298336571436499e-10,1.6107415293971782e-10,1.218477234749404e-10,9.219711881099337e-11,6.977867913052818e-11,5.2823943499074084e-11,3.999805766967547e-11,3.0293149094295005e-11,2.2948003587049434e-11,1.7387533696535056e-11,1.3177146041423493e-11,9.98832871477522e-12,7.572691406536616e-12,5.74237573362746e-12,4.355268008727628e-12,3.3038337487134973e-12,2.5066843975877976e-12,1.9022058678885755e-12,1.4437434784609241e-12,1.0959621156507258e-12,8.320940553093402e-13,6.318574364061476e-13,4.798815693794255e-13,3.6451538012336194e-13,2.769255563412469e-13,2.1041380367922977e-13,1.5989986170754813e-13,1.2152994995739592e-13,9.238014885817828e-14,7.023165109629677e-14,5.340043454757086e-14,4.060815324319162e-14,3.0884252856414796e-14,2.349174507940943e-14,1.7870912050966767e-14,1.3596601875817245e-14,1.0345828283674983e-14,7.873183881746497e-15,5.992179530519625e-15,4.561079124138834e-15,3.472145072127391e-15,2.643471957504014e-15,2.0127845373041368e-15,1.5327268634608327e-15,1.1672834868994907e-15,8.890602939303072e-16,6.77218194667708e-16,2.5795134916440375e-16
0.0008522694866427427,0.0009628578330950904,0.0006320500329797928,0.0004312650684523238,0.00030045466397927816,0.0002121554906721777,0.0001512450781261769,0.0001086032100095953,7.842812537482832e-5,5.689906535967775e-5,4.143864706792461e-5,3.027747532642199e-5,2.218459113520298e-5,1.6294682484159278e-5,1.1994390626290355e-5,8.845981180847373e-6,6.535283640237441e-6,4.8357305827419715e-6,3.5832601170723003e-6,2.658649891944453e-6,1.9749929752732395e-6,1.46876508272677e-6,1.0934201836259248e-6,8.147781895343327e-7,6.076902305683096e-7,4.536193135347618e-7,3.388797226833762e-7,2.533523047895615e-7,1.895447133043088e-7,1.4190246707850092e-7,1.0630286984464418e-7,7.968257495358858e-8,5.976304315846581e-8,4.4847850706217655e-8,3.367283080434736e-8,2.5295130827130013e-8,1.901097875335106e-8,1.4294659852691938e-8,1.075318446447414e-8,8.092578367566e-9,6.092792197598043e-9,4.589009533930575e-9,3.4577101476466014e-9,2.6062704474371774e-9,1.9651975146794315e-9,1.482325639977117e-9,1.1184764682833825e-9,8.442115266502179e-10,6.374006634085188e-10,4.814003249049653e-10,3.636879469625049e-10,2.74837704018098e-10,2.0775188643924862e-10,1.5708381816061884e-10,1.188043739335605e-10,8.987621210088281e-11,6.800884733928164e-11,5.147442334021577e-11,3.896908458913089e-11,2.9508618865623315e-11,2.2349867772155976e-11,1.6931520410626013e-11,1.2829493373720544e-11,9.723291670704678e-12,7.370639542543327e-12,5.588341756492209e-12,4.237840591898235e-12,3.2143130325839202e-12,2.4384379195084278e-12,1.8501773986698526e-12,1.404078494675928e-12,1.0657222299557627e-12,8.090392884513562e-13,6.142802221787695e-13,4.664802059754897e-13,3.5429755720123733e-13,2.6913481192291837e-13,2.044734621035109e-13,1.5537029803344004e-13,1.1807601331082315e-13,8.974632992613964e-14,6.822315280359832e-14,5.186874259096925e-14,3.944003669496566e-14,2.9993379377215625e-14,2.281228915900542e-14,1.7352682458755187e-14,1.320132716836708e-14,1.0044325071450879e-14,7.643198019410697e-15,5.816740277147814e-15,4.427244350467566e-15,3.370044576902734e-15,2.5655780473276877e-15,1.9533558663896903e-15,1.4873843649255774e-15,1.132687012459313e-15,8.6266203755743985e-16,6.570746607454517e-16,5.00531309035799e-16,1.9065997295898475e-16
0.0006280357736772046,0.0007095913322296404,0.000465828997196608,0.00031786756654334815,0.0002214658330776621,0.00015638938694399925,0.00011149593357758945,8.006540145736219e-5,5.7822683322768936e-5,4.195227403238201e-5,3.0554819603614814e-5,2.2326334930394918e-5,1.6359600036099445e-5,1.201684612424413e-5,8.845981180847373e-6,6.5243454293862876e-6,4.820347911819645e-6,3.5669658326698765e-6,2.64324855533643e-6,1.961297810258737e-6,1.4570370235693467e-6,1.0836272750646371e-6,8.067466131114185e-7,6.011901523385855e-7,4.484118086902432e-7,3.347407414185044e-7,2.5008336174678537e-7,1.8697613780501568e-7,1.3989269688118606e-7,1.0473583230530582e-7,7.846432479439995e-8,5.881829880686671e-8,4.411675775490079e-8,3.310809873519177e-8,2.48595863672052e-8,1.8675524341743987e-8,1.4036599115358883e-8,1.0554866258896806e-8,7.940309627499384e-9,5.975973088677383e-9,4.499449776352409e-9,3.3890913229244197e-9,2.5537249081487986e-9,1.924979778686953e-9,1.4515567214224506e-9,1.0949454608206482e-9,8.262219526412016e-10,6.236517113999031e-10,4.708952019563891e-10,3.5566325457383005e-10,2.687090816977568e-10,2.030722208117278e-10,1.5351114316893175e-10,1.160772353663476e-10,8.779477464769575e-11,6.642041503746213e-11,5.026234885251387e-11,3.804427856180097e-11,2.8803052769476775e-11,2.1811604221262615e-11,1.6520913225096074e-11,1.2516282999145812e-11,9.484385628502525e-12,7.1884167880764956e-12,5.449357578530962e-12,4.131837640230282e-12,3.1334662524586286e-12,2.376778163502979e-12,1.8031514975473866e-12,1.3682135239213495e-12,1.038369322745046e-12,7.881781671883072e-13,5.98370070961218e-13,4.543459062831012e-13,3.450429068577251e-13,2.620763310398401e-13,1.9908990463503755e-13,1.5126414417898652e-13,1.1494410072092573e-13,8.735745547809982e-14,6.640099091424913e-14,5.0478818312688157e-14,3.837979123062734e-14,2.918459396683351e-14,2.219530749946784e-14,1.6882004700933275e-14,1.2842249868911422e-14,9.770378784980556e-15,7.434193158778233e-15,5.6572768355644206e-15,4.305575359476093e-15,3.2772093229839046e-15,2.494741008135796e-15,1.8993025312546875e-15,1.4461366998265146e-15,1.1012101701476065e-15,8.386406560538255e-16,6.387422348525897e-16,4.865400397132627e-16,3.706414622317851e-16,1.4118908697677025e-16
0.00046360035168739426,0.0005238491621053255,0.00034391673418532505,0.00023469281428942224,0.00016352572127334994,0.00011548132166502249,8.23357004910224e-5,5.912870913073859e-5,4.270471676443878e-5,3.098539125157105e-5,2.2568613975100678e-5,1.6491726466283168e-5,1.2084946885953883e-5,8.877400399880396e-6,6.535283640237441e-6,4.820347911819645e-6,3.56158016951573e-6,2.6356399969846526e-6,1.95320509413847e-6,1.4493590982263464e-6,1.076776502857776e-6,8.008613784958367e-7,5.962617241285154e-7,4.443589353976508e-7,3.314525024075228e-7,2.4744287994273725e-7,1.848728943011768e-7,1.3822818605054095e-7,1.0342544058742084e-7,7.743716945840739e-8,5.8016055989476595e-8,4.34920753322881e-8,3.262292580612322e-8,2.4483592809158423e-8,1.8384690725318815e-8,1.381200405755706e-8,1.0381669358914843e-8,7.806913648226467e-9,5.873343017495733e-9,4.420565097454801e-9,3.328509029143752e-9,2.5072331463884645e-9,1.8893247997371904e-9,1.4242285731586444e-9,1.0740104093575636e-9,8.101918523292788e-10,6.113824479287066e-10,4.6150791800623936e-10,3.4848336725027456e-10,2.632191537900886e-10,1.9887559268380077e-10,1.5030390485025933e-10,1.1362665082134353e-10,8.592268959797041e-11,6.49905085767125e-11,4.917034610265857e-11,3.721044186200684e-11,2.8166424542519092e-11,2.132559532024317e-11,1.61499239965923e-11,1.2233116459211496e-11,9.26826784579993e-12,7.023482482631762e-12,5.323491978835822e-12,4.0357910432041215e-12,3.0601772470464006e-12,2.32085646414895e-12,1.7604828264880452e-12,1.3356577951738272e-12,1.0135301341759336e-12,7.692267793710289e-13,5.83911011068042e-13,4.433143658417537e-13,3.366264201177392e-13,2.5565499364300964e-13,1.9419074745620478e-13,1.475263131549596e-13,1.1209228513046994e-13,8.51816118301105e-14,6.474087157150669e-14,4.921216679529647e-14,3.7413335500930386e-14,2.8447174725181086e-14,2.1632635512554678e-14,1.6452661052010713e-14,1.251463450906512e-14,9.520382573313196e-15,7.243421869184602e-15,5.511696258963374e-15,4.194477659914775e-15,3.192424473149673e-15,2.430035192246812e-15,1.8499191821630803e-15,1.4084463488559885e-15,1.0724433089141384e-15,8.166839270475261e-16,6.219829353209877e-16,4.737474841213714e-16,3.6087646457071324e-16,2.7492398340117164e-16,1.0473175361005125e-16
0.00034275483756100907,0.00038733305578857007,0.0002543082040297028,0.00017355357414601535,0.00012093319461582794,8.540754648992711e-5,6.089719520559894e-5,4.373526628710233e-5,3.158880734278077e-5,2.292124237020818e-5,1.669589306662944e-5,1.2200968924183615e-5,8.941208610617273e-6,6.568412804145801e-6,4.8357305827419715e-6,3.5669658326698765e-6,2.6356399969846526e-6,1.9505278348142953e-6,1.445561293280701e-6,1.0727219570618781e-6,7.970015304826423e-7,5.928069213344066e-7,4.413824824143841e-7,3.2895329720321764e-7,2.453825721029087e-7,1.8319743266322828e-7,1.3687987385135288e-7,1.0234928806502367e-7,7.658388377404615e-8,5.734310392447933e-8,4.296369060286866e-8,3.2209582460409326e-8,2.4161249523816507e-8,1.813397798849501e-8,1.3617445792120048e-8,1.0230982742925023e-8,7.69040328286749e-9,5.783390317356105e-9,4.351205954062177e-9,3.2750893532526023e-9,2.4661309442110442e-9,1.857727830863768e-9,1.399957686132096e-9,1.0553799527205835e-9,7.958998883160727e-10,6.004247388353176e-10,4.5311075730075454e-10,3.420512723536706e-10,2.5829422931358606e-10,1.9510602523620487e-10,1.4741958108301112e-10,1.1142031760756763e-10,8.423541646694139e-11,6.370048343698194e-11,4.8184249142515154e-11,3.6456810619592765e-11,2.7590554780196083e-11,2.0885625129864118e-11,1.5813828560781856e-11,1.1976403067512741e-11,9.072208935658405e-12,6.873761767338843e-12,5.209167533871768e-12,3.948501453420465e-12,2.993534050088092e-12,2.26997931605997e-12,1.7216439633042136e-12,1.3060101605223696e-12,9.908995319737524e-13,7.519530067734577e-13,5.707264518757842e-13,4.3325122672251063e-13,3.289458628466062e-13,2.4979300230078915e-13,1.8971678382261015e-13,1.4411174266547925e-13,1.0948626675761416e-13,8.319268908926327e-14,6.322291763041172e-14,4.8053654587517695e-14,3.652914674569806e-14,2.7772347417680195e-14,2.1117591360850954e-14,1.6059562704840277e-14,1.2214605218158186e-14,9.291384172330496e-15,7.068635232779993e-15,5.378285284910695e-15,4.092645965464315e-15,3.114695495027793e-15,2.370702785286122e-15,1.8046283386820775e-15,1.3738732217760365e-15,1.046051018859421e-15,7.965362042900836e-16,6.066018980244948e-16,4.620050990111146e-16,3.51911712314945e-16,2.680796404397208e-16,2.042378979412757e-16,7.780732306496331e-17
