0.061341554748382876,0.10512827715818185,0.09366603788492922,0.0844902689859306,0.07676462054694189,0.07009019359351476,0.06423109889725565,0.05903089813495965,0.054378084086776246,0.05018912375795259,0.04639912650685052,0.04295627241119815,0.03981827419399875,0.03695001909058615,0.03432193450908827,0.03190881820207003,0.029688977941865202,0.027643584046530667,0.02575617231306937,0.024012255759146617,0.022399016713787356,0.020905059331834563,0.019520208282687024,0.018235343240717572,0.017042261500304412,0.01593356294220405,0.014902552957253623,0.013943159937157779,0.01304986469054803,0.012217639698796634,0.011441896554789915,0.010718440254974343,0.01004342926617055,0.009413340489468847,0.008824938399394383,0.008275247761137916,0.007761529430510616,0.0072812588195609595,0.0068321066784398365,0.006411921898305195,0.006018716082872397,0.005650649674040664,0.0053060194470779115,0.004983247217365372,0.004680869620615397,0.004397528847712967,0.004131964231008173,0.003883004590907055,0.0036495612636066183,0.0034306217401933736,0.0032252438554671164,0.0030325504725158617,0.002851724614414519,0.0026820050004128307,0.002522681948799267,0.0023730936121422602,0.002232622514654184,0.002100692364510569,0.001976765116518314,0.0018603382635031737,0.0017509423362916596,0.0016481385945342972,0.001551516892402717,0.0014606937043790992,0.0013753102979822927,0.0012950310413476114,0.0012195418349369089,0.001148548657229749,0.001081776215404548,0.0010189666928813942,0.0009598785860596391,0.0009042856234013387,0.0008519757605782094,0.0008027502458541405,0.000756422750522007,0.0007128185594167582,0.000671773817070927,0.0006331348254998564,0.0005967573897431317,0.0005625062077363446,0.0005302543013190573,0.0004998824853855426,0.00047127887254310233,0.0004443384106796282,0.00041896245113846875,0.0003950583454109622,0.0003725390682958905,0.00035132286573115543,0.0003313329255621956,0.00031249706972636803,0.00029474746633822817,0.000278020360338139,0.00026225582147608364,0.00024739750842832364,0.0002333924479860916,0.00022019082830093684,0.00020774580524807879,0.00019601332106244148,0.00018495193440856445,0.00017452266113928078,8.234441253196327e-5
0.10512827715818185,0.18017275333906646,0.16052962457887698,0.1448047590041024,0.13156493284248638,0.12012656677813993,0.11008542578798197,0.1011734270673581,0.0931994846110975,0.08602045079451437,0.07952512467258543,0.0736247040725011,0.06824672252770236,0.06333100823588356,0.05882688335597619,0.05469115932101776,0.05088666253594365,0.04738112482933576,0.04414633165218673,0.04115745673737903,0.03839253444986068,0.03583203568243687,0.033458522878380914,0.03125636640576546,0.029211509127629154,0.02731126927456884,0.025544174089923932,0.02389981843784217,0.02236874384707155,0.020942334416623354,0.019612726744135223,0.018372731598316316,0.017215765487292367,0.01613579061880921,0.01512726201535819,0.014185080760831081,0.013304552529863789,0.01248135068517267,0.01171148334411376,0.01099126390858221,0.010317284625740691,0.009686392811880884,0.009095669423221736,0.008542409702891496,0.008024105667464587,0.007538430229386162,0.007083222778486276,0.006656476066379258,0.006256324258108098,0.005881032031454306,0.0055289846182884905,0.005198678695469,0.004888714041959355,0.0045977858891043805,0.004324677899266188,0.004068255714045635,0.0038274610202426174,0.00360130608700103,0.0033888687319708344,0.0031892876794228225,0.003001758275828298,0.00282552853248174,0.0026598954678037565,0.002504201723993467,0.002357832435486776,0.0022202123285139444,0.002090803033380599,0.0019691005920796714,0.0018546331458265605,0.0017469587885884375,0.001645663573469222,0.0015503596602132845,0.0014606835930618886,0.0013762946989756449,0.0012968735973432968,0.0012221208126466064,0.0011517554824827941,0.0010855141540681186,0.0010231496625845611,0.0009644300854986972,0.0009091377673789529,0.0008570684100813464,0.0008080302237879027,0.0007618431344447157,0.0007183380436549553,0.0006773561374456838,0.0006387482403940308,0.0006023742120371701,0.0005681023825918272,0.000535809025377209,0.0005053778633448761,0.0004766996074231922,0.00044967152457183954,0.0004241970334856182,0.0004001853261297421,0.0003775510133663777,0.00035621379306378497,0.0003360981392394628,0.00031713301079965266,0.00029925157859824955,0.00014119548482556315
0.09366603788492922,0.16052962457887698,0.14302889265692365,0.12901899818178997,0.11722306566431762,0.10703208644826168,0.09808592301210184,0.09014573738356613,0.08304128887642359,0.07664504560784491,0.0708579373112519,0.06560084900100893,0.06080921932300232,0.05642944034943964,0.05241636240547498,0.048731508075008034,0.045341758731985427,0.04221836603469409,0.039336193049384516,0.036673121493479566,0.03420958164864629,0.03192817452353014,0.029813364511201534,0.02785122670530682,0.026029237154229223,0.024336097239127774,0.022761585467467982,0.02129643150612265,0.019932208420768316,0.018661239937603047,0.017476520197950096,0.016371643975712835,0.01534074571112537,0.014378446020837654,0.013479804582347377,0.012640278481029499,0.011855685263529703,0.011122170060798131,0.010436176247313883,0.009794419185812558,0.009193862672187525,0.008631697752987444,0.008105323633806977,0.007612330437360093,0.007150483600419172,0.006717709728176258,0.006312083748513803,0.005931817227025002,0.005575247721939791,0.005240829072424069,0.004927122526150879,0.004632788623741377,0.004356579765838073,0.004097333397720518,0.003853965753734201,0.00362546610917093,0.003410891493409743,0.003209361822843551,0.003020055416024188,0.0028422048580051817,0.0026750931831570623,0.002518050349351479,0.0023704499791376288,0.002231706345342657,0.002101271581012587,0.0019786330952454023,0.0018633111785456152,0.0017548567822050776,0.0016528494579828301,0.00155689544567493,0.0014666258968685682,0.0013816952244240822,0.0013017795680934224,0.0012265753673773375,0.0011557980337107074,0.0010891807143758939,0.0010264731413745683,0.000967440559131786,0.0009118627251180275,0.0008595329781590187,0.0008102573695562727,0.0007638538524482614,0.0007201515253886254,0.0006789899261744701,0.0006402183724099342,0.0006036953456146597,0.0005692879157460484,0.0005368712033950104,0.0005063278770054847,0.00047754768279571064,0.0004504270050680187,0.0004248684548647484,0.00040078048509523297,0.00037807703029789624,0.0003566771694178319,0.0003365048100493796,0.00031748839271053195,0.00029956061385846833,0.00028265816636536666,0.00026672149631677515,0.00012584728754773183
0.0844902689859306,0.1448047590041024,0.12901899818178997,0.11638193109409611,0.10574183477694366,0.09654939234855853,0.0884797651227609,0.08131752480922882,0.07490911682705748,0.0691395092698679,0.06391934215391015,0.05917725483232217,0.0548550137910484,0.05090426532093839,0.047284284912024854,0.04396036631661371,0.04090263682303774,0.038085165640868834,0.035485279408060566,0.03308302753519843,0.030860758195879523,0.02880277752467897,0.026895072400091036,0.02512508252862189,0.02348151125816339,0.021954167170454064,0.02053383040177681,0.01921213902330332,0.017981491843150732,0.016834964758258797,0.015766238374588126,0.014769535064587724,0.013839563976769886,0.01297147278877736,0.012160805209969566,0.011403463411151782,0.010695674699340574,0.01003396186325306,0.00941511670836262,0.008836176375009386,0.008294402092008435,0.007787260070287516,0.007312404282465629,0.006867660910805318,0.006451014273388622,0.0060605940648565115,0.005694663769641825,0.005351610122174902,0.005029933505064671,0.00472823918916547,0.004445229330652098,0.004179695650778914,0.003930512731362218,0.003696631867276437,0.0034770754238942214,0.0032709316522406134,0.0030773499201988755,0.0028955363223582206,0.0027247496346187172,0.0025642975837695398,0.0024135334043268106,0.002271852658184484,0.002138690295090645,0.0020135179335936115,0.0018958413443423833,0.001785198119101751,0.0016811555107159593,0.0015833084300441724,0.0014912775874863747,0.0014047077679067987,0.0013232662283963956,0.0012466412094430182,0.0011745405508577604,0.001106690404431912,0.0010428340361892281,0.0009827307113782734,0.0009261546560987328,0.0008728940900358632,0.0008227503249685283,0.0007755369243330219,0.0007310789194438123,0.0006892120782487198,0.0006497822229895363,0.0006126445931896162,0.0005776632507982458,0.0005447105246139863,0.0005136664911626794,0.0004844184895584254,0.00045686066795736294,0.00043089355950985675,0.0004064236857244316,0.0003833631854012398,0.0003616294674437335,0.0003411448858924443,0.0003218364357199261,0.00030363546798833647,0.0002864774230768351,0.0002703015808146244,0.00025505082636422156,0.0002406714308287039,0.000113556422823749
0.07676462054694189,0.13156493284248638,0.11722306566431762,0.10574183477694366,0.09607488526537833,0.08772315577310286,0.08039152630004098,0.07388427756218086,0.06806190329397954,0.06281989553435507,0.05807706955732472,0.05376859323393868,0.04984156057689093,0.04625204150567974,0.04296303714622418,0.03994301627737318,0.03716483899484779,0.03460494667033864,0.03224274008318884,0.030060093680719158,0.028040970361721262,0.026171111854881857,0.024437786864770272,0.022829584008383585,0.0213362399375841,0.019948495424600254,0.018657973913330295,0.017457078294989603,0.01633890260300419,0.015297156018010849,0.014326097110203606,0.013420476655497782,0.01257548767623512,0.01178672160838995,0.011050129692247973,0.01036198883942116,0.009718871356502762,0.009117618003594702,0.008555313950574267,0.008029267261780937,0.007536989593367932,0.007076178834882457,0.006644703464234902,0.006240588418396989,0.005862002307074968,0.0055072458206740366,0.0051747412034816725,0.004863022678034096,0.004570727721641826,0.004296589107775861,0.004039427635203444,0.003798145477349954,0.00357172009105175,0.003359198631363358,0.0031596928251127615,0.002972374260295896,0.0027964700534610365,0.0026312588610947277,0.00247606720422585,0.0023302660791885213,0.0021932678293659844,0.0020645232557054485,0.0019435189460279834,0.0018297748046403953,0.0017228417657908779,0.0016222996758511674,0.0015277553308100933,0.0014388406563804225,0.0013552110194705001,0.0012765436608515972,0.0012025362394286615,0.0011329054795457677,0.001067385913466428,0.0010057287117371354,0.0009477005949518648,0.0008930828206892734,0.0008416702400750702,0.0007932704189493218,0.0007477028187920648,0.000704798033120976,0.0006643970753646804,0.0006263507144662669,0.0005905188549200115,0.0005567699579900973,0.0005249805012312019,0.0004950344736962663,0.000466822904265635,0.0004402434208517058,0.00041519983830781357,0.0003916017731382445,0.00036936428311377684,0.00034840753011890126,0.00032865646469411314,0.00031004053076863405,0.00029249338925625267,0.000275952659243601,0.00026035967559635397,0.00024565926192555033,0.0002317995178643551,0.00021873161972282232,0.00010320481683537795
0.07009019359351476,0.12012656677813993,0.10703208644826168,0.09654939234855853,0.08772315577310286,0.08009773051852909,0.07340367020035887,0.0674622819076689,0.06214619554665046,0.05735999466911501,0.05302955706121293,0.04909569050937246,0.04551009142162843,0.04223265124765441,0.03922958965728873,0.03647211830958097,0.03393545815351828,0.031598099857635176,0.02944123604212867,0.027448317797053257,0.02560470297859463,0.023897373523811438,0.022314705507363253,0.02084628009215722,0.01948272660481154,0.018215591141461096,0.017037225684884194,0.0159406938604863,0.014919690313572653,0.0139684713257609,0.0130817947780969,0.012254867942069814,0.011483301866633239,0.010763071358722315,0.010090479732799112,0.009462127647292568,0.008874885462147986,0.008325868641114176,0.007812415799664907,0.0073320690613673245,0.006882556434412296,0.0064617759632254745,0.006067781444402981,0.005698769526507358,0.005353068036001815,0.005029125393572725,0.0047255010029989275,0.004440856508453286,0.00417394782982719,0.003923617896375783,0.0036887900082805403,0.0034684617644813454,0.0032616995012355043,0.003067633192707038,0.002885451770396223,0.002714398822233864,0.0025537686367828466,0.002402902561517102,0.002261185647071562,0.0021280435527587307,0.0020029396903639973,0.001885372585942166,0.0017748734413772851,0.001671003878821381,0.0015733538529855776,0.0014815397174819459,0.0013952024329676078,0.001314005905497878,0.0012376354448184294,0.0011657963333121003,0.0010982124968424434,0.0010346252696708177,0.0009747922462707004,0.0009184862133822212,0.0008654941563882301,0.0008156163343255723,0.0007686654184665739,0.0007244656898872069,0.0006828522915968502,0.0006436705313162452,0.0006067752312548802,0.0005720301214680572,0.0005393072737835646,0.0005084865733293517,0.00047945522503270617,0.00045210729270366706,0.0004263432683598561,0.0004020696697424851,0.00037919866404073806,0.0003576477160873162,0.0003373392592940904,0.00031820038779973355,0.0003001625684263525,0.00028316137107128533,0.00026713621632218094,0.00025203013913521755,0.00023778956750401033,0.00022436411515348777,0.00021170638730022649,0.00019977179862796027,9.425920135111045e-5
0.06423109889725565,0.11008542578798197,0.09808592301210184,0.0884797651227609,0.08039152630004098,0.07340367020035887,0.0672692867571536,0.061824628821427696,0.0569529794403385,0.05256690270472575,0.04859847588327171,0.04499345749018058,0.041707583926932856,0.03870410119394152,0.03595205421110914,0.033425062350500134,0.031100418931333973,0.028958413508508807,0.026981811593983718,0.025155448268842417,0.023465905897008588,0.02190125508461699,0.020450843969929577,0.019105124986705357,0.01785551106538541,0.016694255229180555,0.015614348985845294,0.01460943596657116,0.013673738046828587,0.012801991766257736,0.01198939331345894,0.011231550683920094,0.010524441882224234,0.009864378249883204,0.009247972163292262,0.008672108476727336,0.008133919191926436,0.007630760917729351,0.007160194754055216,0.006719968291235473,0.006307999460531344,0.005922362011254359,0.005561272421363145,0.005223078076168064,0.0049062465706135455,0.00460935601074447,0.0043310862063713484,0.004070210659529547,0.0038255892658850266,0.003596161656051741,0.003380941112306371,0.003179009004209199,0.0029895096922342643,0.002811645854786181,0.0026446741990257677,0.002487901519605748,0.0023406810736505343,0.002202409243544666,0.0020725224617754306,0.0019504943751910558,0.0018358332276097941,0.0017280794421982923,0.00162680338690694,0.0015316033074899461,0.0014421034143407424,0.0013579521104950636,0.0012788203495780748,0.0012044001130719247,0.0011344029974924043,0.0010685589029673162,0.0010066148151908483,0.0009483336735850792,0.0008934933190927336,0.0008418855155005699,0.0007933150388701356,0.0007475988298648178,0.0007045652043318855,0.0006640531179394234,0.0006259114808129761,0.000589998518585922,0.0005561811765198155,0.000524334563561081,0.000494341433575525,0.0004660917010405347,0.0004394819887850905,0.0004144152055901521,0.0003908001515024566,0.00036855114898283383,0.00034758769807218155,0.0003278341539830242,0.000309219425530409,0.00029167669300175,0.0002751431441799755,0.00025955972726095754,0.0002448709195547452,0.00023102451090735703,0.00021797140086044723,0.00020566540866374505,0.00019406309526203347,0.00018312359647639507,8.640423333434533e-5
0.05903089813495965,0.1011734270673581,0.09014573738356613,0.08131752480922882,0.07388427756218086,0.0674622819076689,0.061824628821427696,0.05682083555770334,0.05234363985541357,0.0483126885573012,0.044665560993106035,0.0413524094663551,0.03833255588998519,0.035572223444737316,0.03304296447601385,0.030720535216904654,0.028584068230667503,0.026615449599074026,0.024798840790526355,0.023120305192930957,0.021567511935384198,0.020129497832138132,0.018796473741955644,0.017559665365260435,0.01641118109438322,0.015343901363514767,0.014351385271716866,0.01342779121788995,0.012567809006524988,0.01176660141817526,0.011019753650981484,0.01032322935422919,0.009673332216534575,0.009066672264422426,0.008500136176994716,0.007970861042250615,0.007476211078599693,0.007013756920406233,0.006581257131471369,0.0061766416625032294,0.005797997009803407,0.00544355286878398,0.005111670104832808,0.004800829889556421,0.004509623869578941,0.004236745253580712,0.0039809807183402435,0.003741203046103217,0.003516364417143078,0.0033054902903951328,0.0031076738128764866,0.0029220707059767898,0.0027478945818470435,0.0025844126488777583,0.0024309417698959376,0.002286844840090077,0.0021515274555621786,0.0020244348463756695,0.0019050490504303672,0.0017928863073606513,0.0016874946530980595,0.0015884516980223529,0.001495362573342339,0.001407858031487949,0.0013255926878591694,0.0012482433923091951,0.0011755077200470837,0.0011071025721968684,0.0010427628773644823,0.0009822403863937942,0.0009253025529365952,0.0008717314932481061,0.0008213230191648178,0.0007738857386583777,0.0007292402189812783,0.0006872182076156207,0.00064766190675946,0.0006104232974908086,0.0005753635098826662,0.0005423522357734783,0.0005112671811201078,0.00048199355505347714,0.0004544235931018374,0.0004284561120817317,0.000403996094442036,0.00038095430005078736,0.00035924690345166214,0.00033879515486341487,0.0003195250632525553,0.0003013671000160825,0.0002842559218165378,0.00026813011128234976,0.0002529319343919324,0.00023860711338451798,0.00022510461417709054,0.00021237644731034785,0.00020037748152050387,0.00018906526912356456,0.00017839988240489664,0.00016834376029703935,7.943078234612356e-5
0.054378084086776246,0.0931994846110975,0.08304128887642359,0.07490911682705748,0.06806190329397954,0.06214619554665046,0.0569529794403385,0.05234363985541357,0.04821937361908246,0.04450616449538258,0.04114651449678497,0.03809450704302708,0.03531267200030597,0.03276989623134163,0.030439975475927028,0.028300577819164174,0.026332481399740093,0.024519000716885564,0.022845546206965328,0.021299280230423323,0.01986884425212515,0.0185441395601188,0.017316148896914962,0.016176789812571868,0.015118792937283743,0.014135600058055031,0.013221278106146317,0.012370446051384654,0.011578212362576834,0.010840121186175167,0.010152105775213832,0.009510447990372178,0.008911742917576237,0.008352867824485688,0.007830954816324842,0.007343366661922118,0.0068876753510790645,0.006461643013745522,0.006063204891415763,0.005690454099190209,0.005341627954879996,0.00501509568504474,0.004709347344480738,0.004422983809174469,0.004154707720375364,0.003903315274488617,0.0036676887673781217,0.003446789812318024,0.003239653161463227,0.00304538106901428,0.0028631381414641957,0.0026921466271082398,0.002531682101731804,0.0023810695127027826,0.0022396795479660628,0.0021069252995517054,0.001982259194790767,0.0018651701711687035,0.0017551810730144363,0.001651846250861684,0.0015547493456510159,0.0014635012420429437,0.0013777381766952555,0.0012971199884067898,0.0012213284984719276,0.0011500660105392795,0.0010830539204736318,0.0010200314272280527,0.0009607543367593681,0.0009049939517851747,0.0008525360405887104,0.0008031798788027747,0.0007567373586060862,0.0007130321601678587,0.0006718989807494701,0.0006331828170520852,0.000596738296881099,0.0005624290565718875,0.0005301271607440882,0.0004997125613486544,0.0004710725931771128,0.0004441015031802168,0.00041870001126093764,0.0003947749002388076,0.0003722386329458316,0.0003510089946019736,0.000331008758652801,0.00031216537447867863,0.0002944106754374136,0.0002776806058925954,0.0002619149658847318,0.0002470571722597188,0.00023305403516616502,0.00021985554885583115,0.00020741469584697244,0.00019568726355055502,0.00018463167252734955,0.00017420881562666985,0.00016438190726315817,0.00015511634217114934,7.318978151728901e-5
0.05018912375795259,0.08602045079451437,0.07664504560784491,0.0691395092698679,0.06281989553435507,0.05735999466911501,0.05256690270472575,0.0483126885573012,0.04450616449538258,0.041079019207891476,0.03797818644061146,0.035161288672765134,0.03259374379105029,0.03024683668988759,0.02809638277030646,0.02612177130247173,0.024305261890507912,0.022631454999243794,0.021086885478418582,0.019659705066089717,0.018339430597942574,0.01711674162832716,0.0159833158103026,0.014931693552376502,0.013955165673950887,0.01304767933834372,0.012203758670170706,0.011418437284711536,0.010687200568932631,0.010005936008741112,0.009370890207645921,0.008778631509492013,0.008226017343336917,0.007710165572760358,0.007228429259362179,0.006778374352099353,0.006357759897414217,0.005964520429112635,0.005596750252272895,0.005252689379789691,0.0049307109151689454,0.004629309706118509,0.004347092118052828,0.004082766798318316,0.0038351363182237974,0.0036030895956935954,0.003385595014179968,0.003181694163298887,0.0029904961364655147,0.002811172328469648,0.002642951682590218,0.0024851163431142617,0.0023369976734977094,0.0021979726053057494,0.0020674602870131356,0.0019449190046181841,0.0018298433493311034,0.001721761610121622,0.0016202333710048297,0.0015248472953789394,0.0014352190809578357,0.001350989570781367,0.0012718230072468195,0.0011974054170736104,0.0011274431164437632,0.0010616613264368586,0.0009998028899910402,0.0009416270820898597,0.0008869085058225423,0.0008354360676707494,0.0007870120257518071,0.0007414511054173838,0.0006985796770700402,0.0006582349914314636,0.000620264468025088,0.0005845250328019649,0.0005508825012835276,0.0005192110039397985,0.0004893924506348124,0.00046131603133744634,0.00043487775048520715,0.0004099799925527028,0.0003865311166695081,0.0003644450781621492,0.00034364107513736725,0.0003240432183975808,0.0003055802230110616,0.00028818512006883405,0.0002717949872086938,0.00025635069666245583,0.00024179667958701846,0.0002280807055850759,0.0002151536764109386,0.00020296943287777518,0.00019148457409853435,0.00018065828822985686,0.00017045219395107848,0.00016083019198681516,0.00015175832598683398,0.0001432046521535951,6.756955853091636e-5
0.04639912650685052,0.07952512467258543,0.0708579373112519,0.06391934215391015,0.05807706955732472,0.05302955706121293,0.04859847588327171,0.044665560993106035,0.04114651449678497,0.03797818644061146,0.0351115200477784,0.03250733965663555,0.030133676006330323,0.027963983542147464,0.02597590489754842,0.02415038653849122,0.02247102838634607,0.020923594351042796,0.01949563656826453,0.018176201892743438,0.016955599132823018,0.0158252119632592,0.014777346743991726,0.013805107403479677,0.012902291582966241,0.012063303677262133,0.011283081450331522,0.010557033662785376,0.009880986714182305,0.009251138723578273,0.008664019795868366,0.008116457468747534,0.007605546524998258,0.007128622506627602,0.00668323838520718,0.006267143936969172,0.005878267448215263,0.005514699435768308,0.005174678118336162,0.004856576415633654,0.004558890284473038,0.004280228229625455,0.004019301849974011,0.0037749173005263426,0.003545967565903904,0.003331425455469189,0.0031303372421021963,0.002941816875722661,0.0027650407117248907,0.0025992427015775893,0.0024437099989958536,0.0022977789408861193,0.0021608313663059042,0.002032291241210314,0.0019116215604022754,0.001798321500759599,0.001691923802868589,0.001591992360528073,0.0014981199995231752,0.001409926429318798,0.0013270563524593777,0.0012491777182546196,0.0011759801086815257,0.001107173245327775,0.0010424856074321039,0.0009816631518868545,0.0009244681270969488,0.0008706779730220937,0.0008200843006053588,0.0007724919444434784,0.0007277180829025013,0.0006855914205010864,0.0006459514278118455,0.000608647634474789,0.0005735389714057165,0.0005404931584358733,0.0005093861340306344,0.0004801015240535871,0.0004525301466471454,0.00042656955063960326,0.0004021235850635123,0.00037910199752200745,0.00035742005941073914,0.0003369982160305431,0.0003177617598503447,0.00029964052534027594,0.0002825686038242358,0.00026648407699479335,0.000251328767778081,0.00023704800739872325,0.0002235904174990146,0.0002109077063008058,0.00019895447788147603,0.00018768805365453186,0.000177068305252714,0.00016705749804558608,0.00015762014458174222,0.00014872286731634592,0.00014033426998952183,0.00013242481709202763,6.248336045227686e-5
0.04295627241119815,0.0736247040725011,0.06560084900100893,0.05917725483232217,0.05376859323393868,0.04909569050937246,0.04499345749018058,0.0413524094663551,0.03809450704302708,0.035161288672765134,0.03250733965663555,0.030096392798239058,0.02789885226874067,0.025890143265751675,0.024049568224984275,0.02235948812284899,0.0208047203863147,0.019372085766459768,0.01805006047424862,0.01682850446537998,0.01569844595669928,0.014651908229482924,0.013681768747093204,0.012781643327778036,0.01194578999986462,0.011169028498971972,0.010446672332144191,0.009774471036291671,0.009148560782118398,0.008565421864026035,0.008021841916530742,0.0075148839266476475,0.007041858287486824,0.006600298278841149,0.006187938469634946,0.005802695624303883,0.005442651766465967,0.00510603910802071,0.004791226599157691,0.004496707892689647,0.004221090546085743,0.003963086311051772,0.0037215023815329595,0.0034952334895757414,0.0032832547524163924,0.003084615187627489,0.0028984318241250667,0.0027238843452483397,0.0025602102085222483,0.002406700193271008,0.0022626943329498717,0.002127578194425106,0.0020007794701731793,0.0018817648535643383,0.0017700371707697407,0.00166513274529001,0.0015666189739335923,0.0014740920952331787,0.0013871751330805614,0.001305516000444252,0.0012287857490855501,0.0011566769528494648,0.0010889022133568522,0.0010251927777525302,0.0009652972593033812,0.0009089804523898168,0.000856022234386633,0.0008062165473298084,0.000759370453076981,0.0007153032562731473,0.000673845689755587,0.0006348391576045803,0.0005981350314431463,0.0005635939959067141,0.000531085439656567,0.0005004868884526462,0.00047168347718244165,0.000444567458037462,0.000419037742125903,0.00039499947212362496,0.0003723636237276664,0.0003510466338169189,0.0003309700534754635,0.0003120602240596253,0.00029424797469735503,0.0002774683397572869,0.0002616602948517042,0.0002467665101171454,0.00023273311955763001,0.00021950950538591942,0.00020704809630209525,0.00019530417877294814,0.00018423572045249545,0.00017380320490167087,0.00016396947686457466,0.0001546995973902769,0.00014596070814297448,0.00013772190430866912,0.00012995411551095523,0.00012262999421419054,5.786190556923872e-5
0.03981827419399875,0.06824672252770236,0.06080921932300232,0.0548550137910484,0.04984156057689093,0.04551009142162843,0.041707583926932856,0.03833255588998519,0.03531267200030597,0.03259374379105029,0.030133676006330323,0.02789885226874067,0.025861839932348363,0.023999860370349013,0.0222937287902899,0.020727095378453908,0.01928588721903851,0.017957888288789914,0.016732417019876433,0.015600074445807521,0.014552544468720896,0.013582433322603338,0.012683138988871967,0.01184874383568979,0.011073925500982185,0.010353882274105414,0.00968427012584297,0.009061149187542,0.008480937965707425,0.00794037393922889,0.007436479464526857,0.00696653212609416,0.0065280388328440575,0.006118713090945374,0.0057364549849353574,0.00537933347973131,0.005045570722238754,0.0047335280720284395,0.004441693634436833,0.0041686711046069885,0.003913169758755497,0.0036739954534892455,0.0034500425134861012,0.003240286405058107,0.003043777106029155,0.0028596330948371315,0.0026870358919416706,0.0025252250944120883,0.002373493852354365,0.002231184741915561,0.0020976859948856133,0.001972428049887391,0.0018548803936137004,0.0017445486644574806,0.0016409719940079573,0.0015437205641662677,0.001452393360255464,0.0013666161025036073,0.0012860393399388229,0.0012103366926668989,0.0011392032294769497,0.0010723539692594382,0.001009522495879711,0.0009504596769182166,0.0008949324777439566,0.000842722863083057,0.0007936267791267895,0.0007474532095948245,0.0007040232999214364,0.0006631695442919413,0.0006247350305555854,0.0005885727385718433,0.0005545448879146313,0.0005225223311536055,0.0004923839893513082,0.00046401632654646287,0.0004373128603469365,0.00041217370602913625,0.00038850515163062985,0.0003662192618132838,0.00034523350842463954,0.00032547042581517003,0.0003068572892018298,0.0002893258143917849,0.0002728118773727521,0.0002572552524141231,0.00024259936734809771,0.00022879107486629188,0.00021578043870561312,0.00020352053373661784,0.00019196725897111314,0.00018107916262094948,0.00017081727841112204,0.00016114497236675504,0.0001520277993855945,0.00014343336893697742,0.0001353312192780686,0.00012769269963879308,0.00012049085983095124,0.0001137003467979081,5.364865383202509e-5
0.03695001909058615,0.06333100823588356,0.05642944034943964,0.05090426532093839,0.04625204150567974,0.04223265124765441,0.03870410119394152,0.035572223444737316,0.03276989623134163,0.03024683668988759,0.027963983542147464,0.025890143265751675,0.023999860370349013,0.022271997940053134,0.020688753862361353,0.019234956667935843,0.017897547674292524,0.016665191253087075,0.015527975633335078,0.014477179200327928,0.013505085159197572,0.012604832569300173,0.011770295172083334,0.010995981768781388,0.010276953526847182,0.009608754740000752,0.008987354397014452,0.008409096518555204,0.007870657671921077,0.007369010408355081,0.006901391625685371,0.006465275055938413,0.006058347228760197,0.005678486382363651,0.0053237438875396725,0.00499232782527588,0.0046825884198399975,0.004393005076300097,0.004122174812172544,0.003868801905517305,0.0036316886075671573,0.0034097267907458595,0.0032018904210172616,0.003007228759470751,0.0028248602100307135,0.002653966741757982,0.0024937888236467656,0.0023436208170545397,0.002202806778123831,0.0020707366281975045,0.0019468426551286777,0.0018305963130002961,0.0017215052909862333,0.0016191108256934372,0.0015229852342264275,0.0014327296473305058,0.0013479719244035501,0.0012683647340254352,0.0011935837851939322,0.0011233261962495106,0.0010573089893750297,0.0009952676999849912,0.0009369550913938818,0.0008821399658658427,0.000830606064127562,0.0007821510460709457,0.0007365855461913384,0.0006937322976517564,0.000653425319561007,0.0006155091625731808,0.0005798382081931164,0.00054627601766505,0.00051469472666274,0.00048497448227258384,0.00045700291915088363,0.00043067467185826415,0.00040589092070205356,0.0003825589686710165,0.0003605918471303324,0.0003399079482143616,0.00032043068199413653,0.00030208815661731097,0.00028481287983409074,0.0002685414803445998,0.00025321444758168946,0.00023877588867108387,0.000225173301334005,0.0002123573616515809,0.00020028172564607108,0.00018890284376315387,0.00017817978734291622,0.00016807408627402898,0.00015854957709163665,0.00014957226079476658,0.00014111016974448568,0.0001331332430312398,0.0001256132097460609,0.00011852347964660167,0.00011183904071269176,0.0001055363631426694,4.979665469070308e-5
0.03432193450908827,0.05882688335597619,0.05241636240547498,0.047284284912024854,0.04296303714622418,0.03922958965728873,0.03595205421110914,0.03304296447601385,0.030439975475927028,0.02809638277030646,0.02597590489754842,0.024049568224984275,0.0222937287902899,0.020688753862361353,0.019218108182511795,0.017867699917628266,0.016625399658609874,0.015480678424244054,0.014424329757825483,0.013448252658309179,0.012545279434105439,0.011709037339251244,0.010933836025045995,0.010214575007839066,0.009546666860751896,0.008925972901530327,0.008348748919876608,0.007811599048816814,0.007311436303107849,0.0068454486187083385,0.00641106946703604,0.006005952300618567,0.0056279482271748005,0.005275086421441727,0.004945556871206833,0.00463769512367132,0.004349968755221548,0.004080965331446404,0.0038293816620595666,0.0035940141856926205,0.0033737503434572574,0.003167560821323162,0.002974492558158237,0.0027936624311045988,0.002624251541093414,0.0024655000320573037,0.0023167023861644445,0.0021772031441152848,0.002046393006253179,0.0019237052754780132,0.0018086126075058245,0.0017006240383006868,0.0015992822614943059,0.0015041611319588054,0.0014148633743942506,0.0013310184777560186,0.0012522807586085524,0.0011783275782176854,0.0011088576996250397,0.0010435897726130544,0.000982260935308961,0.0009246255225028484,0.0008704538717532531,0.0008195312190159322,0.0007716566764410428,0.0007266422855830099,0.0006843121400282957,0.0006445015717661349,0.0006070563962754273,0.0005718322117833786,0.0005386937484089683,0.0005075142633619179,0.00047817497868440396,0.0004505645582768888,0.0004245786213110461,0.0004001192892461574,0.0003770947639695687,0.00035541893481770646,0.0003350110123112992,0.0003157951866892047,0.00029770030945461094,0.00028065959625955903,0.0002646103496542155,0.00024949370024763846,0.00023525436499271038,0.00022184042142660287,0.0002092030967197787,0.0001972965705297671,0.00018607779068902054,0.00017550630087631797,0.00016554407942422208,0.00015615538851438716,0.0001473066330738679,0.00013896622869974222,0.00013110447801870833,0.0001236934549136235,0.00011670689609184553,0.00011012009952258506,0.00010390982927388492,9.805422633239161e-5,4.62663625129836e-5
0.03190881820207003,0.05469115932101776,0.048731508075008034,0.04396036631661371,0.03994301627737318,0.03647211830958097,0.033425062350500134,0.030720535216904654,0.028300577819164174,0.02612177130247173,0.02415038653849122,0.02235948812284899,0.020727095378453908,0.019234956667935843,0.017867699917628266,0.016612224583029356,0.015457254485940763,0.01439300128506582,0.013410906123448751,0.012503437830729991,0.011663932887719192,0.010886466796730387,0.010165749451236217,0.009497039113511463,0.008876071010004177,0.008298997543709247,0.007762337839721217,0.007262934861866854,0.006797918727332458,0.006364675135336728,0.005960818048737437,0.0055841659374798736,0.005232721023342227,0.004904651069814872,0.004598273341964332,0.0043120404258956135,0.00404452765037383,0.003794421893845823,0.0035605115952649785,0.003341677815294916,0.0031368862167185096,0.0029451798525378173,0.0027656726658687944,0.0025975436195187634,0.0024400313834808465,0.002292429518578859,0.002154082102644117,0.0020243797518511783,0.0019027559960760054,0.001788683972011193,0.0016816734020049517,0.0015812678305733366,0.001487042093313455,0.0013985999960604636,0.0013155721846367027,0.0012376141873673453,0.001164404614639087,0.0010956435013824428,0.0010310507796891522,0.0009703648703237693,0.0009133413826695781,0.0008597519138819655,0.0008093829389509213,0.0007620347839895989,0.000717520675911654,0.0006756658622168628,0.0006363067953120694,0.0005992903760916237,0.0005644732521042483,0.0005317211660815467,0.0005009083508429133,0.0004719169670166796,0.00044463658031212473,0.00041896367531278275,0.000394801203097846,0.0003720581601038518,0.0003506491959216788,0.0003304942479431224,0.000311518200843121,0.0002936505691167341,0.0002768252010103122,0.0002609800022905307,0.000246056678481381,0.00023200049421809484,0.0002187600485211369,0.00020628706490394277,0.00019453619524797874,0.00018346483651200543,0.00017303295937310184,0.00016320294800874994,0.00015393945023205917,0.00014520923728457598,0.00013698107264810584,0.00012922558925018788,0.00012191517451158509,0.00011502386270771095,0.0001085272341557965,0.00010240232078821947,9.66275176756382e-5,9.118250011240373e-5,4.3024072955501246e-5
0.029688977941865202,0.05088666253594365,0.045341758731985427,0.04090263682303774,0.03716483899484779,0.03393545815351828,0.031100418931333973,0.028584068230667503,0.026332481399740093,0.024305261890507912,0.02247102838634607,0.0208047203863147,0.01928588721903851,0.017897547674292524,0.016625399658609874,0.015457254485940763,0.014382620841876692,0.013392391680233151,0.012478603854618797,0.011634250368056459,0.010853131477841754,0.010129735019997727,0.009459139062437755,0.008836931870795622,0.008259145474424107,0.007722200040716221,0.007222856932903282,0.0067581788118936115,0.0063254955046462,0.005922374630586397,0.005546596184896141,0.005196130435692836,0.004869118613574669,0.004563855969124064,0.004278776849333296,0.004012441504175734,0.0037635243838027715,0.003530803724697537,0.003313152255830218,0.003109528882071076,0.0029189712228192555,0.002740588902096157,0.0025735575008828115,0.0024171130953059283,0.002270547313902284,0.002133202856495403,0.002004469424798247,0.0018837800206670668,0.001770607573733693,0.0016644618646754691,0.0015648867143194523,0.0014714574124833277,0.0013837783630400793,0.0013014809245915498,0.0012242214284674292,0.0011516793574650637,0.0010835556707010016,0.0010195712614379099,0.0009594655359885379,0.0009029951032384631,0.000849932565055736,0.0008000653990029617,0.000753194925631211,0.000709135353207397,0.0006677128935138731,0.0006287649428769852,0.0005921393232394476,0.0005576935783680459,0.0005252943208488604,0.0004948166259393285,0.00046614346856924116,0.000439165200178419,0.0004137790623529279,0.00038988873444108837,0.0003674039126436912,0.00034623991817054646,0.0003263173323189549,0.00030756165653348776,0.0002899029955733025,0.0002732757621300968,0.0002576184013516709,0.0002428731338230761,0.00022898571573085665,0.00021590521495327194,0.00020358380196304916,0.00019197655453183707,0.00018104127524423393,0.00017073832095315395,0.00016103044333691616,0.00015188263982236338,0.00014326201414093962,0.00013513764587054023,0.00012748046836903466,0.00012026315451757171,0.00011346000976046166,0.00010704687195026239,0.00010100101754385339,9.530107374051402e-5,8.992693615599077e-5,8.485969167200142e-5,4.004077306625031e-5
0.027643584046530667,0.04738112482933576,0.04221836603469409,0.038085165640868834,0.03460494667033864,0.031598099857635176,0.028958413508508807,0.026615449599074026,0.024519000716885564,0.022631454999243794,0.020923594351042796,0.019372085766459768,0.017957888288789914,0.016665191253087075,0.015480678424244054,0.01439300128506582,0.013392391680233151,0.012470370297004651,0.011619522866915866,0.01083332535828646,0.01010600534545436,0.009432430583324186,0.008808018371366466,0.008228661036807056,0.007690664080430593,0.007190694385610791,0.006725736512199765,0.006293055548856091,0.0058901653343735455,0.005514801109040443,0.0051648958500904035,0.004838559692586841,0.004534061950170212,0.004249815340517535,0.003984362090541579,0.0037363616524592053,0.0035045798077230073,0.0032878789710490963,0.003085209537233985,0.0028956021378576113,0.0027181606942439304,0.0025520561700804745,0.0023965209406275265,0.0022508437073881157,0.002114364896071849,0.0019864724843479745,0.0018665982129413353,0.001754214139034184,0.0016488294963400915,0.0015499878304352822,0.0014572643815986379,0.0013702636908620794,0.001288617407379268,0.0012119822779191013,0.001140038301460932,0.0010724870334503957,0.0010090500260950402,0.000949467392469313,0.0008934964833506587,0.0008409106670495096,0.0007914982031721925,0.0007450612023241227,0.0007014146645648294,0.000660385589959369,0.0006218121553033269,0.0005855429515809439,0.0005514362773287318,0.0005193594833344563,0.0004891883646233035,0.00046080659607162025,0.0004341052081958535,0.0004089821000327846,0.00038534158628230047,0.00036309397608832745,0.0003421551811249694,0.0003224463507460274,0.0003038935322012175,0.0002864273541123112,0.0002699827314645272,0.0002544985905705002,0.0002399176125682679,0.000226185994105098,0.00021325322402043594,0.000201071874857575,0.00018959740816726876,0.00017878799266218826,0.00016860433429839988,0.00015900951747553453,0.00014996885657383606,0.00014144975714313474,0.00013342158606116997,0.00012585555005867853,0.0001187245820580946,0.0001120032347840666,0.00010566758116793912,9.96951210886941e-5,9.406469402743322e-5,8.875639725459028e-5,8.375150917184311e-5,7.903241747300596e-5,3.7291275908938226e-5
