0.061341554748331806,0.10200218780975678,0.08891910211763343,0.07865688117069469,0.07017022297945363,0.06296021825602538,0.05673165404294522,0.051288803934741,0.04649230908837165,0.042237972346782726,0.03844507039049572,0.0350493633276866,0.03199864730952717,0.02924978446162263,0.026766640257624652,0.024518604148597467,0.022479499459821584,0.020626761473014454,0.01894080537477827,0.01740453182956797,0.01600293438671152,0.014722783623442981,0.013552370048819096,0.012481292659696802,0.011500283427786029,0.010601060396193324,0.009776203800251376,0.00901905089578764,0.008323606122667249,0.007684463938316316,0.007096742198073991,0.00655602437456787,0.006058309229796055,0.005599966808305629,0.005177699819649995,0.00478850963810909,0.00442966627719063,0.00409868179887353,0.0037932867035225665,0.0035114089160479534,0.0032511550404308587,0.003010793602910171,0.002788740043577896,0.002583543249869695,0.002393873452584537,0.0022185113293738887,0.0020563381808635373,0.001906327061175564,0.0017675347597007895,0.0016390945434595697,0.0015202095801970204,0.0014101469719838763,0.0013082323368413425,0.0012138448832974963,0.0011264129289913563,0.0010454098195886545,0.0009703502092034619,0.0009007866676556155,0.0008363065834442879,0.0007765293347913871,0.0007211037036609514,0.000669705510400553,0.0006220354489104539,0.0005778171041141682,0.000536795135386221,0.0004987336111272091,0.0004634144812007378,0.0004306361750530067,0.0004002123145920855,0.0003719705319440627,0.0003457513830298761,0.00032140734879369803,0.000298801916656162,0.00027780873540666183,0.00025831083741507336,0.0002401999225082269,0.00022337569840653795,0.00020774527308265942,0.00019322259474621826,0.0001797279355788806,0.0001671874156644413,0.0001555325638453427,0.0001446999125575962,0.00013463062388994335,0.00012527014437833115,0.00011656788626463561,0.00010847693310121666,0.00010095376779092067,9.395802128565217e-5,8.745224033913815e-5,8.140167280866256e-5,7.577406914373633e-5,7.053949881167588e-5,6.567018049427218e-5,6.114032499884826e-5,5.6925989902326547e-5,5.300494502766327e-5,4.935654792961701e-5,4.596162861852189e-5,4.280238282104937e-5,1.9931136567484043e-5
0.10200218780975678,0.16961762779351153,0.14786366747758173,0.13079993484051622,0.11668842719615569,0.10469961851881537,0.09434266446235684,0.08529213474652586,0.07731632008097544,0.07024197360737627,0.06393487778099538,0.05828822158743674,0.05321520599298313,0.048644105694946815,0.04451483965436065,0.040776511393128434,0.037385596515591146,0.03430457613425675,0.03150088598029366,0.028946094337854,0.026615249294387966,0.024486353577164444,0.02253993708929214,0.020758705349624762,0.019127247673794645,0.01763179292303796,0.016260003534497913,0.01500080065555598,0.01384421477543013,0.012781257422569303,0.011803810397775505,0.010904529703563065,0.010076761864792672,0.009314470759107851,0.008612173407886226,0.007964883444115889,0.007368061188975261,0.006817569439221904,0.0063096342104320136,0.005840809796924487,0.0054079476032243,0.005008168282013892,0.004638836779118083,0.004297539942163864,0.003982066394691494,0.003690388417908197,0.0034206456158969722,0.003171130167702013,0.002940273494787371,0.0027266341931299967,0.0025288870971763647,0.0023458133588967547,0.0021762914380508147,0.0020192889120638838,0.0018738550242366828,0.001739113897569082,0.0016142583496769544,0.0014985442511562044,0.0013912853756521404,0.0012918486956666857,0.0011996500823800126,0.0011141503723185904,0.0010348517674588463,0.000961294538461166,0.0008930540038584976,0.000829737760574701,0.0007709831436826589,0.0007164548951513368,0.0006658430234194532,0.0006188608373635419,0.0005752431396017516,0.0005347445655503828,0.0004971380558840468,0.00046221345111630355,0.0004297761981251289,0.00039964615922065926,0.00037165651526726174,0.0003456527551476936,0.0003214917444259004,0.0002990408667638547,0.0002781772321804911,0.0002587869467176379,0.00024076443861081702,0.00022401183638513875,0.00020843839473753088,0.0001939599644288437,0.00018049850266313797,0.00016798162077738673,0.00015634216628685393,0.00014551783661820522,0.00013545082202727965,0.00012608747543659156,0.00011737800711382647,0.00010927620225265142,0.00010173915969859766,9.47270501880221e-5,8.820289260239012e-5,8.213234686921863e-5,7.648352222694487e-5,7.122679968793737e-5,3.316733381518249e-5
0.08891910211763343,0.14786366747758173,0.12890076907242065,0.11402622377318306,0.10172506605146792,0.09127422289730092,0.08224584002001412,0.07435624953081521,0.06740347721211193,0.06123650869340547,0.0557383501976616,0.050815897324718806,0.04639348945857369,0.04240860525629042,0.0388088732955717,0.03554992803530832,0.03259382994076809,0.029907874288766068,0.0274636751446401,0.02523644879711351,0.023204444779990896,0.021348488106197383,0.019651606662929533,0.018098724769417818,0.016676408808791066,0.015372654322976853,0.014176706476092482,0.013078907630010628,0.012070567144894184,0.01114384954195699,0.010291677951426992,0.009507650370640525,0.008785966723123262,0.008121365078655046,0.007509065683868804,0.006944721684530808,0.006424375608378302,0.005944420825858304,0.005501567330701243,0.00509281128319701,0.0047154078409913786,0.0043668468720397535,0.004044831201528501,0.003747257093473802,0.0034721967070487497,0.003217882302916933,0.0029826920041585783,0.002765136940437986,0.0025638496259214674,0.002377573439550723,0.0022051530919417056,0.002045525977127524,0.0018977143185918074,0.0017608180297472992,0.001634008218012753,0.001516521269101425,0.0014076534552795728,0.0013067560173472027,0.0012132306752386732,0.0011265255271747966,0.001046131300996806,0.0009715779252837467,0.0009024313911298494,0.0008382908781650079,0.0007787861211300835,0.0007235749955414421,0.0006723413031894804,0.0006247927398183827,0.0005806590291553611,0.0005396902089652225,0.000501655056003884,0.00046633963803029144,0.0004335459821121299,0.0004030908493896316,0.00037480460742732313,0.0003485301919573672,0.00032412215061536267,0.00030144576194584237,0.00028037622345021725,0.0002607979030593531,0.00024260364887715782,0.0002256941524571756,0.0002099773613389441,0.00019536793685167577,0.00018178675357735348,0.00016916043718117344,0.00015742093753841118,0.00014650513438836492,0.00013635447293958896,0.0001269146271006068,0.00011813518815404411,0.00010996937689966568,0.00010237377745418762,9.530809101774792e-5,8.873490807513682e-5,8.261949760904092e-5,7.692961201959331e-5,7.163530655705731e-5,6.670877214935526e-5,6.212418060814106e-5,2.8928770640603636e-5
0.07865688117069469,0.13079993484051622,0.11402622377318306,0.10086879357147227,0.08998761410261968,0.08074310693563413,0.07275682293500685,0.06577784982598067,0.0596275355976954,0.054172303575052316,0.049308669183245835,0.04495427861397017,0.041042207529061736,0.03751715360984942,0.034332792399973666,0.03144988085000067,0.028834859880339514,0.026458800741487765,0.02429659477056495,0.022326319573176268,0.02052873574930364,0.018886881989070625,0.01738574549541172,0.01601199092901273,0.014753735413903069,0.013600360217963181,0.012542351948544417,0.011571167729347936,0.010679120035730238,0.00985927777175713,0.009105380867316437,0.008411766206042004,0.007773303106923202,0.007185336908984319,0.00664363946454033,0.0061443655513812034,0.005684014380290897,0.005259395505627637,0.004867598556895281,0.004505966298512146,0.004172070597471322,0.0038636909403418074,0.0035787951916308597,0.003315522328780199,0.003072166923866887,0.002847165173237784,0.002639082302230873,0.0024466011934200296,0.0022685121061552863,0.0021037033711775732,0.0019511529579418069,0.001809920824620892,0.0016791419706934235,0.00155802012149037,0.0014458219820347624,0.0013418720041070559,0.0012455476167890257,0.0011562748760405687,0.0010735244934147528,0.0009968082084696704,0.0009256754727065483,0.0008597104163769326,0.0007985290723976565,0.0007417768340073974,0.0006891261252109752,0.0006402742650246235,0.0005949415084897727,0.0005528692488407424,0.0005138183668224189,0.000477567714487339,0.0004439127218612976,0.00041266411600374316,0.0003836467429411076,0.0003566984837726937,0.000331669257103007,0.0003084201005502142,0.0002868223247857486,0.0002667567341582541,0.00024811290839341256,0.0002307885404002792,0.00021468882562528883,0.00019972589876283628,0.00018581831404230814,0.0001728905655599684,0.00016087264446412513,0.00014969963008144805,0.00013931131226790168,0.00012965184253455053,0.00012066941166963491,0.00011231595179956016,0.0001045468609584565,9.732074841968356e-5,9.059919918621507e-5,8.434655614479136e-5,7.852971852870543e-5,7.311795543061043e-5,6.808273321028862e-5,6.339755574186483e-5,5.903781651118295e-5,5.498066166428591e-5,2.560243159116819e-5
0.07017022297945363,0.11668842719615569,0.10172506605146792,0.08998761410261968,0.08028070031238177,0.07203379028908752,0.0649092894207779,0.05868337198464668,0.05319667177796861,0.04833003187242657,0.04399113886452111,0.04010652894987088,0.03661650210548606,0.033471725671476826,0.030630875644720335,0.028058944956996457,0.025725996900189174,0.02360622523417616,0.021677231415023812,0.019919459202310363,0.018315745717366716,0.01685096025164201,0.015511710269838053,0.014286099617343895,0.013163527815660603,0.012134522073343368,0.011190595625608812,0.010324127466184108,0.009528259615251666,0.008796808875675077,0.008124190649649976,0.007505352862885867,0.0069357184110517,0.006411134834482801,0.005927830155613281,0.005482373996332002,0.005071643240585719,0.00469279162469502,0.004343222736155561,0.0040205659813343925,0.003722655147133075,0.0034475092367769744,0.003193315305001526,0.0029584130564895075,0.002741281002452564,0.0025405239980470368,0.002354862006437329,0.0021831199543067142,0.0020242185608629684,0.0018771660366648166,0.0017410505609549431,0.0016150334571906066,0.0014983429953223694,0.0013902687578201227,0.0012901565135458697,0.0011974035494584125,0.0011114544157732123,0.001031797044929679,0.0009579592087780621,0.0008895052823699734,0.0008260332856551249,0.0007671721775200924,0.0007125793791888848,0.0006619385061411246,0.0006149572898558314,0.0005713656724433726,0.0005309140589715485,0.0004933717135566333,0.00045852528672669576,0.00042617746275447864,0.00039614571660174375,0.00036826117113199046,0.000342367546097155,0.0003183201911369591,0.00029598519579148146,0.0002752385700590708,0.0002559654896609311,0.00023805960070724316,0.0002214223788508619,0.00020596253849533737,0.0001915954879904108,0.00017824282707606769,0.00016583188320293957,0.000154295283578416,0.00014357056009134048,0.00013359978451726873,0.00012432923158087411,0.00011570906769003573,0.00010769306330882071,0.00010023832713394699,9.330506035263577e-5,8.685632942361703e-5,8.085785595115798e-5,7.527782231828693e-5,7.008669187021869e-5,6.525704252514962e-5,6.07634127819316e-5,5.658215918295513e-5,5.269132434965315e-5,4.9070514788529095e-5,2.2850393865989993e-5
0.06296021825602538,0.10469961851881537,0.09127422289730092,0.08074310693563413,0.07203379028908752,0.06463439279148697,0.05824202652398203,0.052655876308493665,0.04773295961359203,0.043366369377082714,0.03947328234057468,0.03598778695438898,0.032856320419714646,0.03003462144929292,0.027485614056294794,0.02517788975685875,0.02308458915515127,0.021182558681603958,0.01945170212958308,0.017874473391134793,0.01643547367133913,0.01512112743115307,0.013919418616660462,0.012819673725413594,0.011812381736429012,0.010889043392134562,0.010042044102058306,0.009264546039356392,0.008550395970489122,0.007894046083588735,0.007290485637274802,0.006735181677808899,0.00622402740230929,0.005753297007065061,0.005319606064967022,0.004919876640019,0.004551306479789283,0.004211341731760729,0.0038976527177356918,0.0036081123719038516,0.003340777006192522,0.0030938691159439757,0.002865761979436804,0.002654965839385154,0.002460115482397343,0.0022799590573134576,0.0021133479940887018,0.001959227901922121,0.0018166303408057444,0.0016846653734788122,0.0015625148158612302,0.001449426113914045,0.0013447067828229117,0.0012477193519810428,0.0011578767656181127,0.001074638194202008,0.0009975052167990918,0.0009260183388209962,0.0008597538132287807,0.0007983207368286449,0.0007413583959119119,0.0006885338383028541,0.0006395396511967924,0.0005940919260866342,0.0005519283940074414,0.000512806715902505,0.00047650291447881056,0.00044280993505437134,0.00041153632418883604,0.00038250501595638725,0.00035555221656752376,0.00033052637895681757,0.00030728725971532287,0.0002857050514040163,0.0002656595839681227,0.00024703958944921264,0.00022974202475637816,0.00021367144773659034,0.0001987394421352198,0.0001848640874690232,0.00017196947016270142,0.0001599852325942317,0.0001488461570233377,0.00013849178157616113,0.00012886604573152582,0.00011991696297774948,0.00011159631846554803,0.00010385938969609959,9.666468842034048e-5,8.997372210263043e-5,8.375077340360554e-5,7.79626962840649e-5,7.257872744666802e-5,6.757031191863597e-5,6.291094169064149e-5,5.85760064044003e-5,5.454265516431178e-5,5.078966862820497e-5,4.729734058524682e-5,4.404736830129676e-5,2.051137548577238e-5
0.05673165404294522,0.09434266446235684,0.08224584002001412,0.07275682293500685,0.0649092894207779,0.05824202652398203,0.05248212696712473,0.04744865274753329,0.04301277403037718,0.03907816555528243,0.03557020194372962,0.03242949552414376,0.029607785034738265,0.027065190014388008,0.024768304065265645,0.022688827295790248,0.020802558613434496,0.01908863593468374,0.017528951911202184,0.016107696878333577,0.0148109959402285,0.013626616990349338,0.012543733050769279,0.011552726812245423,0.010645028388860556,0.009812979519095405,0.009049719050339272,0.00834908571634485,0.007705535090408694,0.007114068250499761,0.0065701701937183055,0.0060697564214167304,0.0056091264134963265,0.005184922945843717,0.004794096389558897,0.0044338732783429785,0.004101728550156308,0.0037953609639496677,0.0035126712717413883,0.0032517427906892105,0.0030108240720764234,0.0027883134086625627,0.0025827449583164797,0.0023927762930380445,0.0022171772075667145,0.002054819644244185,0.0019046686094914764,0.0017657739726079716,0.0016372630515427908,0.0015183339018311516,0.0014082492348789152,0.0013063309006761184,0.0012119548771805447,0.0011245467154427924,0.0010435773952841183,0.000968559551095316,0.0008990440318833413,0.0008346167635148102,0.0007748958843872521,0.0007195291289702564,0.0006681914360173093,0.0006205827607823032,0.0005764260726635554,0.0005354655214245708,0.0004974647568808978,0.00046220538836053496,0.00042948557165487823,0.00039911871219951156,0.0003709322743855638,0.0003447666878640572,0.00032047434246965534,0.000297918664210365,0.00027697326545607706,0.000257521163051359,0.0002394540586938207,0.0002226716763491102,0.00020708115198220765,0.0001925964713160957,0.0001791379516449909,0.00016663176411802491,0.0001550094932054498,0.0001442077303245217,0.00013416769889870077,0.00012483490830295313,0.0001161588343932124,0.00010809262451959983,0.00010059282506400414,9.361912973509883e-5,8.713414697725502e-5,8.11031850094005e-5,7.549405310147434e-5,7.027687782860557e-5,6.542393314672721e-5,6.090948321115235e-5,5.670963696062991e-5,5.280221355898843e-5,4.91666178611867e-5,4.578372514236508e-5,4.2635774376284844e-5,3.970626941459494e-5,1.8489943736025422e-5
0.051288803934741,0.08529213474652586,0.07435624953081521,0.06577784982598067,0.05868337198464668,0.052655876308493665,0.04744865274753329,0.04289813207320048,0.03888785115243354,0.03533073116616181,0.032159310098666016,0.029319900893661655,0.02676887481977308,0.024470179426737515,0.02239361484671404,0.020513597517590965,0.01880824921239027,0.017258710186908333,0.015848610994714185,0.01456365931158532,0.01339131185972764,0.012320510457751926,0.011341467174940278,0.010445487635073525,0.009624824346260108,0.008872553938352068,0.008182473640594295,0.007549013392092713,0.006967160767134717,0.006432396488104147,0.005940638751785757,0.0054881949419438025,0.005071719569711738,0.004688177496179224,0.004334811658518137,0.0040091146545263995,0.003708803648715328,0.003431798148667148,0.0031762002722303256,0.0029402771843170736,0.002722445429318286,0.0025212569254083397,0.002335386419977714,0.002163620233626269,0.0020048461428326184,0.0018580442717269566,0.0017222788802936373,0.001596690950202817,0.0014804914820754668,0.0013729554284196699,0.0012734161955080363,0.0011812606555088,0.0010959246166566995,0.001016888705423883,0.0009436746198400597,0.0008758417174113929,0.0008129839052084635,0.0007547268031489578,0.0007007251544676549,0.0006506604602690251,0.0006042388171901471,0.0005611889394915564,0.000521260348781933,0.00048422171614338587,0.00044985934299685525,0.00041797576832941843,0.00038838849117938095,0.0003609287981991014,0.00033544068716567094,0.00031177987817879085,0.00028981290497580216,0.0002694162795353937,0.0002504757237618647,0.0002328854625774585,0.00021654757330711975,0.0002013713866285344,0.0001872729348200092,0.00017417444342885616,0.0001620038627686642,0.00015069443600522264,0.0001401843008586685,0.00013041612218900973,0.00012133675300026944,0.00011289692156039519,0.0001050509425558465,9.775645038195488e-5,9.09741527976419e-5,8.46676033470575e-5,7.88029910622687e-5,7.334894610540234e-5,6.827636009143294e-5,6.355821995260801e-5,5.916945429911653e-5,5.5086791300982185e-5,5.128862720743532e-5,4.77549046829644e-5,4.446700020675244e-5,4.140761984713914e-5,3.8560702765907734e-5,3.591133186604681e-5,1.672282552257564e-5
0.04649230908837165,0.07731632008097544,0.06740347721211193,0.0596275355976954,0.05319667177796861,0.04773295961359203,0.04301277403037718,0.03888785115243354,0.035252625381195224,0.03202816586489987,0.02915332295138029,0.026579432978755757,0.024266949416755113,0.022183193075983765,0.02030078970233745,0.018596549384085725,0.01705064082517521,0.01564596876523261,0.014367695219777321,0.013202864967909844,0.01214010817656247,0.01116940114989673,0.010281871588001174,0.009469638425241234,0.008725678884866583,0.008043717203992606,0.007418130798356737,0.006843870597003254,0.006316392992627956,0.005831601388746652,0.005385795735508084,0.004975628760584189,0.004598067845082973,0.004250361687358414,0.003930011048928192,0.003634742997746826,0.003362488162201374,0.003111360586786946,0.002879639845537303,0.0026657551220359565,0.0024682710076633155,0.0022858748062244486,0.0021173651629828733,0.001961641861682406,0.0018176966536983807,0.0016846050018713143,0.0015615186368931194,0.0014476588366909467,0.001342310350678961,0.0012448159002056113,0.001154571194710713,0.0010710204103966392,0.0009936520840856874,0.000921995380531896,0.0008556166961592969,0.0007941165660959766,0.0007371268451089995,0.0006843081361767867,0.000635347443125104,0.0005899560263838439,0.0005478674428544932,0.0005088357529540177,0.0004726338796123362,0.0004390521054153315,0.0004078966955111344,0.0003789886350593517,0.00035216247115814944,0.00032726525002145686,0.00030415554113050625,0.0002827025408719047,0.0002627852488003308,0.0002442917103361612,0.00022711832027063217,0.00021116918193670071,0.0001963555174084551,0.00018259512444410066,0.00016981187630424376,0.000157935260930817,0.00014689995623092282,0.00013664543852845304,0.00012711562148902573,0.0001182585230410098,0.00011002595805837062,0.00010237325471785207,9.525899264401904e-5,8.864476112084509e-5,8.249493576406109e-5,7.677647220621225e-5,7.145871544749893e-5,6.651322365623831e-5,6.191360527784827e-5,5.763536841983381e-5,5.365578156513542e-5,4.995374472996578e-5,4.650967026502146e-5,4.330537255599657e-5,4.032396594053902e-5,3.754977021762579e-5,3.496822316448236e-5,3.256579952949667e-5,1.5164968006787648e-5
0.042237972346782726,0.07024197360737627,0.06123650869340547,0.054172303575052316,0.04833003187242657,0.043366369377082714,0.03907816555528243,0.03533073116616181,0.03202816586489987,0.029098765409055205,0.02648697872392569,0.02414859751424142,0.022047695854571392,0.020154586388190454,0.01844440097529071,0.016896072702068277,0.015491585758323101,0.014215409861712824,0.013054065334012654,0.011995782879879319,0.011030233439457943,0.010148310844096092,0.009341954905986938,0.00860400592125718,0.007928083897305899,0.007308487466301472,0.006740108641599046,0.0062183604466289205,0.005739115095864181,0.005298650893882165,0.004893606391594266,0.004520940624520103,0.004177898479200581,0.0038619804091075682,0.003570915858886206,0.0033026398657219763,0.0030552723957586736,0.0028271000439787294,0.0026165597851138533,0.002422224511073129,0.0022427901292841196,0.002077064029490837,0.001923954753696451,0.0017824627271556467,0.0016516719269980898,0.001530742381790004,0.0014189034092556459,0.0013154475108040735,0.0012197248518850262,0.0011311382657897898,0.0010491387259493543,0.0009732212384050629,0.0009029211114571119,0.000837810564580297,0.0007774956429691272,0.0007216134076151789,0.0006698293742130289,0.0006218351770359131,0.0005773464363656357,0.0005361008104512368,0.0004978562147267846,0.000462389192904299,0.00042949342611270716,0.00039897836753881137,0.00037066799132155857,0.00034439964550646643,0.0003200229999164774,0.00029739908055623817,0.00027639938303156576,0.0002569050581817077,0.00023880616369061167,0.00022200097605404139,0.00020639535779027208,0.00019190217522309459,0.00017844076262447462,0.00016593642882401427,0.00015432000277101118,0.00014352741485610483,0.00013349931103474573,0.0001241806970841558,0.00011552061054587994,0.00010747181810340581,9.999053636504732e-5,9.30361741556013e-5,8.657109460295646e-5,8.056039545580821e-5,7.497170617364849e-5,6.977500047346177e-5,6.494242310942934e-5,6.04481297807667e-5,5.626813913097253e-5,5.2380195900452635e-5,4.876364437155119e-5,4.539931130299077e-5,4.226939762588301e-5,3.9357378225303246e-5,3.6647909187037834e-5,3.412674194255285e-5,3.1780643780814056e-5,2.9597324244020435e-5,1.3782683482149618e-5
0.03844507039049572,0.06393487778099538,0.0557383501976616,0.049308669183245835,0.04399113886452111,0.03947328234057468,0.03557020194372962,0.032159310098666016,0.02915332295138029,0.02648697872392569,0.02410971743311574,0.021981302715281148,0.02006903639580787,0.01834589832547079,0.016789254559473665,0.015379930835002664,0.014101529849124994,0.012939916501611082,0.011882822050460706,0.01091953446070637,0.010040652530734911,0.009237888077187367,0.008503904920649147,0.007832186462155416,0.007216925762360077,0.006652933537962091,0.006135560577482102,0.005660631872845517,0.005224390354879024,0.004823448563528107,0.004454746923141767,0.004115517553294104,0.003803252746949329,0.0035156774072974406,0.0032507248597071214,0.0030065155553226294,0.0027813382639541445,0.0025736334180633327,0.0023819783234865152,0.0022050739961515242,0.0020417334194560294,0.0018908710471451998,0.0017514934012309302,0.0016226906356262213,0.001503628953166098,0.0013935437789093646,0.0012917336052796179,0.0011975544350012642,0.001110414757231979,0.0010297710001130438,0.0009551234097270912,0.0008860123114808015,0.0008220147147808728,0.0007627412264992993,0.0007078332426121662,0.0006569603906193839,0.0006098181984407203,0.0005661259680731258,0.000525624834517905,0.000488075992661598,0.00045325907639255474,0.00042097067595123737,0.000391022980927724,0.00036324253748920045,0.00033746910959934345,0.00031355463495219994,0.0002913622672981826,0.00027076549753231663,0.00025164734670177387,0.00023389962474147565,0.00021742224926383103,0.00020212261928463735,0.00018791503923197474,0.00017472018898652148,0.00016246463611891337,0.00015108038678098706,0.00014050447205232004,0.00013067856683582303,0.00012154863861027704,0.00011306462361108417,0.00010518012821121364,9.785215345388615e-5,9.10408408894912e-5,8.470923799055335e-5,7.882308158479491e-5,7.335059788290792e-5,6.826231777316621e-5,6.353090618544765e-5,5.913100441084021e-5,5.5039084371143535e-5,5.123331389464566e-5,4.769343214432718e-5,4.440063441484368e-5,4.133746556736289e-5,3.848772143975768e-5,3.58363576168422e-5,3.33694049959336e-5,3.1073891631697896e-5,2.8937770376590575e-5,2.694985187731019e-5,1.2549871262033648e-5
0.0350493633276866,0.05828822158743674,0.050815897324718806,0.04495427861397017,0.04010652894987088,0.03598778695438898,0.03242949552414376,0.029319900893661655,0.026579432978755757,0.02414859751424142,0.021981302715281148,0.020040868033071924,0.01829748489434313,0.01672652093564231,0.01530734235186082,0.014022469259107051,0.012856953311351227,0.011797908437515742,0.010834149981892277,0.009955912420121393,0.009154625216036494,0.008422732489646118,0.007753546233417868,0.007141125592480535,0.006580176658662645,0.006065968598222005,0.005594262924505211,0.005161253450938166,0.0047635149991061,0.0043979593402591055,0.004061797158106645,0.0037525050579004654,0.003467796830346273,0.0032055983243062247,0.002964025396317134,0.002741364496181481,0.0025360555218435846,0.0023466766352436344,0.002171930779925578,0.0020106336809329814,0.0018617031398090178,0.0017241494650203568,0.00159706690064549,0.0014796259354314459,0.0013710663898186155,0.0012706911924104912,0.0011778607689102681,0.001091987976024139,0.0010125335214422292,0.0009390018181369454,0.0008709372273880862,0.0008079206504397335,0.0007495664331155227,0.0006955195519377597,0.000645453053840575,0.0005990657245051982,0.0005560799631607535,0.0005162398440546907,0.000479309346823829,0.00044507073998025296,0.0004133231031829693,0.0003838809755308155,0.00035657311840221317,0.00033124138243360163,0.00030773966930300756,0.0002859329798612451,0.00026569654102368,0.0002469150044668881,0.00022948171089190016,0.0002132980142098128,0.00019827266047716795,0.000184321216915289,0.00017136554677159603,0.00015933332614681116,0.00014815759929256815,0.00013777636914919563,0.0001281322202076932,0.00011917197104638995,0.00011084635408798544,0.00010310972036279686,9.591976724699345e-5,8.923728730830414e-5,8.30259365748947e-5,7.725202065367483e-5,7.188429727588807e-5,6.689379397229497e-5,6.225363966737155e-5,5.793890910083454e-5,5.3926479061039466e-5,5.0194895513383e-5,4.672425076340575e-5,4.3496069876164064e-5,4.0493205637410264e-5,3.7699741390204524e-5,3.510090114295912e-5,3.2682966387925436e-5,3.043319911527696e-5,2.8339770552300732e-5,2.639169518671707e-5,2.4578769673352756e-5,1.1445758128282926e-5
0.03199864730952717,0.05321520599298313,0.04639348945857369,0.041042207529061736,0.03661650210548606,0.032856320419714646,0.029607785034738265,0.02676887481977308,0.024266949416755113,0.022047695854571392,0.02006903639580787,0.01829748489434313,0.01670582868311793,0.015271580496231452,0.013975903382207167,0.012802839628922535,0.011738742585821027,0.010771848270953677,0.009891945940196822,0.009090120388624723,0.008358547329036237,0.007690328765917465,0.007079358995822821,0.006520214401629948,0.006008061973964363,0.005538582743713924,0.005107907214597418,0.004712560545842431,0.004349415727411335,0.00401565335864279,0.003708726923745534,0.0034263326740626293,0.003166383394582209,0.002926985464924335,0.0027064187291630237,0.002503118772129491,0.002315661267354628,0.0021427481151977124,0.0019831951345147397,0.0018359211075164167,0.001699938006935471,0.0015743422597306253,0.0014583069221149464,0.0013510746582806876,0.001251951429339409,0.001160300811664492,0.0010755388743625277,0.0009971295542525842,0.0009245804745934109,0.0008574391603063079,0.0007952896080740159,0.0007377491747124435,0.0006844657512490547,0.0006351151939926365,0.0005893989871154949,0.0005470421139509608,0.0005077911167792239,0.00047141232702962825,0.0004376902496778818,0.00040642608742707913,0.0003774363915914191,0.0003505518280295418,0.00032561604765244095,0.0003024846520040033,0.0002810242453935158,0.0002611115658589626,0.00024263268803482313,0.00022548229157426294,0.00020956298943063806,0.000194784710845536,0.00018106413432110577,0.00016832416631714676,0.00015649346180022236,0.00014550598310628235,0.00013530059392552777,0.00012582068546057286,0.00011701383209574518,0.00010883147415867434,0.00010122862553352827,9.416360410445415e-5,8.759778317482254e-5,8.14953621573228e-5,7.582315499720825e-5,7.055039489193421e-5,6.564855400881882e-5,6.109117701599332e-5,5.6853727321411586e-5,5.291344502325384e-5,4.924921564463422e-5,4.584144881554443e-5,4.26719661165909e-5,3.972389737383472e-5,3.698158475244813e-5,3.4430494040795586e-5,3.205713257349433e-5,2.9848973281280185e-5,2.7794384397624773e-5,2.588256439255707e-5,2.4103481731068647e-5,2.2447819090203253e-5,1.0453460849601214e-5
0.02924978446162263,0.048644105694946815,0.04240860525629042,0.03751715360984942,0.033471725671476826,0.03003462144929292,0.027065190014388008,0.024470179426737515,0.022183193075983765,0.020154586388190454,0.01834589832547079,0.01672652093564231,0.015271580496231452,0.013960522504315509,0.012776129001284553,0.01170381377763044,0.010731103034678557,0.009847243815671453,0.009042902892491267,0.008309931218587613,0.0076411768966285765,0.007030334703621938,0.006471823609824734,0.005960686046207822,0.005492504289296624,0.005063330475333985,0.004669627582960273,0.004308219327870344,0.003976247362967381,0.003671134514291491,0.0033905530412816215,0.0031323971078022345,0.002894758803519852,0.002675907176557829,0.0024742698335356444,0.0022884167392255503,0.0021170459097698754,0.001958970742199813,0.001813108763952763,0.0016784716192607269,0.0015541561362191966,0.0014393363412950541,0.0013332563068247268,0.0012352237331271082,0.0011446041797857492,0.0010608158722343886,0.0009833250194134224,0.0009116415861730835,0.000845315471284875,0.0007839330478708571,0.0007271140282086499,0.0006745086194555466,0.0006257949405246918,0.0005806766738665828,0.0005388809288668465,0.0005001562960228502,0.0004642710734106964,0.00043101164892410566,0.00040018102345791735,0.0003715974618637794,0.0003450932597211902,0.0003205136152724178,0.0002977155969465118,0.00027656719778716525,0.00025694646899598796,0.00023874072553367771,0.00022184581744796612,0.00020616546112402472,0.00019161062525160878,0.00017809896679899873,0.00016555431267731334,0.0001539061832016267,0.00014308935380901453,0.00013304345179899254,0.00012371258517937089,0.00011504500092189692,0.00010699277019429786,9.951149835770107e-5,9.256005768127663e-5,8.61003409263596e-5,8.009703410495161e-5,7.451740685412078e-5,6.933111902071164e-5,6.451004214302523e-5,6.002809464263764e-5,5.586108964338488e-5,5.198659440724322e-5,4.838380047602546e-5,4.503340367144771e-5,4.191749318839652e-5,3.9019449063408583e-5,3.632384736871556e-5,3.3816372535588305e-5,3.148373625083689e-5,2.9313602422378145e-5,2.7294517745685924e-5,2.541584744142724e-5,2.3667715771630716e-5,2.204095096633294e-5,2.0527034226226184e-5,9.559026247248374e-6
0.026766640257624652,0.04451483965436065,0.0388088732955717,0.034332792399973666,0.030630875644720335,0.027485614056294794,0.024768304065265645,0.02239361484671404,0.02030078970233745,0.01844440097529071,0.016789254559473665,0.01530734235186082,0.013975903382207167,0.012776129001284553,0.01169226367972423,0.01071096008249306,0.00982080384667608,0.00901195527518367,0.008275873802257278,0.007605102455564061,0.00699309671183701,0.006434086804521066,0.005922965647194009,0.005455196658037065,0.0050267372475819305,0.004633974777979735,0.0042736725590175745,0.003942923999041031,0.003639113440772196,0.003359882520162269,0.0031031011227594524,0.0028668421931360988,0.0026493597930636187,0.0024490699151571774,0.002264533645806442,0.0020944423408677942,0.001937604534060923,0.0017929343426658084,0.0016594411725922437,0.001536220555251839,0.0014224459733103816,0.0013173615533985557,0.0012202755210547166,0.0011305543278815923,0.0010476173727300593,0.000970932249319191,0.0009000104615166579,0.000834403554740213,0.000773699618515972,0.0007175201206721625,0.000665517038357823,0.0006173702552719762,0.0005727851978647482,0.0005314906864933768,0.0004932369802223245,0.00045779399619999377,0.00042494968669423705,0.0003945085586711111,0.0003662903223491552,0.0003401286566755953,0.00031587008078322494,0.00029337292168119325,0.00027250636941818056,0.00025314961177033864,0.00023519104132712146,0.00021852752851681673,0.0002030637547784193,0.00018871160056841254,0.00017538958343890718,0.00016302234187712348,0.00015154016095637445,0.00014087853623563715,0.00013097777266840843,0.00012178261556100708,0.00011324191091100205,0.00010530829265907116,9.793789462747755e-5,9.109008512191673e-5,8.472722232245379e-5,7.881442877269505e-5,7.331938341601039e-5,6.821212975264288e-5,6.346489883144227e-5,5.905194587438518e-5,5.494939944778593e-5,5.1135122189194856e-5,4.758858216542708e-5,4.4290734028018595e-5,4.1223909190576946e-5,3.8371714327808644e-5,3.571893753918313e-5,3.325146158271442e-5,3.0956183633211996e-5,2.8820941056049748e-5,2.6834442735153437e-5,2.498620552674564e-5,2.3266495445624282e-5,2.166627322463811e-5,2.0177143910539213e-5,1.8791310190115716e-5,8.750764582914175e-6
0.024518604148597467,0.040776511393128434,0.03554992803530832,0.03144988085000067,0.028058944956996457,0.02517788975685875,0.022688827295790248,0.020513597517590965,0.018596549384085725,0.016896072702068277,0.015379930835002664,0.014022469259107051,0.012802839628922535,0.01170381377763044,0.01071096008249306,0.009812052737548732,0.0089966364683024,0.008255698337055,0.007581415364080135,0.006966957103386018,0.006406328881248036,0.005894245675468063,0.005426029457668305,0.004997524764148623,0.004605028613670029,0.004245231848643463,0.003915169669564317,0.003612179639003621,0.003333865808684347,0.0030780679054261753,0.002842834728221909,0.0026264010745546545,0.0024271676424317337,0.0022436834563146213,0.0020746304448971895,0.0019188098624910513,0.00177513029749745,0.0016425970523462757,0.00152030271360876,0.001407418758797293,0.001303188068941863,0.0012069182352679106,0.0011179755640510665,0.001035779697195937,0.0009597987769232839,0.0008895450926553854,0.0008245711562632034,0.0007644661584677182,0.0007088527652099989,0.0006573842177900087,0.000609741704889262,0.0005656319784355882,0.0005247851883606516,0.00048695291425143034,0.00045190637437584995,0.0004194347946174237,0.0003893439218226914,0.0003614546677162831,0.00033560187095583137,0.0003116331662862083,0.0002894079507710732,0.0002687964381740682,0.00024967879346430005,0.00023194434016633562,0.00021549083402662168,0.0002002237970807775,0.0001860559068152163,0.00017290643555787234,0.0001607007357347051,0.00014936976704412516,0.00013884966193127663,0.00012908132609864816,0.00012001007108580373,0.00011158527620706328,0.000103760077402054,9.649108073963783e-5,8.973809853547038e-5,8.346390622989515e-5,7.763401830932198e-5,7.221648172226489e-5,6.718168536914483e-5,6.250218435947482e-5,5.815253785820167e-5,5.4109159420296944e-5,5.0350178818735864e-5,4.6855314458055675e-5,4.3605755526615934e-5,4.0584053123842974e-5,3.7774019652064015e-5,3.516063583151321e-5,3.27299647366313e-5,3.0469072309073316e-5,2.8365953847579077e-5,2.640946600850015e-5,2.4589263894404475e-5,2.2895742838275853e-5,2.1319984523096678e-5,1.9853707107644588e-5,1.8489219049957594e-5,1.7219376348068607e-5,8.01877147040182e-6
0.022479499459821584,0.037385596515591146,0.03259382994076809,0.028834859880339514,0.025725996900189174,0.02308458915515127,0.020802558613434496,0.01880824921239027,0.01705064082517521,0.015491585758323101,0.014101529849124994,0.012856953311351227,0.011738742585821027,0.010731103034678557,0.00982080384667608,0.0089966364683024,0.008249015541710869,0.0075696780216263915,0.006951451798968333,0.006388074705901525,0.005874050799802397,0.005404534738092506,0.00497523766354753,0.004582349801208668,0.004222476208278633,0.0038925829967696585,0.003589951984335732,0.0033121421930423223,0.003056956961654596,0.002822415695792495,0.002606729478763073,0.002408279917928288,0.0022256007191482144,0.002057361575080359,0.0019023540262500666,0.0017594790123030765,0.0016277358782682341,0.0015062126381550044,0.001394077329680471,0.0012905703194124422,0.0011949974383133714,0.0011067238453034353,0.00102516853090159,0.0009497993853535593,0.0008801287655912718,0.0008157095042656132,0.0007561313114967522,0.0007010175260628634,0.0006500221782693404,0.0006028273313111541,0.0005591406718968416,0.0005186933244259138,0.00048123786584676996,0.0004465465210267399,0.00041440952073903276,0.0003846336062546503,0.0003570406663326534,0.0003314664939156548,0.00030775965113691555,0.0002857804325172141,0.0002653999171633708,0.0002464991017836508,0.00022896810716240175,0.00021270545141991067,0.00019761738407250273,0.00018361727546956216,0.00017062505674239094,0.00015856670580448404,0.00014737377540290737,0.0001369829596013501,0.0001273356953778071,0.00011837779634482496,0.00011005911587197827,0.00010233323712491868,9.515718777931771e-5,8.849117733816694e-5,8.229835518234834e-5,7.654458765534345e-5,7.119825260802604e-5,6.623004998354358e-5,6.161282713956513e-5,5.7321417710170424e-5,5.3332492927146485e-5,4.962442439133811e-5,4.617715738192531e-5,4.2972093871325705e-5,3.999198446925586e-5,3.72208285957489e-5,3.464378223180895e-5,3.224707265961086e-5,3.0017919640422104e-5,2.7944462530936636e-5,2.601569287973655e-5,2.422139207643593e-5,2.2552073666060784e-5,2.0998929968815217e-5,1.9553782674964126e-5,1.8209037113028513e-5,1.695763990840134e-5,1.5793039775286366e-5,7.354575603071172e-6
0.020626761473014454,0.03430457613425675,0.029907874288766068,0.026458800741487765,0.02360622523417616,0.021182558681603958,0.01908863593468374,0.017258710186908333,0.01564596876523261,0.014215409861712824,0.012939916501611082,0.011797908437515742,0.010771848270953677,0.009847243815671453,0.00901195527518367,0.008255698337055,0.0075696780216263915,0.006946312612978761,0.006379021364416121,0.005862058430411973,0.005390381003053696,0.004959543222668297,0.004565609824919797,0.004205085121268701,0.0038748540476567783,0.003572132822226126,0.0032944273361236176,0.0030394978274692896,0.0028053287058767973,0.0025901026323370616,0.0023921781413754756,0.0022100702318965035,0.0020424334611095288,0.0018880471614785219,0.0017458024677418568,0.001614690894719703,0.001493794250132966,0.0013822757010622175,0.0012793718415485787,0.0011843856322293553,0.0010966801018909705,0.0010156727170019322,0.0009408303385374066,0.00087166469673906,0.0008077283235693941,0.0007486108907837734,0.0006939359083348671,0.0006433577433998423,0.0005965589253864156,0.0005532477064674989,0.0005131558508236125,0.0004760366290053105,0.000441662996428744,0.0004098259374995337,0.0003803329589453612,0.0003530067176659322,0.0003276837700652048,0.00030421343121952646,0.0002824567334276497,0.0002622854748554537,0.00024358134984494347,0.0002262351533776465,0.00021014605294152576,0.0001952209216776377,0.00018137372731515545,0.00016852497191851027,0.00015660117798280268,0.0001455344167847752,0.00013526187531887144,0.0001257254584973739,0.00011687142357104819,0.00010865004402490618,0.00010101530045302908,9.392459613170759e-5,8.733849523402757e-5,8.122048178512364e-5,7.553673764218644e-5,7.025593794014154e-5,6.534906255871616e-5,6.078922230791568e-5,5.655149863659768e-5,5.261279576511662e-5,4.895170425084957e-5,4.554837506043894e-5,4.2384403311800426e-5,3.9442720922185006e-5,3.670749744982176e-5,3.416404848664541e-5,3.179875100445457e-5,2.959896511488193e-5,2.755296173681727e-5,2.5649855713116235e-5,2.3879543956080787e-5,2.223264822947456e-5,2.0700462211557726e-5,1.927490250893673e-5,1.7948463318168768e-5,1.6714174458183715e-5,1.5565562513935487e-5,1.4496614855364991e-5,6.750873157641488e-6
