0.06134155474856606,0.10913161057882581,0.09990217587465966,0.09231760315728388,0.0857859942378385,0.08002433447840529,0.0748655276139032,0.07019885236078283,0.06594539103918828,0.06204598463266042,0.058454612652806937,0.05513444619795593,0.05205534588682714,0.04919219745094461,0.04652376059709684,0.044031846858172186,0.04170071634299122,0.0395166247911255,0.037467476659750476,0.0355425547772128,0.03373230642608249,0.03202817177729622,0.030422444616347577,0.028908158051933586,0.02747898980713992,0.026129183035248693,0.024853479579844018,0.023647063305269667,0.022505511653530597,0.0214247539715407,0.020401035456411865,0.019430885796973052,0.018511091762786147,0.01763867313479922,0.016810861479776507,0.0160250813570586,0.015278933619095214,0.014570180518585996,0.01389673238379635,0.013256635661901217,0.012648062157570028,0.012069299321669974,0.011518741464708437,0.01099488178930444,0.010496305147386586,0.010021681442329483,0.00956975960754558,0.00913936209949226,0.008729379852446872,0.008338767648367357,0.007966539860387312,0.0076117665346400465,0.007273569777181188,0.0069511204177722385,0.006643634925918518,0.006350372555692929,0.006070632699468337,0.005803752432521736,0.005549104231816149,0.0053060938551885845,0.005074158366873693,0.004852764297652121,0.004641405929367334,0.004439603693484048,0.004246902675070691,0.004062871213901004,0.003887099595906371,0.003719198827647277,0.0035587994878168022,0.003405550650601663,0.003259118875340486,0.003119187257928792,0.002985454539702892,0.002857634269654262,0.002735454016711783,0.0026186546283126777,0.00250698953223058,0.002400224079117906,0.002298134922752215,0.0022005094356989732,0.0021071451581332404,0.0020178492775617604,0.0019324381378105701,0.001850736775146633,0.0017725784799021566,0.0016978043822670139,0.001626263060526635,0.0015578101705416084,0.0014923080950663588,0.00142962561195022,0.0013696375798881652,0.001312224640743237,0.0012572729376205578,0.0012046738476212057,0.0011543237285274142,0.0011061236785971582,0.0010599793086964147,0.001015800526202048,0.0009735013298758782,0.0009329996151264501,0.0004471084945997378
0.10913161057882581,0.1941543171861877,0.1777345849470815,0.1642411476371728,0.1526209883901446,0.1423706097303019,0.13319273889187322,0.12489039708613436,0.11732318575562006,0.11038585800839451,0.10399654105912415,0.09808971441911352,0.09261175859292292,0.08751799401272686,0.08277063310631472,0.07833731765219198,0.07419004556715403,0.07030436509406934,0.06665875762603335,0.06323415674658528,0.060013567660830436,0.05698176197128735,0.054125029902907684,0.051430976973140696,0.048888355500312675,0.04648692373108143,0.04421732710691384,0.04207099744622078,0.04004006676174021,0.03811729312269874,0.036295996511741646,0.03457000303669133,0.03293359616508573,0.031381473903659196,0.02990871103703563,0.028510725693653982,0.027183249636617002,0.025922301768581346,0.024724164426504436,0.02358536211017881,0.02250264233715943,0.021472958365896522,0.020493453564025932,0.01956144723375003,0.018674421726540602,0.01783001070521706,0.017025988431566885,0.01626025996913366,0.015530852207512214,0.01483590562510051,0.014173666716564337,0.013542481022204733,0.012940786700110618,0.012367108590859266,0.011820052730989211,0.011298301273494266,0.010800607779974769,0.0103257928523601,0.009872740074499647,0.009440392239125461,0.009027747835152117,0.008633857774480141,0.008257822340057508,0.007898788336826251,0.007555946430223087,0.007228528657460209,0.006915806099544369,0.006617086700990732,0.006331713226580465,0.006059061345956976,0.005798537836167267,0.005549578894054871,0.005311648550909931,0.0050842371819968535,0.004866860105155704,0.004659056261753197,0.004460386974590599,0.00427043477824425,0.004088802316483717,0.003915111302697422,0.003749001539309779,0.0035901299921720503,0.003438169917017786,0.0032928100341914485,0.003153753748747601,0.003020718413546737,0.002893434632282345,0.0027716456002988415,0.0026551064807039462,0.002543583814073963,0.0024368549593811323,0.0023347075644028145,0.002236939064153884,0.0021433562054351957,0.002053774596167124,0.0019680182780452,0.0018859193211453185,0.0018073174394696787,0.0017320596260112509,0.0016599998062983637,0.000795499254801664
0.09990217587465966,0.1777345849470815,0.16270361676440492,0.15035143002184093,0.13971407521228763,0.13033064213929002,0.12192900223945768,0.11432883777684566,0.10740162552522659,0.10105102069097294,0.09520207553392979,0.08979481148253532,0.08478014433476821,0.08011717364826931,0.07577130802864351,0.0717129261995837,0.06791639456612475,0.06435932956060797,0.06102203266958317,0.057887050155210895,0.054938824676189046,0.05216341588051976,0.049548273588208125,0.04708205165970836,0.04475445375593523,0.04255610438124491,0.04047844019284186,0.03851361771047379,0.03665443442347438,0.03489426092379466,0.03322698218840858,0.03164694650986066,0.030148920855587402,0.028728051669327792,0.027379830303822184,0.026100062414727287,0.024884840764386407,0.023730520967782498,0.02263369979237262,0.021591195685847164,0.02060003125042431,0.01965741742732907,0.018760739187273667,0.017907542554784106,0.0170955228127887,0.016322513757534574,0.0155864778922995,0.014885497458863861,0.014217766221001626,0.013581581923966135,0.012975339362465144,0.012397523999626348,0.011846706082836084,0.011321535210465306,0.010820735309407775,0.010343099985212156,0.009887488212434792,0.009452820335840578,0.009038074355263742,0.008642282471700957,0.008264527871721855,0.007903941731124381,0.007559700421134158,0.007231022900326928,0.006917168278241959,0.006617433537160683,0.006331151401027663,0.006057688339574097,0.005796442697893006,0.0055468429430404614,0.005308346018605331,0.005080435799839106,0.004862621642393802,0.004654437017912114,0.0044554382311574325,0.00426520321252806,0.0040833303810188515,0.003909437573489355,0.0037431610353357847,0.003584154468841083,0.0034320881355270477,0.0032866480088302036,0.0031475349744388703,0.0030144640748200266,0.002887163795279507,0.002765375389381923,0.002648852240924718,0.0025373592605063763,0.002430672314403977,0.002328577684202443,0.0022308715550051553,0.0021373595306324183,0.0020478561744735405,0.001962184574245608,0.0018801759294413967,0.0018016691601264595,0.0017265105358297492,0.0016545533236034735,0.0015856574539508325,0.001519689203670821,0.0007282604474365285
0.09231760315728388,0.1642411476371728,0.15035143002184093,0.13893709442107394,0.12910738426886814,0.12043638634945619,0.112672634869039,0.10564950365652637,0.09924822828461677,0.0933797794429565,0.08797490019046905,0.08297816614073739,0.0783442200631903,0.07403526709042718,0.07001934235387974,0.06626907371930191,0.06276077394680302,0.05947375904719565,0.05638982620757704,0.05349284694331402,0.05076844517160528,0.04820373901981734,0.045787131230588196,0.04350813716337831,0.04135724226605719,0.03932578290970201,0.037405845950982286,0.03559018344954856,0.0338721397654983,0.032245588845617346,0.030704879964276843,0.029244790531744225,0.02786048484311965,0.026547477856144308,0.025301603248633286,0.02411898513634808,0.022996012941809862,0.021929318981888768,0.02091575841535981,0.01995239124921072,0.019036466143682818,0.018165405797640533,0.01733679372558833,0.016548362267253147,0.01579798168780966,0.015083650248681357,0.014403485145850548,0.013755714222318305,0.01313866837548,0.012550774589167202,0.011990549527973432,0.011456593640735313,0.010947585723156433,0.010462277897082928,0.00999949096939684,0.009558110135212877,0.009137080995460983,0.008735405861714868,0.008352140323141327,0.007986390054845915,0.007637307846440483,0.007304090833208321,0.006985977914432978,0.006682247343348879,0.006392214475745783,0.006115229664728536,0.005850676291447296,0.005597968920763349,0.005356551572841525,0.0051258961028825545,0.004905500680625813,0.004694888362776831,0.004493605751934623,0.004301221735777225,0.00411732630159517,0.003941529420485632,0.0037734599966447735,0.0036127648779319954,0.0034591079231753724,0.003312169122776376,0.0031716437692155403,0.0030372416740614694,0.002908686429021652,0.0027857147078282282,0.002668075606503284,0.0025555300199953737,0.002447850052594673,0.0023448184603157493,0.0022462281231363027,0.0021518815456528784,0.0020615903841475977,0.0019751749985939607,0.0018924640283681168,0.0018132939900518813,0.0017375088962020974,0.0016649598938482876,0.001595504921558015,0.0015290083842163446,0.0014653408443162166,0.0014043787288817305,0.0006730020256667663
0.0857859942378385,0.1526209883901446,0.13971407521228763,0.12910738426886814,0.11997318991812689,0.11191571699125902,0.1047012936724685,0.09817508443626388,0.09222672875501581,0.08677349712921356,0.08175103331357403,0.0771078348096752,0.07280175391065047,0.06879767015032967,0.06506588052292361,0.061580949768785365,0.0583208667742916,0.055266411162157025,0.05240066815967892,0.04970865053984597,0.04717699947487364,0.044793744614559095,0.042548109322642635,0.040430350849241625,0.038431627887978714,0.03654388984311241,0.03475978349906217,0.03307257377254513,0.031476075968758344,0.029964597505363177,0.028532887492858205,0.027176092882264635,0.025889720133068783,0.024669601554182352,0.02351186562169688,0.022412910698052957,0.02136938167918706,0.020378149168068183,0.019436290841202353,0.018541074728210427,0.01768994416285491,0.01688050420256798,0.016110509341152157,0.015377852366825095,0.014680554233732934,0.014016754835357637,0.01338470458404778,0.012782756709917131,0.012209360205485464,0.011663053350783298,0.011142457760951602,0.010646272906967041,0.010173271063021627,0.009722292641068803,0.009292241878126412,0.008882082843517686,0.008490835738252961,0.008117573461330158,0.007761418419607619,0.007421539561992652,0.0070971496182672955,0.00678750252617602,0.0064918910324334445,0.0062096444532085265,0.005940126582036742,0.005682733733545248,0.005436892913526267,0.005202060105106557,0.004977718662639449,0.004763377806084726,0.0045585712080997015,0.004362855667478599,0.004175809862971655,0.0039970331816829435,0.003826144617484553,0.0036627817341620267,0.0035065996890518703,0.003357270313614838,0.003214481246736206,0.0030779351175528394,0.0029473487746509916,0.0028224525584764765,0.0027029896146704008,0.002588715245350273,0.002479396296054974,0.002374810576487467,0.0022747463126456674,0.002179001628659319,0.0020873840563699897,0.0019997100713173635,0.0019158046532677872,0.0018355008699172531,0.0017586394826223373,0.0016850685726600145,0.00161464318696989,0.0015472250022292126,0.0014826820061814641,0.0014208881954258235,0.001361723288549263,0.0013050724537853192,0.000625413025278956
0.08002433447840529,0.1423706097303019,0.13033064213929002,0.12043638634945619,0.11191571699125902,0.10439944400177215,0.09766959183041024,0.09158172561043787,0.08603289798685076,0.08094593659276916,0.07626080814076719,0.07192946967319913,0.06791260463966742,0.06417745169311906,0.060696303042253597,0.05744543196633445,0.05440430588174738,0.05155499548001452,0.04888172218356768,0.04637050548205457,0.0440088838803272,0.04178569109298158,0.03969087436352725,0.037715345372884124,0.035850856693077304,0.034089898492613346,0.032425611475288774,0.03085171295564071,0.029362433665688248,0.027952463393492444,0.026616903950373527,0.025351228264292036,0.024151244622675372,0.02301306527436331,0.021933078741211032,0.020907925302627473,0.019934475211405678,0.019009809266239353,0.01813120142989849,0.01729610323197034,0.01650212973077242,0.015747046845123125,0.015028759892416976,0.014345303195108905,0.013694830632587696,0.013075607034360393,0.012486000325209856,0.0119244743413974,0.011389582249231811,0.01087996050510906,0.010394323302950315,0.009931457462982907,0.009490217718516908,0.009069522363879812,0.008668349231412548,0.008285731966912319,0.007920756577591698,0.0075725582290268045,0.007240318269316093,0.006923261462487007,0.0066206534127935535,0.006331798164629671,0.006056035964679546,0.005792741172832433,0.0055413203106216835,0.005301210236353993,0.005071876438100004,0.004852811434981688,0.00464353327894719,0.004443584150282717,0.004252529039608474,0.004069954510422191,0.003895467536623662,0.0037286944096076996,0.003569279710670864,0.00341688534380101,0.0032711896248954625,0.003131886424090888,0.0029986843572778338,0.0028713060238157104,0.0027494872875035575,0.0026329765978603537,0.002521534349582355,0.002414932277396434,0.0023129528841820263,0.002215388900620556,0.0021220427741245954,0.0020327261854776804,0.0019472595913537852,0.0018654717914693073,0.0017871995186289,0.0017122870503889914,0.001640585841269776,0.0015719541741170823,0.0015062568296381577,0.0014433647730386079,0.0013831548567543525,0.001325509538538456,0.0012703166138602721,0.0012174689618555251,0.0005834321521143177
0.0748655276139032,0.13319273889187322,0.12192900223945768,0.112672634869039,0.1047012936724685,0.09766959183041024,0.09137360760187652,0.08567821845465784,0.08048711449237644,0.07572809898270005,0.07134500924200227,0.06729289984733633,0.06353498915287425,0.060040628072820734,0.05678389525154248,0.053742593726177956,0.05089751473026971,0.04823188492728303,0.04573094304394787,0.043381609944396216,0.041172227569923225,0.03909234956330643,0.03713257130179248,0.03528439041823561,0.0335400912204139,0.03189264805631342,0.030335643866195583,0.028863201024332263,0.027469922220127896,0.02615083960163589,0.024901370775215204,0.023717280536369456,0.022594647418020197,0.02152983431684502,0.02051946259009385,0.019560389120764188,0.018649685937968674,0.017784622042041287,0.016962647143407394,0.016181377070959846,0.015438580639078547,0.01473216779618558,0.01406017890182798,0.013420775003284091,0.012812228996603447,0.012232917574714869,0.01168131387902327,0.011155980778785934,0.010655564714016852,0.010178790044950647,0.009724453857478915,0.009291421181474607,0.008878620581449587,0.008485040085086437,0.008109723419613107,0.007751766527383602,0.0074103143364030455,0.007084557763788829,0.006773730931792898,0.0064771085795800876,0.006194003653590213,0.005923765062192443,0.005665775582116742,0.005419449904058488,0.005184232806939526,0.0049595974506920215,0.0047450437793039035,0.004540097025179102,0.004344306307505763,0.004157243318318793,0.003978501089469164,0.003807692834948778,0.0036444508633609873,0.0034884255554749333,0.003339284402881962,0.003196711103142111,0.0030604047077210303,0.002930078819614053,0.002805460836984061,0.00268629124002083,0.002572322918267665,0.0024633205356583074,0.002359059931269683,0.0022593275531885004,0.0021639199235016365,0.0020726431327811323,0.0019853123619613805,0.00190175143014025,0.001821792366591482,0.0017452750058213617,0.001672046604043284,0.0016019614758762818,0.0015348806502672487,0.0014706715443283634,0.001409207654176712,0.0013503682617727192,0.0012940381568156724,0.001240107373004378,0.0011884709376873796,0.0011390286341903255,0.0005458423881303971
0.07019885236078283,0.12489039708613436,0.11432883777684566,0.10564950365652637,0.09817508443626388,0.09158172561043787,0.08567821845465784,0.08033786433475432,0.0754703575709823,0.07100800236868543,0.0668981373758668,0.06309861918627613,0.05957495921803613,0.05629841912804712,0.05324469356299799,0.05039296937278204,0.04772523531066053,0.045225763727806845,0.04288071360054424,0.040677821173027984,0.03860615517227728,0.036655920485607285,0.03481829878988352,0.033085317768205114,0.031449742734890984,0.029904986025279134,0.028445030625526835,0.027064365325896955,0.025757929287549497,0.024521064356622546,0.023349473807019905,0.022239186457079285,0.021186525303343473,0.02018807997815264,0.01924068246135563,0.018341385575321667,0.017487443875845277,0.01667629661033826,0.015905552470475537,0.015172975910262398,0.014476474831809416,0.013814089472746871,0.01318398235181062,0.012584429151636434,0.012013810430850203,0.011470604074156177,0.010953378402057262,0.010460785869215505,0.009991557291208208,0.009544496546263326,0.00911847570453958,0.00871243054455395,0.008325356418729807,0.00795630443575382,0.007604377931585332,0.0072687292022633465,0.006948556475764978,0.006643101102276755,0.006351644943776158,0.006073507947164394,0.005808045884849539,0.005554648249379623,0.005312736290390141,0.005081761182048283,0.004861202311132795,0.0046505656762473035,0.004449382390421655,0.004257207278710887,0.00407361756394263,0.003898211634690188,0.0037306078891099353,0.003570443649435373,0.003417374142243995,0.003271071539750703,0.0031312240583938333,0.002997535110389485,0.002869722504785399,0.0027475176951041597,0.002630665070131641,0.002518921285232685,0.002412054631610726,0.0023098444409273625,0.0022120805234106464,0.0021185626370133215,0.002029099985754193,0.0019435107457155404,0.0018616216167251162,0.0017832673983458128,0.0017082905885673488,0.001636541004105617,0.0015678754207847367,0.0015021572328822765,0.0014392561304997567,0.0013790477937315922,0.0013214136027762426,0.0012662403630488532,0.0012134200444123104,0.001162849533877977,0.001114430400861205,0.0010680686743238417,0.0005118373156393439
0.06594539103918828,0.11732318575562006,0.10740162552522659,0.09924822828461677,0.09222672875501581,0.08603289798685076,0.08048711449237644,0.0754703575709823,0.0708977940659059,0.06670583054693169,0.06284499693898216,0.05927570372453217,0.05596555232723199,0.052887545944146686,0.050018852122071245,0.0473399189826601,0.044833826754825945,0.042485800878663715,0.04028283908931285,0.038213420806763154,0.03626727718492295,0.03443520668626543,0.032708925369007935,0.031080944029321045,0.0295444663938903,0.028093304000740504,0.026721804457112475,0.025424790522498575,0.024197508034722037,0.023035581113815706,0.021934973405025093,0.020891954370033328,0.019903069821547437,0.018965116049982633,0.01807511700706177,0.017230304104045358,0.01642809826066355,0.015666093896054112,0.01494204460540921,0.014253850307178018,0.01359954567509325,0.012977289699014627,0.012385356239820067,0.011822125464707095,0.011286076061536227,0.010775778146447257,0.010289886791133795,0.009827136103085471,0.00938633380220491,0.008966356243618884,0.008566143842125534,0.008184696860326163,0.007821071524721557,0.007474376439417618,0.007143769270990835,0.006828453679286528,0.006527676472780686,0.006240724969120384,0.005966924542894242,0.0057056363458317105,0.005456255184304884,0.005218207541544687,0.004990949733546968,0.004773966187567202,0.004566767833940277,0.004368890602298933,0.004179894014914573,0.003999359869279545,0.0038268910034947173,0.0036621101389014837,0.0035046587939791957,0.003354196264618206,0.003210398666179906,0.003072958032884668,0.0029415814710209015,0.002815990361912324,0.0026959196113850795,0.0025811169430010675,0.002471342231821848,0.002366366876243753,0.002265973205477688,0.0021699539202461593,0.0020781115649394152,0.001990258028940192,0.0019062140753629622,0.0018258088957733981,0.0017488796890358926,0.0016752712629958533,0.0016048356574882572,0.0015374317876444415,0.0014729251060647888,0.0014111872828052319,0.001352095902296957,0.0012955341760465013,0.0012413906703120266,0.0011895590478720706,0.0011399378230570953,0.0010924301294346524,0.0010469434992883934,0.001003389654263831,0.0004808421533438068
0.06204598463266042,0.11038585800839451,0.10105102069097294,0.0933797794429565,0.08677349712921356,0.08094593659276916,0.07572809898270005,0.07100800236868543,0.06670583054693169,0.062761750942957,0.05912921909503277,0.055770986771365605,0.05265657141497937,0.04976057278562929,0.047061508716217504,0.044540983603589934,0.042183078290766396,0.039973891965513486,0.03790119129818492,0.03595413701801187,0.03412306756131822,0.03239932555297009,0.030775116947487358,0.029243395437000275,0.027797766664653167,0.026432408139342778,0.025142001736394914,0.023921676383209467,0.022766959064974057,0.021673732677773894,0.02063819956367341,0.01965684979547022,0.018726433453860936,0.017843936284267337,0.01700655822979369,0.016211694424187517,0.015456918302392486,0.014739966538260652,0.014058725568279307,0.013411219498885851,0.012795599222620413,0.012210132596340462,0.01165319555469077,0.011123264051920045,0.010618906736664296,0.010138778279003863,0.009681613280532159,0.009246220704688779,0.008831478774112583,0.008436330287799748,0.008059778316146404,0.007700882238166562,0.007358754087278596,0.007032555177101468,0.006721492982372623,0.006424818251255737,0.006141822328930457,0.005871834674226528,0.005614220552415533,0.005368378890233616,0.005133740278904092,0.004909765113315659,0.004695941856984784,0.004491785422356134,0.004296835657726331,0.00411065593239246,0.003932831813178758,0.0037629698249272148,0.003600696288896865,0.003445656233838329,0.0032975123741201817,0.0031559441503048458,0.00302064682785793,0.0028913306497947017,0.002767720039965005,0.002649552853153901,0.002536579668931699,0.0024285631266825133,0.0023252772987659917,0.0022265070994991476,0.0021320477276746616,0.0020417041403320776,0.001955290556127816,0.0018726299861485177,0.0017935537905180085,0.0017179012594478044,0.0016455192169889388,0.0015762616462681595,0.001509989334789099,0.001446569538831509,0.0013858756656004723,0.001327786972136251,0.001272188280155722,0.0012189697057411325,0.00116802640311945,0.0011192583217006016,0.0010725699755945173,0.0010278702250331971,0.000985072068889415,0.0009440924477017061,0.0004524260283708618
0.058454612652806937,0.10399654105912415,0.09520207553392979,0.08797490019046905,0.08175103331357403,0.07626080814076719,0.07134500924200227,0.0668981373758668,0.06284499693898216,0.05912921909503277,0.055706953864461006,0.052543109333493154,0.04960896759402933,0.04688059883598805,0.04433776450239857,0.04196313391673967,0.039741709485255794,0.03766039511532082,0.03570766566493355,0.03387330934770916,0.03214822390586869,0.030524253136824053,0.02899405418873302,0.02755098866018646,0.026189032358792663,0.024902699852131283,0.023686980876036823,0.02253728633823504,0.021449402160390818,0.020419449571149773,0.019443850752217773,0.018519298959149055,0.017642732403420458,0.016811311318514155,0.016022397735630356,0.01527353757698724,0.014562444744127434,0.01388698692760404,0.013245172910865521,0.012635141177631426,0.01205514965812432,0.01150356647587833,0.010978861575661414,0.010479599131788697,0.010004430646970791,0.009552088665674169,0.009121381036741621,0.008711185666159083,0.00832044570980442,0.007948165161699716,0.007593404798270087,0.007255278444969954,0.006932949533613703,0.006625627923505822,0.006332566962924141,0.006053060768595769,0.005786441704225667,0.005532078040892105,0.005289371783402649,0.005057756649489195,0.0048366961884348525,0.00462568202797442,0.0044242322396966655,0.004231889813108278,0.004048221230148266,0.0038728151322404147,0.0037052810734346103,0.0035452483526509787,0.0033923649193221966,0.0032462963475044376,0.00310672487315794,0.0029733484902622065,0.00284588010169895,0.0027240467209500366,0.0026075887215021784,0.002496259130357101,0.00238982296275881,0.0022880565957151197,0.0021907471774451,0.0020976920705728375,0.0020086983269164416,0.0019235821917205007,0.001842168635774022,0.0017642909133831139,0.0016897901446438213,0.0016185149207438437,0.0015503209306511473,0.0014850706080433533,0.0014226327971405932,0.0013628824365308073,0.0013057002597174974,0.0012509725114579623,0.0011985906791107462,0.0011484512379710404,0.0011004554098809176,0.0010545089343310388,0.001010521851318641,0.0009684082954215696,0.0009280863003264701,0.0008894776132551754,0.00042625375942603565
0.05513444619795593,0.09808971441911352,0.08979481148253532,0.08297816614073739,0.0771078348096752,0.07192946967319913,0.06729289984733633,0.06309861918627613,0.05927570372453217,0.055770986771365605,0.052543109333493154,0.04955897296317935,0.04679149112936665,0.04421809340068528,0.041819690909056684,0.03957993747814503,0.03748468747827116,0.03552158876170519,0.03367977088981089,0.03194960217129994,0.030322497414085547,0.028790763738353875,0.02734747541071403,0.025986371130231167,0.024701768913398647,0.02348849493116445,0.022341823529704652,0.02125742630146349,0.020231328549325023,0.019259871835314246,0.018339681578243283,0.017467638871868973,0.016640855850667158,0.015856654058740538,0.015112545374425634,0.014406215120834787,0.013735507058068475,0.013098409999021676,0.012493045834507166,0.011917658787819585,0.011370605743460632,0.010850347519600262,0.010355440971596741,0.009884531831575977,0.009436348199316796,0.009009694612740732,0.008603446636457679,0.008216545912614726,0.007847995626732635,0.007496856346576347,0.007162242196810442,0.006843317337706406,0.006539292718042183,0.006249423076813393,0.005973004171644841,0.005709370212810677,0.005457891484998936,0.005217972140611968,0.004989048149599579,0.0047705853934481846,0.00456207789068154,0.004363046143347732,0.0041730355952763615,0.003991615192824344,0.003818376040366167,0.0036529301430649336,0.0034949092308419194,0.0033439636569553566,0.0031997613658077406,0.003061986925332369,0.0029303406189608028,0.0028045375930829675,0.002684307056163522,0.0025693915257868835,0.00245954612069859,0.002354537894447027,0.0022541452079004945,0.00215815713835487,0.002066372922526538,0.001978601431374384,0.0018946606747223607,0.0018143773336528612,0.0017375863192016505,0.0016641303554385742,0.0015938595854683713,0.0015266311991518552,0.001462309080999414,0.0014007634771552244,0.0013418706802113024,0.0012855127309918876,0.0012315771361103116,0.001179956600419415,0.00113054877361864,0.001083256010054389,0.0010379851410412151,0.0009946472589649237,0.0009531575124741148,0.0009134349122506928,0.0008754021466406726,0.0008389854066209734,0.0004020571098448441
0.05205534588682714,0.09261175859292292,0.08478014433476821,0.0783442200631903,0.07280175391065047,0.06791260463966742,0.06353498915287425,0.05957495921803613,0.05596555232723199,0.05265657141497937,0.04960896759402933,0.04679149112936665,0.044178568406395446,0.0417488896627789,0.039484432236088884,0.03736976296196448,0.035391526310593835,0.03353806005865634,0.03179910093059779,0.030165555207566697,0.028629317217337746,0.02718312375954368,0.0258204359310088,0.02453534214891151,0.02332247778989399,0.022176958001930924,0.021094321075275813,0.020070480358165055,0.01910168315270988,0.01818447535546347,0.01731567086492153,0.01649232497379599,0.015711711110751203,0.014971300417531475,0.01426874373903858,0.013601855677245811,0.012968600421681853,0.012367079112821061,0.011795518536071387,0.011252260976532896,0.010735755087918492,0.010244547652496966,0.009777276125676582,0.009332661875533166,0.008909504037266341,0.008506673914884133,0.00812310987200851,0.0077578126591606456,0.007409841132854117,0.007078308326887606,0.0067623778406640245,0.0064612605145813184,0.006174211364297924,0.005900526749913593,0.005639541759187489,0.005390627784880239,0.00515319027935407,0.004926666671127511,0.004710524429219071,0.004504259263595378,0.004307393449785313,0.004119474267721884,0.003940072546112339,0.0037687813035713336,0.0036052144792070723,0.0034490057456129375,0.0032998073985223697,0.0031572893169054816,0.003021137988427451,0.0028910555958791204,0.002766759159860528,0.0026479797338574626,0.0025344616480892646,0.0024259617986078785,0.0023222489788803508,0.0022231032506477705,0.002128315351488337,0.002037686136927397,0.001951026054539777,0.0018681546481037065,0.001788900089890598,0.00171309873917469,0.0016405947255750397,0.001571239555421454,0.0015048917397600496,0.0014414164428664042,0.0013806851498039015,0.0013225753520069786,0.0012669702496978935,0.0012137584703263461,0.00116283380190043,0.0011140949403793884,0.0010674452504322862,0.0010227925386531687,0.0009800488385976053,0.0009391302069432367,0.0008999565301193654,0.0008624513409246672,0.000826541644454535,0.0007921577528428939,0.0003796165642146153
0.04919219745094461,0.08751799401272686,0.08011717364826931,0.07403526709042718,0.06879767015032967,0.06417745169311906,0.060040628072820734,0.05629841912804712,0.052887545944146686,0.04976057278562929,0.04688059883598805,0.04421809340068528,0.0417488896627789,0.03945285010331656,0.037312943479943295,0.035314585600032644,0.033445155614719724,0.03169363283270232,0.030050318554181166,0.028506619298600433,0.027054875279452162,0.025688222837590757,0.024400482767372056,0.023186068674530602,0.022039911035960424,0.020957393707622507,0.01993430041067118,0.01896676929229346,0.0180512540827536,0.017184490681097675,0.01636346824556012,0.015585404049541118,0.014847721502791678,0.01414803085201305,0.01348411216166917,0.012853900245103578,0.012255471274495389,0.01168703083939554,0.011146903262664681,0.010633522013326124,0.010145421077791178,0.009681227173091916,0.009239652701589884,0.008819489362400401,0.008419602343916865,0.008038925033460848,0.007676454189145032,0.007331245524205776,0.007002409661589187,0.006689108421362222,0.0063905514077101655,0.006105992867214097,0.005834728791761459,0.005576094243449861,0.00532946088175279,0.0050942346741315175,0.004869853774153027,0.0046557865526535985,0.004451529768561599,0.004256606868337259,0.004070566402747819,0.0038929805515873633,0.003723443748118768,0.003561571394956539,0.0034069986644812006,0.0032593793771264756,0.003118384952112009,0.0029837034247430574,0.0028550385254763957,0.0027321088166041285,0.002614646882096207,0.002502398566953737,0.0023951222626504773,0.0022925882353365956,0.002194577994188651,0.0021008836968754996,0.0020113075897093755,0.0019256614804432082,0.0018437662413008302,0.0017654513404051914,0.0016905543997950204,0.001618920778218902,0.0015504031773956803,0.0014848612700323408,0.0014221613482911719,0.0013621759916362976,0.0013047837526779966,0.001249868860050067,0.00119732093719516,0.0011470347362911235,0.0010989098862499436,0.001052850654004716,0.00100876571842742,0.0009665679560179712,0.0009261742377643933,0.000887505236515089,0.0008504852442442791,0.0008150419987561879,0.0007811065191867042,0.0007486129498347569,0.00035874920597769
0.04652376059709684,0.08277063310631472,0.07577130802864351,0.07001934235387974,0.06506588052292361,0.060696303042253597,0.05678389525154248,0.05324469356299799,0.050018852122071245,0.047061508716217504,0.04433776450239857,0.041819690909056684,0.039484432236088884,0.037312943479943295,0.03528911738877205,0.033399161000520206,0.031631138179424645,0.02997462613374302,0.028420452341040847,0.02696048953648833,0.025587493493437696,0.02429497292016275,0.02307708384466145,0.021928542944413376,0.02084455572616606,0.019820756478498736,0.018853157661256226,0.017938106931616238,0.017072250408497025,0.016252501071102654,0.01547601141777577,0.01474014968612708,0.014042479066646407,0.01338073945036472,0.0127528313330168,0.01215680156369875,0.011590830681281361,0.01105322162081332,0.010542389609107111,0.010056853097727941,0.009595225602361201,0.00915620833850389,0.00873858355840429,0.008341208509089065,0.007963009939962296,0.007602979099474383,0.007260167168927495,0.006933681086372295,0.006622679720670238,0.006326370360324102,0.0060440054856414765,0.005774879797459206,0.0055183274772299395,0.0052737196570568495,0.005040462081017619,0.004817992939981031,0.0046057808648425624,0.004403323064502043,0.004210143595923144,0.004025791755832439,0.0038498405833874982,0.003681885464933629,0.0035215428330721,0.0033684489522085304,0.0032222587840466804,0.0030826449267299175,0.0029492966224980086,0.002821918828299387,0.002700231344818539,0.002583967999995433,0.0024728758828195044,0.002366714623948482,0.002265255719914726,0.002168281897774217,0.00207558651772332,0.001986973010818252,0.0019022543494974994,0.0018212525489797876,0.001743798197254398,0.0016697300119290354,0.0015988944222235374,0.0015311451743968557,0.0014663429593672651,0.0014043550609095824,0.0013450550231923972,0.0012883223366431835,0.0012340421408348554,0.0011821049434813657,0.0011324063544780605,0.001084846834261858,0.0010393314554804356,0.0009957696772285515,0.0009540751312300672,0.0009141654191524816,0.00087596192048673,0.0008393896103686405,0.0008043768867569516,0.0007708554065380072,0.0007387599299506567,0.0007080281728889925,0.00033930033336742726
0.044031846858172186,0.07833731765219198,0.0717129261995837,0.06626907371930191,0.061580949768785365,0.05744543196633445,0.053742593726177956,0.05039296937278204,0.0473399189826601,0.044540983603589934,0.04196313391673967,0.03957993747814503,0.03736976296196448,0.035314585600032644,0.033399161000520206,0.03161043508479677,0.029937111130205918,0.02836932468812281,0.026898394602148823,0.02551662897889362,0.024217171658658443,0.022993879081824375,0.021841220331476396,0.020754195106105267,0.01972826574682013,0.01875930040667101,0.017843525151306938,0.016977483287172412,0.01615800059385636,0.01538215541553939,0.014647252784525167,0.01395080191526804,0.013290496531522589,0.012664197591790993,0.012069918055749362,0.011505809396356481,0.010970149614662306,0.010461332551215091,0.009977858322945676,0.009518324741881107,0.009081419591680573,0.008665913657836338,0.008270654421556833,0.007894560341463686,0.007536615655421242,0.0071958656452350556,0.0068714123150697415,0.006562410439060057,0.006268063940329499,0.005987622567914186,0.005720378841841317,0.005465665241025139,0.005222851610129642,0.004991342765133133,0.004770576279934199,0.00456002043715624,0.004359172328884275,0.004167556094389999,0.003984721282862841,0.003810241331264161,0.003643712147206213,0.003484750788450147,0.0033329942316638744,0.003188098223026667,0.003049736204497007,0.002917598309782138,0.002791390425153306,0.0026708333098432735,0.002555661771729993,0.002445623894592977,0.002340480312951275,0.002240003531217491,0.0021439772841048282,0.0020521959353097044,0.0019644639121288304,0.001880595173297965,0.0018004127078768,0.0017237480633552626,0.001650440900820449,0.001580338575542413,0.0015132957413588055,0.0014491739772373863,0.0013878414348430027,0.0013291725055791792,0.001273047505933822,0.001219352380170912,0.0011679784191318925,0.0011188219942831062,0.0010717843060021395,0.0010267711454168896,0.0009836926688406057,0.0009424631841010618,0.0009030009481753448,0.0008652279753609479,0.0008290698554460976,0.0007944555812892037,0.0007613173852537448,0.0007295905840915239,0.0006992134317005926,0.0006701269793388861,0.00032113747148220743
0.04170071634299122,0.07419004556715403,0.06791639456612475,0.06276077394680302,0.0583208667742916,0.05440430588174738,0.05089751473026971,0.04772523531066053,0.044833826754825945,0.042183078290766396,0.039741709485255794,0.03748468747827116,0.035391526310593835,0.033445155614719724,0.031631138179424645,0.029937111130205918,0.02835237589696704,0.02686759034504238,0.025474532976899056,0.02416591917671046,0.022935255810380084,0.021776724611830223,0.02068508751835385,0.019655608986653528,0.01868399161920764,0.017766322342776086,0.016899027045328807,0.016078832057816517,0.015302731227468946,0.014567957592903358,0.01387195887781878,0.013212376176717833,0.012587025323737122,0.011993880532786133,0.011431059970593654,0.010896812983003129,0.010389508744399978,0.009907626135081338,0.009449744684509265,0.00901453644440528,0.008600758674244618,0.00820724724050903,0.00783291064447933,0.007476724606717083,0.007137727144137268,0.006815014085441051,0.006507734978360796,0.006215089346549893,0.005936323260331541,0.005670726189578618,0.005417628110549397,0.005176396842682965,0.004946435592767723,0.004727180687289487,0.004518099476235479,0.004318688392402098,0.004128471152696225,0.003946997089170817,0.0037738395984476397,0.003608594700167514,0.003450879694903722,0.0033003319135788134,0.0031566075514148084,0.0030193805793964565,0.0028883417273909834,0.002763197533279485,0.002643669453499718,0.002529493030016726,0.0024204171096520732,0.00231620311225509,0.0022166243439361577,0.0021214653522695637,0.002030521320565193,0.0019435974983889048,0.0018605086661147366,0.0017810786309397364,0.001705139752301174,0.0016325324949676007,0.0015631050077580776,0.001496712726334063,0.001433217998530214,0.001372489730688705,0.0013144030538857904,0.0012588390086020161,0.0012056842467271338,0.0011548307499927475,0.001106175563661594,0.001059620544655679,0.0010150721231693,0.0009724410771173447,0.0009316423185125565,0.0008925946911071264,0.000855220778741457,0.0008194467236711592,0.000785202054364019,0.0007524195222078575,0.0007210349466048958,0.000690987068067285,0.0006622174087702881,0.0006346701401664812,0.00030414597867456025
0.0395166247911255,0.07030436509406934,0.06435932956060797,0.05947375904719565,0.055266411162157025,0.05155499548001452,0.04823188492728303,0.045225763727806845,0.042485800878663715,0.039973891965513486,0.03766039511532082,0.03552158876170519,0.03353806005865634,0.03169363283270232,0.02997462613374302,0.02836932468812281,0.02686759034504238,0.025460570334701282,0.024140473821844255,0.02290039777601932,0.02173418918811615,0.02063633456525532,0.019601870224985607,0.01862630868066395,0.017705577639929526,0.016835969002561124,0.016014095873679413,0.015236856063235327,0.014501400884124327,0.013805108311052583,0.013145559757958558,0.012520519880252545,0.011927918919615366,0.011365837201124662,0.01083249146203838,0.010326222747222558,0.009845485653162539,0.009388838735592986,0.008954935927176333,0.008542518836313268,0.008150409815797427,0.007777505707838361,0.007422772184699722,0.007085238616864609,0.006763993407987556,0.006458179745244819,0.006166991720971446,0.005889670785627327,0.005625502498181362,0.0053738135438474305,0.0051339689924729814,0.004905369774841253,0.004687450355483125,0.00447967658381164,0.004281543707730415,0.004092574534599908,0.00391231772675929,0.0037403462199865067,0.0035762557541438866,0.003419663507139986,0.003270206823144259,0.003127542027512059,0.002991343321814638,0.002861301752321882,0.002737124246387883,0.002618532711390245,0.00250526319186381,0.0023970650801063975,0.0022937003764004135,0.0021949429955178887,0.002100578115927128,0.0020104015687705465,0.0019242192638643935,0.0018418466500489741,0.001763108207787363,0.0016878369715791833,0.001615874080236189,0.0015470683533823464,0.0014812758922394115,0.0014183597032243582,0.001358189342904971,0.001300640582858753,0.0012455950933821479,0.0011929401446772112,0.0011425683244650556,0.0010943772711664024,0.001048269421539759,0.0010041517720019225,0.000961935652727227,0.0009215365139095578,0.0008828737233286359,0.0008458703745904787,0.0008104531055142285,0.0007765519259745769,0.0007441000547180748,0.0007130337646235919,0.0006832922359100192,0.0006548174169260148,0.0006275538920067821,0.0006014487560219873,0.00028822574765969243
