0.061341554748352234,0.10795852793175165,0.09805617965521063,0.08998132496869449,0.08307314922795905,0.07701607211095118,0.07162369263722268,0.06677244843713459,0.06237425576153366,0.058363085961294914,0.05468758464228585,0.051306669807528404,0.04818674029260894,0.0452998178865337,0.042622261698751385,0.040133849425155965,0.0378171028186447,0.035656780903517205,0.03363949157177526,0.03175338870193645,0.029987932338306322,0.028333696221295557,0.026782211442737736,0.025325838064951478,0.023957658671511894,0.022671389316648638,0.021461304429634065,0.020322173019779732,0.019249204118280183,0.018237999827874718,0.017284514689634933,0.016385020333318567,0.015536074572543357,0.014734494264761033,0.013977331377218627,0.013261851797024715,0.012585516504163063,0.011945964785191054,0.011340999219182468,0.010768572210012872,0.010226773870808753,0.009713821096681396,0.009228047684479879,0.008767895379700297,0.008331905744549867,0.00791871275686315,0.007527036061981546,0.0071556748077932775,0.006803502003115164,0.006469459346509193,0.006152552478660436,0.0058518466178995865,0.0055664625415411395,0.005295572880888444,0.005038398701647295,0.004794206343392851,0.00456230449534753,0.004342041487931159,0.004132802781238107,0.0039340086344435005,0.003745111940448742,0.0035655962123678914,0.0033949737099563254,0.0032327836944505556,0.0030785908018987687,0.0029319835256275337,0.0027925727999013883,0.0026599906766833978,0.0025338890886361584,0.0024139386922937614,0.0022998277852651836,0.0021912612922269994,0.0020879598148383152,0.0019896587409419866,0.0018961074091780536,0.0018070683248999422,0.001722316423927811,0.0016416383811147864,0.0015648319604742444,0.0014917054042100468,0.0014220768580929903,0.001355773830700336,0.0012926326845341118,0.0012324981567562975,0.0011752229076845908,0.0011206670954415111,0.0010686979749407674,0.0010191895197937707,0.0009720220656249355,0.0009270819736244169,0.0008842613129536152,0.0008434575608923175,0.0008045733197454309,0.0007675160493979087,0.0007321978146447791,0.0006985350463985865,0.0006664483159382877,0.0006358621215130887,0.0006067046864896754,0.0005789077683904277,0.0002762032391320727
0.10795852793175165,0.19000278262829884,0.17257527723269384,0.1583640254174492,0.14620604326844022,0.13554593312326713,0.12605564328687313,0.11751771330213368,0.10977712241240711,0.10271766517226544,0.09624896171455743,0.09029871081167928,0.08480777693224573,0.07972692051408337,0.07501453534750757,0.07063503167319052,0.06655764906166461,0.06275556450932052,0.05920520887760605,0.05588573384536688,0.05277858984281414,0.04986718731972606,0.047136621590891936,0.04457344689561604,0.04216548905534423,0.03990168875153721,0.03777196936325111,0.035767124692917096,0.033878722948254225,0.0320990241133533,0.03042090843740708,0.028837814222108293,0.027343683431578336,0.02593291392805286,0.02460031734984902,0.023341081818743892,0.022150738805951198,0.021025133589543166,0.019960398830880466,0.018952930872483176,0.01799936841560218,0.017096573289075767,0.016241613060857807,0.015431745281265785,0.014664403171396445,0.013937182597781705,0.01324783019620912,0.012594232521856819,0.011974406120468906,0.011386488427458291,0.010828729412443533,0.010299483898089823,0.009797204487558192,0.009320435043982639,0.008867804672245017,0.008438022156661895,0.008029870814560858,0.007642203729598673,0.007273939331656015,0.006924057295152608,0.006591594728170891,0.006275642628807976,0.005975342587815388,0.005689883717231517,0.0054184997875505875,0.005160466556960827,0.004915099278676255,0.004681750372118085,0.004459807245873415,0.004248690261748428,0.004047850829112035,0.003856769620303138,0.00367495489853667,0.0035019409501492182,0.003337286614366025,0.0031805739033574087,0.003031406706485079,0.0028894095734161365,0.0027542265703815808,0.0026255202049012757,0.0025029704144761064,0.002386273614876429,0.002275141804535606,0.0021693017210667534,0.002068494046636782,0.0019724726593683753,0.0018810039275741694,0.0017938660443288235,0.0017108483997193766,0.0016317509887121412,0.0015563838521994791,0.0014845665492706946,0.0014161276589788885,0.0013509043096477207,0.0012887417341815553,0.001229492849799025,0.0011730178607189286,0.0011191838825900212,0.0010678645872367783,0.0010189398665724873,0.00048614775734862753
0.09805617965521063,0.17257527723269384,0.15674642194946253,0.14383877595811434,0.13279604278677315,0.12311377463876427,0.11449401393294378,0.10673924914900024,0.09970868050496695,0.09329676276988619,0.08742140715476099,0.08201694504596224,0.07702966575527537,0.07241484674449805,0.0681346985722342,0.0641568963200807,0.06045350137404393,0.057000151340480754,0.05377543919266836,0.050760429123033246,0.04793827319597854,0.0452939036901826,0.04281378318580453,0.04048569935102719,0.03829859478587394,0.03624242467727612,0.03430803676082761,0.032487069346258224,0.030771864107759006,0.029155391035198153,0.02763118348308491,0.026193281665169543,0.02483618325395931,0.023554799998162068,0.022344419464805976,0.021200671167733,0.020119496473191167,0.019097121767403302,0.018130034457014776,0.01721496144132162,0.016348849745893568,0.015528849055631955,0.01475229592145677,0.014016699449024173,0.013319728300034472,0.012659198861784349,0.012033064460461679,0.011439405506603079,0.010876420477098164,0.010342417649168628,0.009835807511397426,0.009355095787203227,0.008898877011090267,0.008465828606284781,0.00805470541858988,0.007664334664328198,0.007293611256020793,0.006941493472973126,0.006606998946641296,0.006289200935209793,0.0059872248622988705,0.005700245098386125,0.005427481965921438,0.005168198949704161,0.004921700096664955,0.004687327590098253,0.004464459485650343,0.004252507596126068,0.0040509155141495445,0.0038591567629762402,0.0036767330656427982,0.0035031727240752014,0.0033380291003751866,0.0031808791928749636,0.0030313223007674486,0.0028889787707426506,0.002753488820091521,0.002624511431442253,0.0025017233139315725,0.0023848179265615957,0.0022735045596561435,0.0021675074704463684,0.0020665650696146745,0.0019704291551808292,0.001878864190763184,0.0017916466256458902,0.0017085642537491563,0.001629415609237156,0.001554009396348071,0.0014821639515734016,0.0014137067359736508,0.001348473855853953,0.001286309610229991,0.001227066063307622,0.001170602640580571,0.0011167857471113575,0.0010654884066589772,0.0010165899205562025,0.0009699755450390639,0.000925536185985773,0.0004415840550861024
0.08998132496869449,0.1583640254174492,0.14383877595811434,0.13199414542532617,0.12186083430376327,0.11297594124088439,0.10506604853068202,0.09794991176739543,0.09149832748736153,0.08561444320005984,0.08022293097416822,0.07526353067984237,0.07068695525111668,0.06645216550233513,0.06252448433002322,0.058874249091556585,0.05547582218927083,0.05230684770544558,0.04934768168279979,0.046580947851510346,0.043991185854838744,0.04156456893040161,0.03928867458044061,0.03715229625996119,0.03514528723480237,0.033258429960399405,0.03148332593003278,0.029812302099055388,0.028238330857917604,0.0267549611645016,0.025356258942540566,0.024036755230080864,0.022791400847689047,0.0216155265889435,0.02050480811352401,0.019455234865408344,0.01846308245707967,0.017524888047048437,0.016637428316931158,0.015797699716732838,0.01500290069350474,0.014250415662998117,0.013537800517102128,0.012862769491251758,0.012223183236316687,0.011617037962517007,0.011042455541115853,0.010497674461500794,0.009981041555912284,0.009491004414212578,0.009026104419942171,0.008584970348378324,0.008166312471842962,0.007768917125101249,0.007391641689403178,0.007033409956509085,0.006693207839340132,0.006370079399127981,0.0060631231614205194,0.005771488697477747,0.005494373448044529,0.005231019769846232,0.004980712187355227,0.004742774832913049,0.004516569060658546,0.0043014912205381894,0.004096970580750273,0.0039024673867503468,0.0037174710467577227,0.0035414984348583756,0.0033740923026992914,0.003214819792085169,0.003063271041338203,0.0029190578786207344,0.0027818125965386672,0.00265118680199717,0.0025268503362259817,0.0024084902605375977,0.002295809903049062,0.0021885279624678858,0.002086377665192325,0.001989105972083266,0.0018964728319973978,0.0018082504787637205,0.0017242227688805817,0.00164418455757568,0.001567941110565213,0.0014953075494334132,0.001426108328415658,0.001360176740866987,0.001297354453384813,0.0012374910659562408,0.001180443696689213,0.0011260765894974684,0.0010742607434584932,0.0010248735625278498,0.0009777985243834622,0.000932924867393034,0.0008901472945141709,0.0008493656931700608,0.00040524243514088697
0.08307314922795905,0.14620604326844022,0.13279604278677315,0.12186083430376327,0.11250554483816044,0.10430281632907423,0.09700022511488404,0.09043044342593931,0.08447418853406208,0.0790420446520892,0.07406446781232146,0.06948582488292798,0.06526061323987942,0.061350944833467036,0.057724805189137474,0.05435480926187042,0.0512172879916335,0.04829160201697458,0.04555961570095568,0.04300528697132833,0.040614342556908434,0.03837401734651047,0.03627284266816877,0.034300472436704865,0.03244753900108466,0.030705532552879444,0.02906669943247764,0.027523955738497086,0.026070813445659646,0.024701316825111785,0.023409987419336975,0.022191776172026334,0.02104202157707913,0.019956412925856926,0.018930957895951228,0.0179619538559877,0.01704596237030448,0.01617978646710383,0.015360450306553197,0.014585180942925324,0.013851391917819422,0.013156668462543597,0.012498754118354993,0.011875538612243414,0.011285046844711627,0.010725428867264325,0.010194950744132902,0.009691986203706232,0.009215008998665203,0.008762585903172887,0.008333370283645863,0.007926096188375337,0.007539572905447017,0.007172679945424532,0.006824362410530388,0.006493626714632883,0.00617953662324347,0.005881209585710159,0.0055978133340876535,0.005328562727019842,0.005072716817387843,0.004829576125579854,0.004598480102269695,0.0043788047650889644,0.004169960495758823,0.003971389985012952,0.0037825663145563126,0.0036029911651003776,0.003432193141185369,0.0032697262045699033,0.0031151682078738516,0.002968119521376364,0.0028282017463769,0.0026950565088425874,0.0025683443280948848,0.0024477435549707938,0.002332949374765629,0.0022236728708618994,0.0021196401446406596,0.002020591488075492,0.0019262806055475798,0.0018364738815181414,0.001750949691372225,0.001669497752369832,0.001591918512191301,0.001518022572899999,0.0014476301478632964,0.0013805705497124086,0.001316681707294834,0.001255809710032859,0.0011978083778131227,0.0011425388549024251,0.0010898692265601737,0.0010396741568420229,0.0009918345464126309,0.0009462372091518893,0.0009027745664222861,0.000861344358068044,0.0008218493690468585,0.0007841971708107444,0.00037414993833984923
0.07701607211095118,0.13554593312326713,0.12311377463876427,0.11297594124088439,0.10430281632907423,0.09669820581977473,0.08992809340364127,0.08383735326746344,0.0783154010768472,0.07327934146591586,0.06866470178402206,0.0644199058015853,0.060502769052902305,0.05687816637089571,0.053516417846086295,0.05039213540735754,0.04748337598823993,0.044771005286405874,0.042238210145111754,0.039870118303412916,0.03765349731525769,0.03557651291515407,0.033628532736718286,0.03179996513810657,0.03008212556144152,0.02846712473519708,0.02694777439625473,0.025517507199204204,0.024170308221950265,0.022900656022477983,0.021703471626380588,0.020574074147584775,0.01950814198926787,0.018501678771248142,0.0175509832822896,0.016652622877456724,0.01580340984199824,0.015000380317179762,0.014240775451053456,0.013522024490562612,0.012841729571196225,0.01219765199846018,0.011587699843809085,0.011009916704564027,0.010462471494734726,0.009943649153377587,0.009451842172707364,0.008985542858326506,0.008543336246477296,0.008123893611891697,0.007725966507396487,0.007348381284530109,0.0069900340483091405,0.006649886005782452,0.006326959172898328,0.006020332406595552,0.0057291377335682014,0.005452556949919279,0.005189818468043311,0.004940194390654767,0.004702997792264074,0.004477580191280819,0.004263329197806309,0.004059666322638544,0.003866044935036103,0.0036819483574955375,0.0035068880875718106,0.0033404021365811415,0.003182053476574645,0.0030314285879624453,0.002888136100080381,0.0027518055181184817,0.0026220860303007715,0.0024986453894960334,0.0023811688643966683,0.0022693582551053457,0.0021629309687796958,0.002061619151537547,0.0019651688725406263,0.0018733393569193915,0.0017859022643293837,0.0017026410100213982,0.0016233501259347305,0.001547834658973301,0.0014759096041345454,0.0014073993704732252,0.0013421372776199897,0.001279965081075734,0.0012207325243842777,0.0011642969167129022,0.0011105227341020388,0.0010592812429895022,0.0010104501447762496,0.0009639132400381667,0.000919560111287996,0.00087728582316033,0.0008369906389700185,0.0007985797527822781,0.0007619630359756071,0.0007270547974783069,0.0003468867784887815
0.07162369263722268,0.12605564328687313,0.11449401393294378,0.10506604853068202,0.09700022511488404,0.08992809340364127,0.08363202427404426,0.0779677547314872,0.07283244420573798,0.06814900215033326,0.06385747066591829,0.05990988518932783,0.05626701525300959,0.052896195352752695,0.049769823931422597,0.04686429072906595,0.04415918924963236,0.04163672507392302,0.039281262387103166,0.03707897035638141,0.035017543133688545,0.03308597514211953,0.03127437853937132,0.029573833329662347,0.027976263081544772,0.026474330959095682,0.025061352045938956,0.023731218863030867,0.02247833767070262,0.021297573653027202,0.020184203477585705,0.019133874023927744,0.01814256630146366,0.01720656376284907,0.01632242436043202,0.015486955806504332,0.014697193592344227,0.01395038138980298,0.013243953522023066,0.01257551923954392,0.011942848575085235,0.011343859585676519,0.010776606817202466,0.010239270851421178,0.009730148811696121,0.009247645722012227,0.008790266628339621,0.008356609400847231,0.00794535814712985,0.007555277174674663,0.007185205447846454,0.006834051492199483,0.006500788702537841,0.006184451017187481,0.005884128925488827,0.00559896577774005,0.005328154371038091,0.005070933787039489,0.004826586459637183,0.004594435453877138,0.004373841937795678,0.004164202831534902,0.003964948619844769,0.0037755413145083433,0.003595472555108961,0.003424261837216558,0.0032614548587202724,0.003106621974859468,0.0029593567539429183,0.002819274626671038,0.002686011621892005,0.0025592231826723696,0.002438583056999219,0.0023237822577013637,0.002214528087067187,0.002110543221360027,0.0020115648511861844,0.0019173438741838453,0.0018276441362367751,0.001742241718108932,0.0016609242645155356,0.0015834903527309208,0.001509748898416801,0.0014395185960299865,0.0013726273916421505,0.001308911986295496,0.0012482173677735714,0.001190396369133033,0.0011353092522315596,0.0010828233148845214,0.0010328125200336387,0.000985157145630241,0.0009397434540868929,0.0008964633799993516,0.0008552142351197674,0.0008158984295330157,0.0007784232080599775,0.0007427004010864026,0.0007086461888697725,0.0006761808785623585,0.0003226143466493001
0.06677244843713459,0.11751771330213368,0.10673924914900024,0.09794991176739543,0.09043044342593931,0.08383735326746344,0.0779677547314872,0.07268715744528009,0.06789968743551178,0.06353347640117812,0.059532628092108464,0.05585242714351257,0.05245630062191453,0.049313795833690666,0.04639918099034923,0.043690445221924,0.04116856439270533,0.0388169494962316,0.036621023901947214,0.034567893687995954,0.0326460866115198,0.030845342617691673,0.02915644366859238,0.027571074008897245,0.026081704302857056,0.024681494708585994,0.02336421314147219,0.022124165837571375,0.020956137970711664,0.019855342550210653,0.018817376194364466,0.017838180654749902,0.016914009178410738,0.01604139696777629,0.015217135130076498,0.014438247613527355,0.013701970715418454,0.013005734811346314,0.012347148013408221,0.011723981511482684,0.011134156386243071,0.010575731715534664,0.010046893820356784,0.009545946519988524,0.009071302280881766,0.008621474161034481,0.008195068465067373,0.00779077803402875,0.007407376104819091,0.007043710681650384,0.006698699368521244,0.006371324618718005,0.006060629360711486,0.005765712965457803,0.005485727524346673,0.005219874409111008,0.004967401088944667,0.004727598182473938,0.004499796724070235,0.0042833656270924725,0.004077709326981177,0.003882265589621764,0.0036965034720258527,0.003519921422780209,0.0033520455114654096,0.0031924277768626413,0.0030406446853029206,0.002896295690351415,0.002759001886359483,0.0026284047492783486,0.002504164958052224,0.0023859612908846764,0.002273489591081451,0.0021664617974231568,0.0020646050348518755,0.001967660760998198,0.0018753839647770998,0.0017875424137605567,0.0017039159467880025,0.0016242958089208379,0.0015484840259587448,0.0014762928158145693,0.0014075440345884642,0.001342068654878948,0.0012797062743106387,0.001220304652529286,0.001163719274687225,0.0011098129398770633,0.0010584553728682673,0.0010095228578720535,0.0009628978928271532,0.0009184688629970406,0.0008761297328100694,0.0008357797547323374,0.0007973231942232824,0.0007606690697968491,0.0007257309072782082,0.0006924265075089475,0.0006606777266172786,0.0006304102681431948,0.00030077674320532887
0.06237425576153366,0.10977712241240711,0.09970868050496695,0.09149832748736153,0.08447418853406208,0.0783154010768472,0.07283244420573798,0.06789968743551178,0.0634275727298621,0.05934896629075315,0.055611654171099145,0.052173866739030794,0.049001440389512596,0.04606592856985192,0.04334329462975117,0.0408129777114441,0.038457206931781784,0.0362604861157142,0.034209198893005666,0.03229130074879771,0.030496075189997307,0.028813938055149757,0.027236278553854687,0.025755328737877226,0.024364055270970852,0.02305606888845313,0.021825548045275533,0.020667174053780824,0.01957607561285052,0.018547781072153213,0.017578177119203064,0.016663472838375992,0.015800168289100247,0.014985026911825794,0.01421505119360883,0.01348746112370236,0.012799675051615944,0.012149292619995034,0.011534079499384148,0.010951953695196692,0.010400973229462512,0.009879325030733577,0.009385314888518792,0.008917358350381904,0.00847397245392617,0.008053768201853329,0.007655443700906955,0.007277777893727716,0.006919624822803283,0.006579908372720544,0.006257617443062274,0.005951801510856974,0.005661566544627794,0.00538607123735417,0.005124523529616121,0.004876177396124545,0.00464032987251517,0.004416318301524599,0.004203517779386837,0.004001338786186387,0.003809224984214793,0.003626651170708345,0.003453121372870016,0.0032881670734507956,0.003131345556805165,0.0029822383659084337,0.002840449862261521,0.0027056058804542926,0.002577352470413352,0.0024553547211628585,0.0023392956598562165,0.0022288752207490076,0.0021238092791644944,0.0020238287457382473,0.0019286787170033556,0.0018381176781374839,0.0017519167543487077,0.00166985900782491,0.0015917387769408264,0.0015173610550199036,0.0014465409060516396,0.0013791029148394716,0.0013148806695622087,0.0012537162744486983,0.0011954598906786275,0.0011399693038754537,0.0010871095163446781,0.001036752362616876,0.0009887761467587165,0.0009430653002609965,0.0008995100590959738,0.0008580061588139808,0.0008184545466811688,0.0007807611097281238,0.0007448364178217343,0.0007105954808475853,0.0006779575191528664,0.0006468457465518204,0.0006171871650686202,0.0005889123707542143,0.00028097768500470136
0.058363085961294914,0.10271766517226544,0.09329676276988619,0.08561444320005984,0.0790420446520892,0.07327934146591586,0.06814900215033326,0.06353347640117812,0.05934896629075315,0.055532655868301584,0.05203568943212522,0.04881898384685923,0.04585057280538696,0.043103839347667594,0.0405562927829165,0.0381886946590525,0.03598441705469424,0.03392896045318594,0.03200958423844502,0.030215018552029682,0.02853523614228981,0.026961269260539433,0.025485060924433256,0.02409934278438458,0.022797533854501617,0.021573655795516067,0.020422261473638736,0.01933837427011209,0.018317436178122093,0.017355263137309118,0.01644800637798427,0.015592118791795062,0.014784325530899478,0.014021598188725115,0.013301132030691665,0.012620325835491053,0.011976763984316408,0.01136820049145959,0.010792544720901465,0.010247848573985169,0.009732294963445298,0.009244187417887878,0.008781940682331402,0.008344072200779734,0.007929194379983684,0.007536007548484075,0.007163293536838505,0.0068099098126250535,0.006474784113317977,0.006156909526700949,0.005855339974227505,0.00556918605887867,0.005297611242005715,0.0050398283185734555,0.0047950961639226936,0.004562716726977736,0.004342032248264599,0.004132422683200632,0.003933303312727704,0.00374412252606926,0.0035643597606860866,0.00339352358668335,0.00323114992435046,0.003076800383863501,0.0029300607177127347,0.0027905393769555795,0.0026578661637393294,0.002531690972394543,0.0024116826125730947,0.0022975277086566895,0.002188929669595073,0.002085607724187144,0.0019872960171744836,0.001893742761737191,0.0018047094447065995,0.0017199700805850607,0.0016393105110763181,0.0015625277472488819,0.0014894293512394477,0.0014198328549668293,0.0013535652134249176,0.0012904622901916511,0.0012303683732668332,0.001173135719086539,0.001118624122948296,0.00106670051431813,0.001017238575291561,0.0009701183808604776,0.0009252260595479823,0.0008824534732970943,0.000841697915295609,0.0008028618246803745,0.0007658525171865826,0.0007305819306847056,0.0006969663847745024,0.0006649263535821268,0.0006343862509648746,0.0006052742274706459,0.0005775219782799094,0.0005510645615095112,0.0002629201131735216
0.05468758464228585,0.09624896171455743,0.08742140715476099,0.08022293097416822,0.07406446781232146,0.06866470178402206,0.06385747066591829,0.059532628092108464,0.055611654171099145,0.05203568943212522,0.048758955362212864,0.04574483048562572,0.04296336189815497,0.04038960911130207,0.0380024980104533,0.0357840018755019,0.03371854009111852,0.03179252638773311,0.029994022610812077,0.028312468726792495,0.026738469042468127,0.02526362063409615,0.023880373979064617,0.02258191851500152,0.021362087749229763,0.0202152798776829,0.019136390843550122,0.018120757469478277,0.01716410882365499,0.016262524367621156,0.015412397735265704,0.014610405221670675,0.013853478234129413,0.013138779099158893,0.012463679727369448,0.011825742724464572,0.0112227046085977,0.0106524608468197,0.010113052471322825,0.009602654074111261,0.009119563007003034,0.00866218964088078,0.008229048558264451,0.007818750572360228,0.007429995478093865,0.0070615654546315465,0.006712319049958643,0.006381185685292445,0.00606716062600654,0.005769300371904845,0.005486718425062265,0.0052185813992041835,0.004964105437349445,0.004722552909058875,0.00449322936210074,0.004275480705038706,0.004068690600470604,0.0038722780506092597,0.003685695158406707,0.0035084250499613084,0.0033399799442217354,0.00317989935804415,0.003027748435996881,0.0028831163946327065,0.002745615072386534,0.0026148775767590796,0.002490557021706398,0.0023723253480217657,0.002259872220594414,0.0021529039971349626,0.0020511427628945797,0.0019543254267048935,0.0018622028740004418,0.0017745391726906312,0.0016911108284285437,0.0016117060856125076,0.0015361242710318808,0.001464175177460815,0.001395678484301402,0.001330463212906599,0.0012683672143040461,0.0012092366871069432,0.0011529257238435675,0.001099295883688723,0.0010482157899425852,0.0009995607508242847,0.0009532124019611017,0.0009090583693102706,0.0008669919511658866,0.000826911818207033,0.0007887217303524374,0.000752330269431483,0.0007176505867959905,0.000684600164881994,0.0006531005919433366,0.0006230773491567344,0.0005944596093531776,0.0005671800467636091,0.0005411746570555508,0.0005163825870789108,0.00024637298691164
0.051306669807528404,0.09029871081167928,0.08201694504596224,0.07526353067984237,0.06948582488292798,0.0644199058015853,0.05990988518932783,0.05585242714351257,0.052173866739030794,0.04881898384685923,0.04574483048562572,0.042917049520932116,0.040307540064029035,0.03789290371787757,0.03565336939636765,0.03357202498338552,0.03163425322156044,0.029827307886080345,0.028139988961872864,0.026562389343645187,0.025085694273634718,0.023702020379196553,0.02240428492183355,0.02118609843236552,0.020041675687624605,0.01896576123763566,0.01795356660336156,0.017000716925140602,0.016103205335892545,0.015257353696726761,0.01445977861554898,0.013707361884298719,0.012997224633371718,0.012326704634529617,0.011693336284959999,0.011094832886217376,0.010529070899280624,0.009994075906223893,0.009488010054001045,0.009009160791425858,0.008555930736955458,0.008126828540226783,0.007720460619205977,0.00733552367271062,0.006970797879656376,0.006625140709508398,0.006297481278800393,0.005986815195345427,0.0056921998401124885,0.0054127500425239505,0.00514763410997339,0.004896070177764444,0.004657322848252446,0.004430700092302925,0.004215550389436065,0.0040112600846153035,0.003817250942661443,0.003632977883116381,0.003457926879795792,0.003291613011652317,0.003133578651828131,0.002983391783691565,0.002840644433907691,0.0027049512128991884,0.0025759479544014002,0.002453290446288031,0.002336653246025444,0.0022257285739875066,0.0021202252788941334,0.002019867870297648,0.0019243956129822992,0.0018335616788933348,0.0017471323525250423,0.001664886285890843,0.0015866137998358995,0.001512116228254895,0.00144120530231737,0.0013737025721709643,0.0013094388634034802,0.0012482537660403123,0.0011899951539396068,0.0011345187325080032,0.0010816876130778884,0.001031371912054234,0.0009834483732787981,0.000937800012267398,0.0008943157808016591,0.0008528902506897557,0.0008134233154325973,0.0007758199088155216,0.0007399897392676644,0.0007058470390595862,0.0006733103275180976,0.000642302187328532,0.0006127490531944897,0.0005845810121041899,0.0005577316145043126,0.0005321376958072263,0.0005077392075528587,0.00048447905767950127,0.00023115147971833078
0.04818674029260894,0.08480777693224573,0.07702966575527537,0.07068695525111668,0.06526061323987942,0.060502769052902305,0.05626701525300959,0.05245630062191453,0.049001440389512596,0.04585057280538696,0.04296336189815497,0.040307540064029035,0.03785671545129177,0.03558891270264364,0.03348556316486884,0.03153078327697301,0.029710844767160904,0.028013776603016738,0.026429059923860576,0.024947390146076054,0.023560488598738438,0.022260951350691338,0.021042126411656425,0.019898012897178463,0.018823177419595105,0.01781268414455489,0.01686203580831319,0.015967123610945433,0.015124184364516846,0.01432976361670496,0.013580683736112764,0.01287401614747885,0.012207057057997489,0.011577306140638483,0.01098244773555307,0.01042033420678784,0.009888971154930842,0.009386504232575338,0.008911207351757683,0.008461472105938589,0.008035798254014431,0.007632785137641512,0.0072511239209190614,0.006889590558288611,0.0065470394073905425,0.0062223974159530265,0.005914658821537189,0.005622880309312517,0.005346176580880407,0.005083716292590065,0.004834718326532164,0.004598448362465368,0.0043742157213565724,0.004161370455284613,0.003959300661512663,0.0037674300000289096,0.0035852153966936112,0.003412144915860754,0.003247735787672512,0.003091532577461885,0.002943105484939805,0.0028020487626439217,0.0026679792443029746,0.002540534974060385,0.002419373928765324,0.002304172825983372,0.002194626011489016,0.002090444419883153,0.001991354602948109,0.001897097820972582,0.0018074291922244995,0.0017221168964545522,0.0016409414286074134,0.0015636948990997296,0.0014901803776220524,0.001420211277236693,0.001353610776049917,0.001290211274082926,0.00122985388278753,0.0011723879451187372,0.0011176705841562662,0.001065566278324298,0.001015946461651443,0.0009686891472937761,0.0009236785728632749,0.0008808048662992639,0.000839963730856267,0.0008010561480953117,0.0007639880976915911,0.00072867029313845,0.0006950179322600634,0.0006629504616600911,0.0006323913543349966,0.0006032678995790165,0.0005755110044950319,0.0005490550064062728,0.0005238374955121635,0.0004997991472491699,0.0004768835637191625,0.0004550371236728204,0.00021710442030473814
0.0452998178865337,0.07972692051408337,0.07241484674449805,0.06645216550233513,0.061350944833467036,0.05687816637089571,0.052896195352752695,0.049313795833690666,0.04606592856985192,0.043103839347667594,0.04038960911130207,0.03789290371787757,0.03558891270264364,0.033456977459552006,0.031479641957267046,0.029641974366113044,0.0279310690007456,0.026335672121425513,0.024845895146000885,0.023452991009878688,0.0221491770884491,0.02092749308245756,0.01978168557723864,0.018706113249716938,0.017695668269247955,0.0167457105451696,0.015852012278358196,0.015010710856859455,0.014218268571754233,0.013471437950429266,0.012767231754230224,0.012102896877351221,0.011475891527643167,0.010883865187238634,0.01032464094037705,0.009796199827391161,0.00929666694341702,0.008824299043879796,0.008377473458545226,0.007954678147339078,0.00755450275455824,0.00717563054047024,0.006816831085995262,0.006476953681968878,0.006154921324715887,0.005849725251260082,0.005560419956659179,0.005286118641924603,0.005025989048359228,0.004779249639246905,0.004545166094285721,0.004323048086921549,0.004112246317020868,0.003912149775143606,0.0037221832175534098,0.0035418048325037282,0.0033705040810085296,0.0032077996969331335,0.003053237832489168,0.002906390337322984,0.0027668531596117887,0.0026342448592748396,0.0025082052245146633,0.0023883939831736353,0.0022744896015815183,0.002166188163986421,0.0020632023267047814,0.00196526034101515,0.0018721051397302471,0.0017834934829662405,0.0016991951585754034,0.0016189922333722795,0.0015426783515589439,0.0014700580769268987,0.0014009462759750069,0.0013351675389088602,0.0012725556359631622,0.0012129530068137225,0.0011562102806782944,0.00110218582514331,0.0010507453218290136,0.0010017613670591369,0.0009551130960703882,0.0009106858290912553,0.000868370737919625,0.0008280645318125661,0.0007896691613471264,0.0007530915392059082,0.0007182432767713787,0.0006850404356641346,0.0006534032932025268,0.0006232561209632975,0.0005945269757181623,0.000567147501925519,0.0005410527451327404,0.0005161809756261682,0.0004924735217114902,0.0004698746121176364,0.0004483312269249369,0.00042779295653574446,0.00020410593413760537
0.042622261698751385,0.07501453534750757,0.0681346985722342,0.06252448433002322,0.057724805189137474,0.053516417846086295,0.049769823931422597,0.04639918099034923,0.04334329462975117,0.0405562927829165,0.0380024980104533,0.03565336939636765,0.03348556316486884,0.031479641957267046,0.029619181665791694,0.02789013316322486,0.026280353688746594,0.024779254770370684,0.023377532390727374,0.022066956567781237,0.020840204745416813,0.019690728080102027,0.018612642824557324,0.01760064113857862,0.01664991713638081,0.015756105021201228,0.01491522691477809,0.014123648537626543,0.013378041306366939,0.012675349716373796,0.012012763113067731,0.011387691133813549,0.01079774223772359,0.010240704850942417,0.00971453073919204,0.00921732028669714,0.008747309416692856,0.008302857929630703,0.007882439072593506,0.007484630182979457,0.007108104271556476,0.006751622431036164,0.006414026972028225,0.006094235203104911,0.005791233781333588,0.0055040735705431665,0.005231864953214288,0.004973773547499394,0.004729016287816357,0.004496857832260351,0.004276607264270191,0.0040676150604714995,0.003869270298763286,0.0036809980843142825,0.003502257173837481,0.0033325377798334443,0.00317135953900341,0.003018269630563432,0.0028728410313674582,0.0027346708967259103,0.0026033790560193656,0.0024786066137997137,0.0023600146481125225,0.002247282998029773,0.002140109133501482,0.002038207101026833,0.00194130653962752,0.0018491517615006128,0.0017615008925857892,0.0016781250688299235,0.0015988076838839294,0.0015233436845901102,0.001451538910878715,0.0013832094768531505,0.0013181811903724104,0.0012562890082757766,0.0011973765248422148,0.0011412954913835247,0.0010879053647120454,0.001037072882636162,0.0009886716647078027,0.0009425818364961966,0.0008986896760101136,0.000856887280696491,0.0008170722537262157,0.0007791474084504531,0.0007430204897656677,0.0007086039114029778,0.0006758145080917079,0.0006445733017835884,0.0006148052809753588,0.0005864391923579657,0.0005594073441101497,0.0005336454200641303,0.0005090923041369336,0.0004856899144036579,0.00046338304623189455,0.0004421192240003421,0.0004218485608378491,0.0004025236259294785,0.00019204965950088936
0.040133849425155965,0.07063503167319052,0.0641568963200807,0.058874249091556585,0.05435480926187042,0.05039213540735754,0.04686429072906595,0.043690445221924,0.0408129777114441,0.0381886946590525,0.0357840018755019,0.03357202498338552,0.03153078327697301,0.029641974366113044,0.02789013316322486,0.026262030882432397,0.024746233788465355,0.023332771677431863,0.022012883798640304,0.020778820722035407,0.01962368745738524,0.018541317548693592,0.017526170800169827,0.016573249294967785,0.01567802776076227,0.01483639531679165,0.014044606349672195,0.013299238781591394,0.012597158380848683,0.01193548804909672,0.011311581240966012,0.010722998839960252,0.010167488941948577,0.009642969101416071,0.009147510674919701,0.008679324959607188,0.008236750877462201,0.00781824399446579,0.007422366699073285,0.007047779392231279,0.006693232561912982,0.006357559634969062,0.00603967051388557,0.005738545720040608,0.0054532310741179785,0.005182832854607314,0.004926513383439357,0.0046834869930945655,0.004453016336055868,0.004234409001995232,0.004027014412033153,0.003830220963631434,0.003643453401702218,0.0034661703949012135,0.0032978622986220563,0.003138049087450523,0.0029862784422019922,0.0028421239781072014,0.002705183601818366,0.0025750779867710835,0.002451449156638301,0.0023339591681120764,0.0022222888852297742,0.002116136837701371,0.0020152181567489533,0.0019192635823385984,0.0018280185366091953,0.0017412422582044548,0.001658706993020384,0.0015801972373982731,0.0015055090297464817,0.0014344492871624336,0.0013668351838705788,0.001302493568444054,0.001241260417275708,0.0011829803216102351,0.0011275060058704087,0.0010746978752992076,0.001024423590790472,0.0009765576691693444,0.000930981107250043,0.0008875810280464906,0.0008462503478379388,0.000806887462609731,0.0007693959526550113,0.0007336843042859906,0.0006996656474667212,0.0006672575084403359,0.0006363815763620953,0.0006069634831720287,0.0005789325958012789,0.0005522218199852606,0.0005267674150413858,0.0005025088188840583,0.00047938848270595233,0.000457351714738298,0.00043634653254321504,0.00041632352338912167,0.0003972357121782271,0.0003790384364993028,0.00018084461422023012
0.0378171028186447,0.06655764906166461,0.06045350137404393,0.05547582218927083,0.0512172879916335,0.04748337598823993,0.04415918924963236,0.04116856439270533,0.038457206931781784,0.03598441705469424,0.03371854009111852,0.03163425322156044,0.029710844767160904,0.0279310690007456,0.026280353688746594,0.024746233788465355,0.023317935672147405,0.02198606474769066,0.020742366049431693,0.019579537544591852,0.018491082309847306,0.017471189894802897,0.016514639952678767,0.015616723107650166,0.014773175340724087,0.013980123099980535,0.013234037012545774,0.012531692562149033,0.011870136460176733,0.011246657706100727,0.010658762541708305,0.010104152662057858,0.00958070616616244,0.00908646082824488,0.008619599345117551,0.008178436274987322,0.007761406432744755,0.007367054543098661,0.006994025986093444,0.006641058495764879,0.006306974692247114,0.005990675346317004,0.005691133289302236,0.005407387894472079,0.005138540064572553,0.004883747669845673,0.004642221388523174,0.0044132209067692385,0.004196051441202275,0.003990060551383401,0.0037946352133808453,0.0036091991294981834,0.003433210251156976,0.0032661584951184375,0.003107563635626781,0.0029569733562282915,0.002813961447249304,0.002678126136273218,0.002549088540000362,0.002426491227630549,0.0023099968860969544,0.0021992870788934485,0.002094061091160629,0.001994034853923729,0.0018989399413673128,0.0018085226353806994,0.0017225430524785076,0.0016407743281081771,0.001563001854116064,0.0014890225656309063,0.0014186442735803634,0.0013516850396096437,0.0012879725904020242,0.0012273437685437934,0.001169644017546087,0.0011147268984898866,0.0010624536361587729,0.0010126926927948587,0.0009653193674737624,0.0009202154194599445,0.0008772687139668479,0.0008363728887908067,0.000797427040596075,0.0007603354294563706,0.0007250072005089876,0.0006913561217306279,0.0006593003367156725,0.0006287621315832128,0.0005996677150813604,0.0005719470111668189,0.0005455334632061409,0.0005203638491137665,0.0004963781068215867,0.000473519169394844,0.00045173280925628334,0.00043096749096515653,0.0004111742320357884,0.00039230647137253327,0.00037431994482090176,0.0003571725674325994,0.00017041216105017883
0.035656780903517205,0.06275556450932052,0.057000151340480754,0.05230684770544558,0.04829160201697458,0.044771005286405874,0.04163672507392302,0.0388169494962316,0.0362604861157142,0.03392896045318594,0.03179252638773311,0.029827307886080345,0.028013776603016738,0.026335672121425513,0.024779254770370684,0.023332771677431863,0.02198606474769066,0.020730276131909864,0.019557622495734173,0.018461218992700812,0.017434939886574297,0.016473306693021605,0.015571397316285984,0.014724771437715556,0.01392940865045772,0.013181656705793854,0.01247818786975069,0.011815961847323142,0.011192194074900491,0.01060432843414269,0.010050013637187855,0.009527082682514676,0.00903353489399955,0.008567520147960861,0.008127324963421945,0.00771136018716162,0.0073181500520318465,0.006946322421255424,0.006594600062691747,0.006261792821785739,0.005946790580347014,0.005648556905920046,0.00536612330964438,0.0050985840429464135,0.004845091371457208,0.004604851273675284,0.004377119519109421,0.004161198085332912,0.003956431879186165,0.003762205731379392,0.003577941637254084,0.0034030962202154097,0.0032371583961406103,0.003079647220079723,0.002930109898826902,0.002788119954044474,0.0026532755227237984,0.002525197783046003,0.0024035294946908314,0.002287933644296046,0.002178092186949268,0.0020737048759254806,0.001974488173755319,0.0018801742379226868,0.0017905099754263673,0.0017052561607689143,0.0016241866127570045,0.0015470874254099078,0.0014737562489894815,0.0014040016176241135,0.0013376423199586464,0.0012745068097836654,0.0012144326538156835,0.0011572660139338511,0.0011028611616218861,0.0010510800222267858,0.0010017917470202357,0.0009548723113053312,0.0009102041366783713,0.0008676757359012861,0.0008271813788985755,0.000788620778435601,0.0007518987943252696,0.0007169251548482455,0.0006836141943079837,0.0006518846057865634,0.0006216592080457335,0.0005928647257496325,0.000565431582130781,0.0005392937034186147,0.0005143883342257904,0.0004906558632464253,0.00046803965869563965,0.0004464859128443816,0.00042594349514209727,0.0004063638134055615,0.0003877006825879891,0.00036991020072941593,0.0003529506316166846,0.0003367822937738619,0.0001606837277292406
