0.0613415547482834,0.10267460862939437,0.08993125221828646,0.07989149601275392,0.07155637217922806,0.06444919400026294,0.058287916644915505,0.05288551883706605,0.048108795202274623,0.043858096413812886,0.0400561668818088,0.036641471401547276,0.03356395134264267,0.030782191812761983,0.028261455223912324,0.025972271531063518,0.02388939984824573,0.02199104581602629,0.02025825995233793,0.018674467129551786,0.01722509303275427,0.015897263664296613,0.014679560758803833,0.013561820617370657,0.012534967102084404,0.011590871820042287,0.010722236181930911,0.009922491228930713,0.009185712021977488,0.008506544060251559,0.007880139712132112,0.007302103037131663,0.00676844168284893,0.006275524783360076,0.005820045975235166,0.0053989907991267155,0.005009607878035421,0.004649383360306458,0.00431601819714289,0.004007407890497278,0.0037216244006351984,0.0034568999484244495,0.003211612484710219,0.0029842726311833517,0.0027735119226748456,0.0025780722039230666,0.0023967960530248897,0.002228618119367566,0.0020725572781896615,0.0019277095157001975,0.0017932414688904968,0.0016683845533307443,0.0015524296194753505,0.0014447220850538692,0.0013446574970119446,0.001251677481269451,0.0011652660432776192,0.0010849461862621132,0.0010102768173762787,0.0009408499153344234,0.0008762879354403189,0.0008162414305713413,0.0007603868688301485,0.0007084246303108808,0.0006600771672432386,0.0006150873132201012,0.0005732167286934698,0.0005342444709328445,0.0004979656778670485,0.00046419035623045633,0.00043274226519630053,0.0004034578875465149,0.00037618548113582933,0.00035078420401430267,0.0003271233072290403,0.00030508138974808495,0.0002845457104941494,0.00026541155293145074,0.0002475816379593626,0.0002309655812878838,0.0002154793917755098,0.00020104500748312389,0.00018758986652152787,0.0001750465099414713,0.00016335221418379122,0.00015244865082322768,0.00014228157147666868,0.000132800515960639,0.00012395854190634529,0.00011571197421853321,0.00010802017285151252,0.00010084531752372434,9.415220810376525e-5,8.790807947819512e-5,8.208242982499833e-5,7.664686128847835e-5,7.157493213226333e-5,6.684201952698908e-5,6.242519217600283e-5,5.830309205622462e-5,2.722791230535648e-5
0.10267460862939437,0.1718592510918766,0.1505295082213265,0.13372499189255604,0.11977365437299792,0.10787762928313072,0.0975648370173281,0.08852224600707137,0.08052690036598142,0.07341200945055482,0.0670482646658277,0.06133266978013441,0.05618143774486728,0.05152524916794743,0.04730596094983641,0.04347424666334543,0.039987858535347254,0.03681031749836039,0.033909906167187254,0.03125888129107546,0.028832848530321087,0.02661025949566498,0.02457200236901591,0.02270106519794657,0.020982256366743723,0.019401970576422345,0.017947991437727795,0.01660932380421687,0.015376050479371739,0.01423920905786058,0.01319068552535585,0.012223121902915246,0.011329835733308063,0.010504749612364223,0.009742329286046847,0.009037529087960988,0.00838574369814965,0.007782765366297711,0.007224745879266858,0.006708162663477096,0.006229788502084763,0.005786664423500135,0.005376075380226247,0.004995528390644974,0.004642732859095847,0.004315582828282302,0.004012140950116816,0.003730623987202683,0.003469389681171234,0.0032269248438121234,0.0030018345440151334,0.0027928322788697904,0.0025987310293735175,0.002418435113004644,0.0022509327552690875,0.0020952893103709444,0.0019506410690455847,0.0018161895981326712,0.001691196562050211,0.001574978981932082,0.0014669048921163719,0.0013663893580991328,0.0012728908236699366,0.001185907757849075,0.0011049755752868054,0.001029663806198993,0.0009595734943893541,0.0008943348035975948,0.000833604814466711,0.0007770654960959026,0.0007244218374210087,0.0006754001251147498,0.0006297463558847978,0.0005872247720626125,0.0005476165104750432,0.0005107183552974098,0.0004763415864983602,0.00044431091624948064,0.00041446350619224123,0.00038664805915988344,0.00036072397946356957,0.00033656059630885436,0.0003140364454510113,0.00029303860448437555,0.00027346207761057284,0.0002552092260920905,0.00023818924082719736,0.00022231765384057248,0.00020751588569063902,0.00019371082609249534,0.00018083444520115193,0.00016882343324740564,0.000157618866405561,0.00014716589690161232,0.00013741346556068838,0.00012831403511280245,0.00011982334271145667,0.00011190017025332257,0.00010450613116550368,9.760547245043485e-5,4.5582445438951524e-5
0.08993125221828646,0.1505295082213265,0.1318472867206517,0.11712857905446228,0.10490888909835938,0.094489389841796,0.08545660106198127,0.07753634788029462,0.07053334995843241,0.06430152037158754,0.05872760156668666,0.05372138217632938,0.04920947556129851,0.045131166853793925,0.04143553015380219,0.03807936181132576,0.035025658150597105,0.03224246812746179,0.02970201130940875,0.02737998808735742,0.025255032062333593,0.02330826951826742,0.021522960859710616,0.01988420570219568,0.01837869804171338,0.0169945212840259,0.015720975342118637,0.014548429782024419,0.013468198317071856,0.012472430936979195,0.011554020715224156,0.01070652291758542,0.00992408448266252,0.009201382300500854,0.008533568993656648,0.007916225127511362,0.007345316957197284,0.006817158960621961,0.0063283805268992965,0.0058758962663615355,0.00545687948665631,0.005068738446520185,0.004709095053507695,0.004375765718939231,0.004066744120748686,0.003780185658798327,0.0035143934153223644,0.0032678054560099923,0.0030389833282771783,0.002826601630547175,0.0026294385413218047,0.002446367210248629,0.002276347923992589,0.002118420970059931,0.0019717001303522566,0.0018353667432712065,0.0017086642801040844,0.001590893387146873,0.001481407349913047,0.0013796079406812461,0.001284941614073342,0.0011968960192320181,0.0011149968003214376,0.0010388046596178507,0.0009679126601199392,0.000901943746723196,0.0008405484671709477,0.0007834028754741366,0.0007302066022911186,0.0006806810782239246,0.0006345678971049137,0.0005916273076177741,0.000551636822635598,0.000514389936547616,0.0004796949418087639,0.00044737383656530405,0.00041726131600819914,0.0003892038407737981,0.00036305877616662346,0.0003386935965965796,0.00031598515007096473,0.000294818977981841,0.00027508868590442586,0.0002566953613731514,0.00023954703499604307,0.00022355818158465487,0.0002086492581779547,0.00019474627615234706,0.00018178040479107857,0.00016968760394713445,0.00015840828356149207,0.00014788698801545402,0.00013807210345950522,0.0001289155863744276,0.0001203727117870413,0.00011240183966823147,0.0001049641981596002,9.802368239218229e-5,9.154666772922984e-5,8.550183637327162e-5,3.993000818237587e-5
0.07989149601275392,0.13372499189255604,0.11712857905446228,0.10405314608918381,0.09319771202299365,0.08394147591400136,0.0759171238202796,0.06888109328347891,0.06265990756224293,0.05712379072298157,0.05217213069305404,0.047724788398392226,0.043716570952281986,0.040093542390524206,0.03681046274317501,0.03382895207352121,0.031116138170264263,0.02864363731027697,0.0263867707197728,0.024323951803830568,0.02243619967642385,0.020706747819973836,0.019120725558092744,0.017664896073876335,0.016327438915755776,0.015097767912653215,0.013966377576716205,0.012924712646000425,0.011965056591919404,0.011080435792523019,0.010264536745148656,0.009511634206758324,0.008816528548167862,0.00817449092403194,0.007581215107582279,0.007032775036759142,0.006525587278764594,0.006056377746323921,0.005622152105384082,0.005220169400026717,0.004847918489960551,0.00450309695555047,0.0041835921739259985,0.003887464311446806,0.003612931011045109,0.0033583535830661593,0.003122224533185801,0.0029031562812817796,0.002699870943825518,0.002511191067702756,0.0023360312166628705,0.0021733903235218593,0.0020223447306623663,0.0018820418505597625,0.0017516943857293077,0.0016305750537457114,0.0015180117691251244,0.001413383238945732,0.001316114933429386,0.001225675397063402,0.0011415728688966217,0.0010633521840877104,0.000990591931586824,0.0009229018450903591,0.0008599204067745066,0.0008013126451916347,0.0007467681106395809,0.0006959990126286005,0.0006487385056685654,0.0006047391109009464,0.0005637712620925987,0.0005256219656366769,0.0004900935651288626,0.0004570026018765449,0.000426178763553867,0.0003974639137653644,0.000370711195990304,0.0003457842059731431,0.00032255622702986875,0.0003009095232886184,0.00028073468628097946,0.0002619300306558898,0.0002444010352101022,0.0002280598256521639,0.00021282469586681937,0.00019861966472807004,0.00018537406568774808,0.00017302216664525673,0.00016150281776497596,0.00015075912513954617,0.00014073814831075957,0.00013139061985243663,0.00012267068536507292,0.00011453566233275573,0.00010694581644077284,9.986415404599413e-5,9.325622959743449e-5,8.708996690849689e-5,8.133549324328073e-5,7.596498527545257e-5,3.547626302779583e-5
0.07155637217922806,0.11977365437299792,0.10490888909835938,0.09319771202299365,0.08347489231571203,0.07518440620749,0.06799726696068453,0.061695326521292504,0.0561232094767703,0.05116468126766249,0.04672962809319192,0.042746272894791715,0.039156225239374454,0.035911177010902295,0.032970608702590054,0.030300145029761083,0.02787034372915209,0.02565578267451951,0.023634358096662145,0.02178673575291884,0.020095915218287352,0.018546879379717884,0.01712630914585117,0.015822348802012942,0.014624411210666877,0.013523014726351479,0.012509645625622512,0.011576641262376675,0.010717090209038493,0.009924746428901371,0.00919395512722998,0.008519588389781368,0.007896989073782612,0.007321921699115885,0.006790529308814797,0.006299295444989722,0.005845010529956299,0.005424742055422621,0.005035808077925738,0.0046757535957803464,0.0043423294451254285,0.004033473406031551,0.0037472932531450315,0.003482051522727153,0.0032361517977180926,0.003008126339417251,0.002796624916724305,0.002600404702065108,0.0024183211198664165,0.0022493195471842906,0.002092427777995398,0.0019467491733413667,0.0018114564279516632,0.001685785892198019,0.0015690323950993054,0.001460544519698917,0.001359720287635667,0.0012660032142836446,0.0011788786997300113,0.0010978707247613247,0.0010225388237654134,0.0009524753095402835,0.0008873027275120432,0.0008266715188870143,0.0007702578743821811,0.000717761761860199,0.0006689051129208749,0.0006234301546778013,0.0005810978743805133,0.0005416866057082123,0.0005049907264503828,0.0004708194582999526,0.0004389957603112213,0.0004093553082820441,0.00038174555308560613,0.00035602485146966293,0.00033206166347639603,0.00030973381116759097,0.00028892779370181827,0.0002695381543017933,0.00025146689500659975,0.00023462293542172215,0.00021892161205806955,0.00020428421505066206,0.00019063755936128213,0.0001779135878212522,0.00016604900353052628,0.00015498492937898213,0.00014466659259986837,0.00013504303247290853,0.00012606682939620513,0.00011769385371866031,0.0001098830328548797,0.00010259613529467557,9.579757025186017e-5,8.945420178080787e-5,8.353517628369406e-5,7.801176242449638e-5,7.285720252037694e-5,6.8046574567187e-5,3.177833206256483e-5
0.06444919400026294,0.10787762928313072,0.094489389841796,0.08394147591400136,0.07518440620749,0.0677173902461714,0.06124412159555326,0.05556812220034302,0.05054945103724107,0.04608341981909203,0.04208886626878783,0.038501143339290445,0.03526766082448751,0.03234490928984446,0.029696394214254518,0.02729115495130363,0.025102673845706414,0.023108054032279945,0.021287387368878807,0.019623260125269215,0.018100360556445483,0.016705163215272267,0.015425672002240376,0.014251208829504425,0.013172238172227235,0.012180220183961227,0.011267486792431725,0.010427136461884229,0.009652944253953827,0.008939284525861069,0.008281064147223183,0.007673664532020702,0.0071128911032367625,0.006594929062316818,0.006116304534959219,0.0056738503241791916,0.005264675630971244,0.00488613920474644,0.004535825471583932,0.00421152325775162,0.003911206782084939,0.0036330186388841418,0.003375254532184624,0.0031363495559207227,0.002914865841319128,0.0027094814171407383,0.002518980148522157,0.0023422426365424867,0.002178237975716986,0.002026016278995603,0.0018847018905664217,0.0017534872163831178,0.0016316271099340307,0.0015184337581795083,0.0014132720187688998,0.0013155551646947886,0.0012247409974943738,0.001140328294210874,0.0010618535568333552,0.000988888036448643,0.0009210350068024065,0.0008579272647455914,0.0007992248373027526,0.0007446128769214681,0.0006937997283702167,0.0006465151522673587,0.0006025086917778432,0.0005615481700744218,0.0005234183074492461,0.0004879194480121238,0.00045486638671207204,0.00042408728832921995,0.00039542269082836444,0.00036872458610254493,0.00034385557182472094,0.0003206880685693589,0.00029910359693779715,0.00027899210990006435,0.0002602513758918285,0.00024278640864787426,0.00022650894007446732,0.00021133693274983257,0.00019719412898239457,0.0001840096335362861,0.00017171752741603017,0.00016025651032912543,0.0001495695695894559,0.00013960367344929706,0.00013030948697745478,0.00012164110878801725,0.0001135558270157393,0.00010601389308951149,9.897831197267339e-5,9.241464762013642e-5,8.629084252167627e-5,8.057705027622987e-5,7.524548022708492e-5,7.027025327174352e-5,6.56272680094115e-5,6.129407646658191e-5,2.862488435180846e-5
0.058287916644915505,0.0975648370173281,0.08545660106198127,0.0759171238202796,0.06799726696068453,0.06124412159555326,0.05538971175384466,0.050256345042204664,0.04571746046788505,0.04167837917762862,0.03806569894884648,0.034820953726045545,0.03189658150881758,0.029253232831891185,0.026857902429093028,0.024682589800781807,0.022703312632784578,0.02089936320844693,0.019252736775437096,0.017747684497257554,0.016370358547733055,0.015108526607544248,0.01395133948183408,0.012889139970764074,0.011913304196071367,0.011016108760554227,0.010190618690720882,0.00943059226122342,0.008730399655064558,0.008084953052828636,0.0074896462348014725,0.006940302155395539,0.00643312723958106,0.005964671381308573,0.005531792804211927,0.005131627089064866,0.004761559789479952,0.004419202149449103,0.004102369513978965,0.0038090620868534847,0.0035374477403213034,0.003285846624982852,0.003052717363596212,0.002836644642969788,0.0026363280423607194,0.00245057195875846,0.002278276507641383,0.0021184292926021697,0.001970097950872489,0.0018324233929710929,0.0017046136643949703,0.0015859383659743015,0.001475723576382034,0.0013733472269913012,0.0012782348848658434,0.0011898559042333168,0.0011077199112696189,0.0010313735907331416,0.000960397746158425,0.0008944046084974865,0.0008330353703252871,0.0007759579252389574,0.0007228647941248285,0.0006734712216154726,0.0006275134277849686,0.0005847470015006937,0.0005449454232555832,0.0005078987062634571,0.00047341214576596645,0.0004413051674494444,0.0004114102665941765,0.00038357203040155323,0.0003576462366179549,0.0003334990221502314,0.00031100611599146726,0.0002900521311769728,0.0002705299110078805,0.00025233992521266416,0.00023538971201182354,0.00021959336245127442,0.0002048710436603693,0.00019114855794978786,0.00017835693497251842,0.00016643205433377727,0.0001553142962910565,0.0001449482183907393,0.0001352822560180345,0.00012626844504036406,0.00011786216484172647,0.00011002190021458134,0.00010270902065861488,9.58875757763281e-5,8.952410556144902e-5,8.358746444964214e-5,7.804865810895996e-5,7.288069201573551e-5,6.805843093853135e-5,6.355846852866619e-5,5.9359006260260904e-5,5.543974103288784e-5,2.5890880403184584e-5
0.05288551883706605,0.08852224600707137,0.07753634788029462,0.06888109328347891,0.061695326521292504,0.05556812220034302,0.050256345042204664,0.04559877428201298,0.0414805807953218,0.03781586219441502,0.034538020424161986,0.03159400904457932,0.02894067488664609,0.026542316030604973,0.024368986660983583,0.022395281796946775,0.020599442165579518,0.018962679543326366,0.01746865811231124,0.01610308885258921,0.014853407535876662,0.013708515687866574,0.012658569747369286,0.011694807654309969,0.010809404885094798,0.009995353926221723,0.009246362604477032,0.008556767733990472,0.007921461316499512,0.007335827111176696,0.006795685835508131,0.006297247599450884,0.005837070438470773,0.005412024020002265,0.005019257761458479,0.004656172728740637,0.004320396790363182,0.004009762585882634,0.003722287937774779,0.0034561583928630485,0.003209711625461492,0.0029814234738413797,0.002769895413790649,0.0025738433006600725,0.002392087233293691,0.002223542413166149,0.002067210888569343,0.0019221740871261384,0.0017875860522804932,0.0016626673095679403,0.001546699297268507,0.0014390193039375103,0.0013390158615438456,0.0012461245490255936,0.0011598241661470166,0.0010796332416823581,0.0010051068440146554,0.000935833665605245,0.00087143335566554,0.0008115540782473382,0.0007558702749894137,0.0007040806140379916,0.0006559061085142856,0.000611088389396974,0.0005693881192538868,0.0005305835345002265,0.0004944691051358644,0.0004608543017840718,0.00042956246091202,0.00040042973997497094,0.00037330415488319967,0.0003480446929373833,0.0003245204949891417,0.0003026101011059804,0.0002822007545860202,0.0002631877595317706,0.00024547388766184546,0.00022896883043224507,0.00021358869280639365,0.0001992555253763845,0.0001858968918012978,0.0001734454687637413,0.00016183867592524034,0.00015101833350858332,0.00014093034536696207,0.00013152440558595203,0.00012275372678260043,0.00011457478845043915,0.00010694710380572967,9.983300374360755e-5,9.319743658795844e-5,8.70077824463506e-5,8.123368107765087e-5,7.584687224654611e-5,7.082104763720277e-5,6.613171346020333e-5,6.175606295669156e-5,5.767285807251922e-5,5.38623196155144e-5,5.0306025272604284e-5,2.349340745738264e-5
0.048108795202274623,0.08052690036598142,0.07053334995843241,0.06265990756224293,0.0561232094767703,0.05054945103724107,0.04571746046788505,0.0414805807953218,0.0377343559130775,0.03440064336094317,0.031418861156668476,0.028740754748463826,0.026327069146619975,0.02414532750166304,0.022168289090373883,0.02037284382772736,0.01873919800169721,0.017250260560234543,0.01589117131950929,0.014648931996960546,0.013512113293658812,0.012470619256957055,0.011515495486080968,0.010638771385413692,0.00983332920499802,0.009092794401968751,0.008411443155141834,0.007784123812797861,0.007206189759666443,0.0066734417167258475,0.006182077892358487,0.00572865071335707,0.005310029103861635,0.00492336547037088,0.004566066699781199,0.004235768596409256,0.003930313280530742,0.003647729146989645,0.0033862130465254214,0.003144114404276102,0.0029199210318173532,0.0027122464249781375,0.002519818368928839,0.0023414686971676077,0.0021761240710457055,0.002022797664598168,0.0018805816544734538,0.001748640426977588,0.001626204425501751,0.0015125645708400567,0.0014070671949074874,0.001309109435547965,0.0012181350457938847,0.0011336305764690323,0.001055121895643215,0.000982171012213335,0.0009143731745822684,0.0008513542184694772,0.000792768140503948,0.0007382948768735968,0.0006876382681447017,0.0006405241934383087,0.0005966988588389024,0.0005559272262701098,0.0005179915704970998,0.00048269015304619467,0.00044983600299209996,0.0004192557953546054,0.00039078881880869575,0.0003642860251961526,0.0003396091539241107,0.0003166299250155751,0.0002952292951324603,0.0002752967713672144,0.0002567297781139455,0.00023943307266113736,0.00022331820557510568,0.0002083030223006474,0.00019431120264880699,0.00018127183517200208,0.00016911902366646995,0.00015779152325597979,0.00014723240376499167,0.00013738873822361896,0.00012821131455754368,0.00011965436868539717,0.00011167533735370301,0.00010423462920732852,9.729541269025898e-5,9.082341951105856e-5,8.478676247569141e-5,7.91557666064127e-5,7.390281255300387e-5,6.900219136323849e-5,6.44299697685818e-5,6.0163865197483766e-5,5.61831297920866e-5,5.24684427668236e-5,4.9001810484056076e-5,4.576647367978109e-5,2.137341065952059e-5
0.043858096413812886,0.07341200945055482,0.06430152037158754,0.05712379072298157,0.05116468126766249,0.04608341981909203,0.04167837917762862,0.03781586219441502,0.03440064336094317,0.03136148551506868,0.028643160176131,0.02620167693401665,0.02400124965990119,0.022012271388640647,0.020209908570799795,0.018573093275434716,0.017083780880765675,0.015726390594474338,0.01448737535384026,0.013354885464160582,0.012318501566068951,0.011369019821328624,0.010498277067190559,0.009699007009670552,0.008964720836867196,0.008289607269085897,0.007668448246300447,0.007096547317532731,0.0065696684403204475,0.0060839833794221615,0.00563602626305354,0.0052226541375128555,0.004841012579466494,0.004488505598432627,0.004162769197661467,0.0038616480700964656,0.0035831749941424296,0.00332555256327198,0.0030871369419281924,0.0028664233874167236,0.0026620333156764167,0.0024727027215300512,0.002297271790684917,0.002134675563663091,0.001983935530087029,0.0018441520482702645,0.0017144974987617634,0.0015942100916352744,0.0014825882575727305,0.0013789855612133528,0.0012828060825351428,0.001193500218581698,0.001110560863016967,0.001033519926032598,0.0009619451613409151,0.0008954372704202303,0.0008336272575490723,0.0007761740119577622,0.0007227620958113745,0.0006730997191297175,0.0006269168844267436,0.000583963685742284,0.0005440087482776555,0.0005068377960864932,0.00047225233657091116,0.00044006845156396336,0.00041011568583696444,0.00038223602459154515,0.0003562829523734712,0.00033212058656015286,0.00030962287911823465,0.00028867288094726416,0.00026916206363183925,0.00025098969385813335,0.00023406225622005748,0.00021829292044223646,0.00020360104943622972,0.0001899117449322943,0.00017715542765079847,0.00016526744927861017,0.00015418773373429302,0.00014386044540102942,0.0001342336822379494,0.0001252591918028574,0.00011689210841153794,0.00010909070981321174,0.00010181619185975618,9.50324597993905e-5,8.870593491376436e-5,8.280537534465534e-5,7.730171001873337e-5,7.216788468463538e-5,6.737871915642787e-5,6.29107749127787e-5,5.8742232282421895e-5,5.4852776497852545e-5,5.122349195706014e-5,4.783676409022197e-5,4.467618826171124e-5,4.172648519053365e-5,1.9486711207408053e-5
0.0400561668818088,0.0670482646658277,0.05872760156668666,0.05217213069305404,0.04672962809319192,0.04208886626878783,0.03806569894884648,0.034538020424161986,0.031418861156668476,0.028643160176131,0.026160477246948366,0.02393063586654387,0.021920952504300595,0.020104387060994322,0.018458258998883426,0.01696332692042063,0.015603110617159965,0.014363380097011935,0.013231762774128353,0.012197436269965667,0.011250884532428895,0.010383701646136362,0.00958843214596497,0.0088584396784257,0.008187797965850369,0.007571199522201727,0.007003878650451517,0.0064815460406120184,0.006000332875290643,0.005556742788921112,0.005147610363960595,0.0047700651054102955,0.004421500034491849,0.004099544200557678,0.003802038534211502,0.0035270145636957517,0.00327267559701018,0.0030373800355236527,0.002819626538200788,0.002618040798706242,0.00243136373253236,0.0022584409011736153,0.0020982130247261324,0.0019497074552146318,0.0018120304996137107,0.001684360496620442,0.0015659415637478483,0.0014560779414843003,0.0013541288706329993,0.0012595039466376107,0.0011716589013629729,0.0010900917687781952,0.0010143393957109982,0.0009439742634473301,0.0008786015897932729,0.0008178566843526323,0.0007614025328511742,0.0007089275888882106,0.0006601437536750288,0.0006147845265040471,0.0005726033102236953,0.0005333718577208157,0.0004968788468176465,0.00046292857212254165,0.00043133974355995947,0.0004019443822466263,0.0003745868053467308,0.0003491226921976667,0.00032541822479918627,0.00030334929641139246,0.00028280078250464587,0.0002636658688700234,0.00024584543216165343,0.00022924746853811122,0.00021378656649871305,0.00019938342028630318,0.00018596438058364516,0.00017346103952811448,0.0001618098472720101,0.00015095175759085276,0.00014083190024165868,0.00013139927795131163,0.00012260648612681495,0.00011440945349098109,0.0001067672020225478,9.964162472078392e-5,9.299727980418594e-5,8.68012000926348e-5,8.102271640302808e-5,7.563329390459779e-5,7.060638043699416e-5,6.59172658908345e-5,6.15429518233152e-5,5.7462030531956615e-5,5.365457288375149e-5,5.010202424390506e-5,4.678710790119813e-5,4.3693735439168796e-5,4.080692353284688e-5,3.8112716698961006e-5,1.7799057783176122e-5
0.036641471401547276,0.06133266978013441,0.05372138217632938,0.047724788398392226,0.042746272894791715,0.038501143339290445,0.034820953726045545,0.03159400904457932,0.028740754748463826,0.02620167693401665,0.02393063586654387,0.021890880456410466,0.020052513733200328,0.018390800997281298,0.016884995413007475,0.015517496062914637,0.014273227799078747,0.013139173836217877,0.012104016432837705,0.011157855884312062,0.010291987435507605,0.0094987218183549,0.008771239180399654,0.008103468944224118,0.007489990068119151,0.006925947544857036,0.006406981964368591,0.005929169687987401,0.0054889717195933385,0.005083189760816925,0.004708928245858876,0.004363561387543527,0.004044704448691677,0.0037501885976537197,0.0034780388201765683,0.003226454450410976,0.002993791957419549,0.0027785496814434554,0.0025793542629992325,0.0023949485473371765,0.00222418077870392,0.0020659949261799676,0.0019194220051428346,0.0017835722775459764,0.001657628229446588,0.0015408382380205018,0.0014325108517465324,0.0013320096167512667,0.0012387483908755867,0.0011521870940603106,0.0010718278497425168,0.0009972114774236505,0.0009279143008889233,0.0008635452407700708,0.0008037431636590681,0.0007481744628493256,0.0006965308485957066,0.0006485273281177407,0.0006039003575626454,0.0005624061501435344,0.0005238191260683728,0.00048793049145505127,0.00045454693471322187,0.0004234894299092098,0.00039459213771553606,0.0003677013954076439,0.0003426747882540439,0.00031938029524864603,0.0002976955028669379,0.00027750688112477065,0.00025870911667356424,0.00024120449818320136,0.00022490234968706915,0.00020971850792580234,0.00019557484011848217,0.00018239879884209692,0.00017012301102554321,0.00015868489833639927,0.00014802632642423605,0.00013809328073573603,0.00012883556679950912,0.0001202065330414637,0.00011216281438520539,0.00010466409499410934,9.76728886723237e-5,9.115433557086642e-5,8.507601392697536e-5,7.94077656926912e-5,7.412153498241635e-5,6.919121837550965e-5,6.45925261619554e-5,6.0302853707579814e-5,5.630116218192298e-5,5.2567867938075035e-5,4.908473990165125e-5,4.58348043689919e-5,4.280225666302025e-5,3.9972379142907705e-5,3.7331465091622806e-5,3.4866748049531106e-5,1.628316809885224e-5
0.03356395134264267,0.05618143774486728,0.04920947556129851,0.043716570952281986,0.039156225239374454,0.03526766082448751,0.03189658150881758,0.02894067488664609,0.026327069146619975,0.02400124965990119,0.021920952504300595,0.020052513733200328,0.018368547755785447,0.016846397608013652,0.01546705919899477,0.014214410090884255,0.01307464144445325,0.012035829875714665,0.011087608320919234,0.010220908635070108,0.009427757244577784,0.008701110760236663,0.008034722176238074,0.007423030821777421,0.006861071000141217,0.006344395501838879,0.005869011084225995,0.005431323671285723,0.005028091519738306,0.004656384965724472,0.004313551648793962,0.003997186326165969,0.0037051045573662927,0.0034353196719424245,0.003186022536768543,0.002955563722474429,0.002742437735904421,0.0025452690385489238,0.002362799615602422,0.002193877896448107,0.002037448856599046,0.0018925451561587828,0.001758279190272223,0.001633835944569624,0.0015184665625686856,0.00141148254464539,0.0013122505086669914,0.0012201874509070385,0.0011347564537130435,0.0010554627928417472,0.0009818504029602583,0.0009134986648201872,0.0008500194815684765,0.0007910546155168105,0.0007362732599119678,0.0006853698228770685,0.0006380619032725875,0.0005940884403622948,0.0005532080209949587,0.0005151973298428477,0.00047984972952104694,0.0004469739588585861,0.00041639293876952546,0.0003879426761211136,0.00036147125698988373,0.00033683792148554974,0.00031391221313171753,0.00029257319634456123,0.00027270873622182393,0.00025421483540148063,0.00023699502316622788,0.00022095979244394354,0.00020602608074194416,0.0001921167913844636,0.00017916035178209026,0.00016709030569281866,0.00015584493673235795,0.0001453669206406532,0.00013560300398131418,0.00012650370718120035,0.0001180230499845782,0.00011011829754558949,0.00010274972556011336,9.588040293171665e-5,8.947599061344663e-5,8.350455538538642e-5,7.793639740291767e-5,7.27438904677758e-5,6.79013340415314e-5,6.338481611850165e-5,5.917208612275077e-5,5.524243707478592e-5,5.157659633465983e-5,4.815662427045287e-5,4.4965820263307365e-5,4.198863549948427e-5,3.921059204419527e-5,3.661820773567955e-5,3.419892646356671e-5,3.194105343596351e-5,1.4916847536104196e-5
0.030782191812761983,0.05152524916794743,0.045131166853793925,0.040093542390524206,0.035911177010902295,0.03234490928984446,0.029253232831891185,0.026542316030604973,0.02414532750166304,0.022012271388640647,0.020104387060994322,0.018390800997281298,0.016846397608013652,0.015450397966221385,0.014185373224945508,0.01303653732501292,0.011991226027764618,0.011038504261375065,0.010168864268562755,0.00937398954168936,0.008646567414234335,0.007980138300194561,0.007368972984175354,0.006807971695166309,0.006292580318746188,0.005818720250384338,0.005382729223299826,0.004981311050748047,0.004611492674284234,0.004270587247118457,0.003956162240746117,0.003666011761349397,0.0033981324157488085,0.003150702188288515,0.0029220618852459634,0.0027106987794950563,0.002515232149940476,0.002334400458880767,0.0021670499514622604,0.002012124494536853,0.0018686564990424911,0.0017357587929839463,0.0016126173308072048,0.0014984846410395457,0.0013926739268726729,0.0012945537459628474,0.0012035432053365165,0.0011191076151091557,0.0010407545519252465,0.000968030288937393,0.0009005165542627924,0.000837827584449613,0.0007796074431135856,0.0007255275784441139,0.000675284596232513,0.0006285982274846346,0.0005852094720454719,0.000544878901622527,0.0005073851072688873,0.00047252327806567886,0.0004401038989200242,0.00040995155672170734,0.00038190384518139303,0.0003558103595434521,0.00033153177327789867,0.00030893898957946864,0.0002879123612440117,0.0002683409729987438,0.00025012198097834875,0.00023316000454076842,0.0002173665659986031,0.00020265957427684396,0.000188962848863159,0.00017620568072110971,0.00016432242716612946,0.00015325213791597203,0.0001429382098005372,0.0001333280678446633,0.00012437287059317024,0.00011602723775883984,0.00010824899842733562,0.00010099895819005306,9.424068373847403e-5,8.794030353949964e-5,8.206632334607951e-5,7.658945540584125e-5,7.148246029922223e-5,6.67200004460368e-5,6.22785043813683e-5,5.813604099096938e-5,5.4272202940058595e-5,5.066799860364694e-5,4.730575186255332e-5,4.416900916805015e-5,4.124245333509769e-5,3.851182356018573e-5,3.59638412004104e-5,3.358614089049648e-5,3.1367206597944074e-5,2.929631225351097e-5,1.3681733312034014e-5
0.028261455223912324,0.04730596094983641,0.04143553015380219,0.03681046274317501,0.032970608702590054,0.029696394214254518,0.026857902429093028,0.024368986660983583,0.022168289090373883,0.020209908570799795,0.018458258998883426,0.016884995413007475,0.01546705919899477,0.014185373224945508,0.013023936061553332,0.011969172618421953,0.011009455845031185,0.010134746236200032,0.009336314702144077,0.008606525837811713,0.007938665863541389,0.007326804212101495,0.0067656808690064185,0.0062506137123844036,0.005777421587593687,0.00534235990569637,0.004942066317643629,0.004573514572773177,0.004233975084904598,0.003920981039234092,0.0036322991110850494,0.0033659040496367837,0.0031199565204852037,0.0028927837125331257,0.0026828623021175405,0.0024888034371832665,0.0023093394610411433,0.002143312139904159,0.0019896621960417346,0.001847419978827529,0.0017156971305672258,0.0015936791250702395,0.0014806185741130622,0.001375829211702765,0.0012786804778068504,0.0011885926338612608,0.0011050323511963243,0.0010275087206987922,0.0009555696386385759,0.0008887985290150675,0.0008268113674785547,0.00076925397610033,0.0007157995615958423,0.00066614647285421,0.0006200161563388838,0.0005771512901366731,0.0005373140796037582,0.0005002846993560992,0.00046585986788880845,0.00043385154265008184,0.0004040857244756099,0.00037640136150752807,0.0003506493437134602,0.00032669157991984527,0.0003044001501108229,0.00028365652640798336,0.0002643508568278422,0.0002463813063785904,0.00022965345062298144,0.00021407971729464625,0.00019957887190619628,0.00018607554368649378,0.00017349978851090991,0.00016178668576763465,0.00015087596640558964,0.000140711669603956,0.00013124182575423868,0.00012241816365568883,0.00011419583996784754,0.00010653318915808743,9.93914923227892e-5,9.273476338651559e-5,8.652955133287813e-5,8.074475719960575e-5,7.53514646941449e-5,7.032278338563527e-5,6.563370349225452e-5,6.126096138157422e-5,5.718291495843543e-5,5.3379428196848955e-5,4.983176411253536e-5,4.652248554090578e-5,4.343536313669626e-5,4.0555290047093176e-5,3.786820276253304e-5,3.5361007682458215e-5,3.302151297060365e-5,3.083836531118163e-5,2.880099119888452e-5,2.689954242962524e-5,1.2562422743154535e-5
0.025972271531063518,0.04347424666334543,0.03807936181132576,0.03382895207352121,0.030300145029761083,0.02729115495130363,0.024682589800781807,0.022395281796946775,0.02037284382772736,0.018573093275434716,0.01696332692042063,0.015517496062914637,0.014214410090884255,0.01303653732501292,0.011969172618421953,0.010999840599583643,0.010117856121555302,0.009313992972089818,0.008580229194771721,0.007909547916330584,0.007295779226332344,0.0067334729774656266,0.006217795252756508,0.005744443212111011,0.005309574398885075,0.004909747555713648,0.004541872699785357,0.004203168719390277,0.0038911271346594445,0.0036034809502254322,0.0033381777461150702,0.003093356320505232,0.0028673263273009883,0.002658550454095042,0.002465628766396423,0.0022872849082544236,0.0021223539015374562,0.0019697713271640063,0.0018285637061791205,0.0016978399265405106,0.0015767835840943475,0.0014646461255918113,0.0013607406973879799,0.0012644366170312185,0.0011751543957543471,0.0010923612496638486,0.001015567045535043,0.0009443206337184339,0.0008782065267371984,0.0008168418871424832,0.0007598737925131101,0.0007069767493623983,0.0006578504307759581,0.0006122176155898863,0.0005698223094108036,0.0005304280298121088,0.0004938162400365247,0.00045978491718799697,0.0004281472423085294,0.00039873040115200563,0.00037137448545944505,0.0003459314856600008,0.0003222643668328636,0.0003002462204993927,0.0002797594855838926,0.0002606952324918097,0.00024295250488041813,0.00022643771412410307,0.00021106408199584887,0.0001967511275097417,0.00018342419419181688,0.00017101401441336908,0.0001594563077207808,0.00014869141035257901,0.0001386639334123767,0.00012932244734512217,0.00012061919059458501,0.00011250980051297861,0.00010495306472492428,9.791069132638122e-5,9.134709642851652e-5,8.522920767202783e-5,7.952628247466791e-5,7.420973984714708e-5,6.925300472639161e-5,6.463136386656502e-5,6.032183238632318e-5,5.6303030161406744e-5,5.2555067303946624e-5,4.905943804520943e-5,4.579892237537638e-5,4.2757494856594325e-5,3.992024007280965e-5,3.727327421261539e-5,3.4803672329454505e-5,3.24994008539431e-5,3.0349254967337218e-5,2.834280047900057e-5,2.6470319870510513e-5,2.4722762200309403e-5,1.1545848293975712e-5
0.02388939984824573,0.039987858535347254,0.035025658150597105,0.031116138170264263,0.02787034372915209,0.025102673845706414,0.022703312632784578,0.020599442165579518,0.01873919800169721,0.017083780880765675,0.015603110617159965,0.014273227799078747,0.01307464144445325,0.011991226027764618,0.011009455845031185,0.010117856121555302,0.009306598716792902,0.008567197406709026,0.007892273632327751,0.007275373302406296,0.006710821355741775,0.006193604763978552,0.0057192773030528,0.0052838812297824195,0.004883882258662764,0.004516115124776454,0.004177737663457706,0.0038661918079555546,0.0035791702568643696,0.003314587825056489,0.003070556692901745,0.002845364922457877,0.0026374577282707035,0.0024454210847938695,0.0022679673263227423,0.0021039224544239232,0.001952214915793081,0.0018118656512195394,0.0016819792481585771,0.001561736055137937,0.001450385137028224,0.0013472379680235964,0.0012516627737032791,0.0011630794460225774,0.001080954965019136,0.0010047992700198023,0.0009341615305949735,0.0008686267735748543,0.0008078128280302153,0.0007513675547063652,0.0006989663303728268,0.0006503097611162932,0.0006051216014200788,0.0005631468586194104,0.0005241500646138708,0.00048791369858847654,0.00045423674633015935,0.0004229333832470837,0.0003938317694973329,0.00036677294693631887,0.000341609828505212,0.00031820627171255493,0.00029643622869913663,0.00027618296605141663,0.00025733834823622303,0.0002398021790908627,0.0002234815963787773,0.00020829051481374532,0.00019414911343340613,0.00018098336359216767,0.0001687245941402113,0.00015730909069263223,0.00014667772616871588,0.00013677562001732872,0.00012755182380014404,0.00011895903096875238,0.00011095330888383605,0.00010349385130197387,9.654274967649712e-5,9.0064781782881e-5,8.402721629814582e-5,7.839963207001703e-5,7.315375093781395e-5,6.826328303366383e-5,6.370378359730642e-5,5.94525204218523e-5,5.548835110126744e-5,5.179160933371416e-5,4.834399958296648e-5,4.512849946941989e-5,4.212926929612502e-5,3.9331568172902586e-5,3.672167624506849e-5,3.4286822563402175e-5,3.2015118176237606e-5,2.9895494052541985e-5,2.7917643476361195e-5,2.6071968584125463e-5,2.434953073450751e-5,2.274200442928373e-5,1.0620817263389535e-5
0.02199104581602629,0.03681031749836039,0.03224246812746179,0.02864363731027697,0.02565578267451951,0.023108054032279945,0.02089936320844693,0.018962679543326366,0.017250260560234543,0.015726390594474338,0.014363380097011935,0.013139173836217877,0.012035829875714665,0.011038504261375065,0.010134746236200032,0.009313992972089818,0.008567197406709026,0.007886547743788275,0.007265251819221635,0.0066973684636830455,0.006177673623868618,0.005701552663880546,0.005264912705145758,0.004864110527910276,0.004495892715878275,0.004157345545610869,0.0038458527157916172,0.0035590594446664875,0.0032948417866333485,0.0030512802601004863,0.002826637063806481,0.0026193363004599346,0.0024279467360599563,0.0022511667101272337,0.00208781088008949,0.0019367985374553684,0.001797143277550664,0.0016679438393375629,0.0015483759611297776,0.0014376851216982463,0.0013351800554116458,0.001240226946456105,0.0011522442205493429,0.0010706978640497578,0.0009950972095091222,0.0009249911350013573,0.0008599646314285392,0.0007996356975908323,0.0007436525279504429,0.0006916909622420569,0.0006434521697396261,0.000598660544271358,0.0005570617886665533,0.000518421169845797,0.00048252192787589035,0.00044916382403228233,0.00041816181460137963,0.00038934483855477403,0.0003625547084233219,0.0003376450948982951,0.0003144805965272007,0.00029293588681986,0.00027289493185169746,0.00025425027207271866,0.00023690236268181317,0.0002207589674429215,0.00020573460134973385,0.0001917500179072465,0.00017873173723835425,0.0001666116115819345,0.00015532642502199667,0.0001448175245979907,0.00013503048020036164,0.00012591477087270505,0.00011742349537724982,0.00010951310503171195,0.00010214315702078772,9.5276086548879e-5,8.8876996311871e-5,8.291346191682163e-5,7.735535198794864e-5,7.217466179512211e-5,6.7345359357278e-5,6.284324303448916e-5,5.864580971876856e-5,5.473213281112499e-5,5.108274922152297e-5,4.7679554705156715e-5,4.45057068927013e-5,4.154553543599647e-5,3.878445872185069e-5,3.620890665967651e-5,3.380624908870945e-5,3.156472937825255e-5,2.9473402835138315e-5,2.7522079558347633e-5,2.5701271409741622e-5,2.4002142798500365e-5,2.2416464993622366e-5,2.0936573705300433e-5,9.777664848646173e-6
