0.061341554748449933,0.09382808065389914,0.07699579411379798,0.06449914976140492,0.05466477387983448,0.04669290091984146,0.040111467181885074,0.03460937484109261,0.029967187819519903,0.026022863625561055,0.022652755000522995,0.01976017909174521,0.017268103057301698,0.015114233737233806,0.01324759244937862,0.01162604999785552,0.010214506354514985,0.00898351708214315,0.007908237781744654,0.006967600221654269,0.006143660653119526,0.005421078342032218,0.004786694087089177,0.004229186549820851,0.003738789861769093,0.003307059996624867,0.002926680315712485,0.002591298845598479,0.002295391453692182,0.0020341463023678397,0.0018033658930127136,0.0015993837304808245,0.0014189931998850984,0.0012593866905609118,0.0011181033533656931,0.000992984158831478,0.000882133150639914,0.0007838839724003052,0.0006967708960661234,0.0006195037033724458,0.0005509458730374867,0.0004900956106353646,0.00043606932798232086,0.00038808723737568124,0.00034546077487817087,0.0003075816081905946,0.0002739120194571853,0.00024397648274248566,0.00021735428099880268,0.00019367302862934813,0.00017260298392759651,0.00015385205124597567,0.0001371613860337113,0.00012230152737338325,0.00010906899249351351,9.728327620746715e-5,8.67842055817399e-5,7.742960648062847e-5,6.909324411425062e-5,6.166300450847193e-5,5.503928792317293e-5,4.9133588866160077e-5,4.386724047983001e-5,3.917030380047289e-5,3.498058477838055e-5,3.124276402447586e-5,2.7907626074254264e-5,2.4931376538996335e-5,2.2275036916587882e-5,1.9903908054664436e-5,1.7787094324655086e-5,1.5897081507935343e-5,1.4209362221140125e-5,1.2702103430833737e-5,1.1355851248649127e-5,1.0153268755138962e-5,9.07890309765594e-6,8.118978543243281e-6,7.2612125483906146e-6,6.494652248211099e-6,5.809529065419484e-6,5.197129402149597e-6,4.649679612201804e-6,4.160243654484149e-6,3.7226320116756086e-6,3.3313206188347304e-6,2.981378687565e-6,2.6684044382807126e-6,2.3884678634866866e-6,2.1380597444399036e-6,1.91404622982661e-6,1.7136283631547102e-6,1.5343060139864922e-6,1.3738457285744308e-6,1.2302520697539487e-6,1.101742063470779e-6,9.86722411893178e-7,8.83769170770399e-7,7.916096218774468e-7,7.091061012975827e-7,3.1762078533744823e-7
0.09382808065389914,0.14352065345793807,0.11777446081139242,0.098659843408053,0.08361730588216276,0.07142357311991154,0.06135660338624138,0.052940558700623974,0.04583980134508325,0.03980647934658499,0.03465146775628103,0.030226884765069073,0.026414904063159828,0.02312024431165871,0.020264930167775197,0.01778452199032471,0.01562533159549262,0.013742321319699824,0.01209748951120665,0.010658610386929251,0.009398237254268665,0.008292904902934967,0.007322484929419143,0.006469660077407402,0.005719492303762522,0.005059065432288304,0.004477187724605938,0.003964142986562336,0.0035114812866815504,0.003111842221033209,0.0027588050826915303,0.002446761393805917,0.0021708061170603934,0.0019266445407303823,0.0017105123689147642,0.0015191069788595274,0.0013495281544182586,0.0011992268853818315,0.001065961052381298,0.0009477570052722657,0.0008428761979443616,0.0007497861712300498,0.0006671352825563491,0.0005937306704555789,0.0005285190167751714,0.0004705697326730981,0.00041906024771612253,0.0003732631263580763,0.00033253477443694925,0.0002963055308876786,0.0002640709676678338,0.00023538424471257306,0.00020984938705813187,0.00018711536884730541,0.00016687090399336146,0.00014883985623866374,0.00013277719259107692,0.00011846541382469706,0.00010571140411350793,9.434364919578197e-5,8.420977875036478e-5,7.51743942044717e-5,6.711714797998677e-5,5.993104435000093e-5,5.352093573048533e-5,4.780219140982549e-5,4.269951851062993e-5,3.814591739373125e-5,3.408175585943758e-5,3.0453948367812397e-5,2.721522813013623e-5,2.4323501365604934e-5,2.1741274280552027e-5,1.9435144433658873e-5,1.7375349130981533e-5,1.5535364346857487e-5,1.3891548427100641e-5,1.2422825497327285e-5,1.1110404081861986e-5,9.937526959839652e-6,8.889248740694399e-6,7.95223804301692e-6,7.114601519551223e-6,6.365727281899131e-6,5.696145558841098e-6,5.097404667999151e-6,4.561960596086709e-6,4.083078677161907e-6,3.654746027135822e-6,3.2715935449271864e-6,2.928826422618513e-6,2.6221622263895785e-6,2.3477757146785704e-6,2.1022496524757903e-6,1.8825309637068464e-6,1.6858916363633093e-6,1.5098938601645716e-6,1.3523589342248545e-6,1.211339532954804e-6,1.0850949641860143e-6,4.860345469317013e-7
0.07699579411379798,0.11777446081139242,0.09664729361266566,0.08096189596221248,0.06861799152084114,0.05861178243031695,0.05035077380651676,0.043444500999531455,0.037617545063492686,0.03266652237980239,0.028436239622974924,0.024805346823214447,0.02167715700823558,0.018973483212576858,0.016630339479342893,0.01459484703169911,0.012822949577221798,0.011277689320002532,0.009927882126062937,0.00874708347343972,0.0077127705140637715,0.006805687570353103,0.00600931712514198,0.005309448473630005,0.004693823284622575,0.004151842367016559,0.003674321603102798,0.0032532877092115026,0.0028818065012814822,0.002553837867454667,0.00226411281813501,0.002008028886459526,0.001781560856806308,0.001581184354847498,0.0014038102736089568,0.0012467283631238182,0.0011075585961136183,0.0009842091524557665,0.0008748400539060341,0.0007778316349812322,0.0006917571631255299,0.0006153590269180002,0.000547527998855506,0.00048728515266484827,0.00043376607641469785,0.00038620707459736166,0.0003439330960300687,0.0003063471613193409,0.00027292109511073415,0.0002431873950630159,0.0002167320922985246,0.00019318847762699954,0.0001722315845172069,0.00015357333421163076,0.00013695826074029476,0.00012215974422442053,0.0001089766900897295,9.723059977185416e-5,8.676298537459203e-5,7.74330867561292e-5,6.911585467442348e-5,6.170016816787788e-5,5.508725827594479e-5,4.9189313621915594e-5,4.392824637799043e-5,3.923459974044586e-5,3.5046580333639925e-5,3.130920094377256e-5,2.7973520743661772e-5,2.4995971701655432e-5,2.2337761205717206e-5,1.9964342116978655e-5,1.7844942503688634e-5,1.5952148214244493e-5,1.4261532252506017e-5,1.2751325617957213e-5,1.1402124897249644e-5,1.0196632440549606e-5,9.119425434229598e-6,8.156750609121809e-6,7.296341697423048e-6,6.5272570810593895e-6,5.839735368761133e-6,5.225066894151085e-6,4.675479357208433e-6,4.184036033202896e-6,3.7445451500564005e-6,3.3514791944400443e-6,2.99990304546717e-6,2.6854099596993654e-6,2.40406453947866e-6,2.1523519146038716e-6,1.9271324532707605e-6,1.725601394070517e-6,1.5452528589989773e-6,1.3838477670926615e-6,1.239385221754299e-6,1.110076992175718e-6,9.943247509195264e-7,8.906997672745889e-7,3.9896239455993756e-7
0.06449914976140492,0.098659843408053,0.08096189596221248,0.06782240090173963,0.05748200722595187,0.04909985754351409,0.04217963291430504,0.036394250128915506,0.031512996895550094,0.02736550311426922,0.023821766491526397,0.02078013447600996,0.018159614108772648,0.015894709445653465,0.013931820398274897,0.012226651114385256,0.010742296147488672,0.009447796316450985,0.008317028925134362,0.007327841564514798,0.006461366945810926,0.005701474638459644,0.005034327930484292,0.004448022497728174,0.003932289497970337,0.0034782499350812235,0.0030782102089636845,0.0027254910278634303,0.0024142835492624998,0.0021395278926168992,0.0018968101458828324,0.0016822747437812424,0.001492549686037653,0.0013246825294825175,0.0011760854572705343,0.0010444880242809346,0.0009278964163685552,0.0008245582540719644,0.0007329321294623024,0.0006516611941834154,0.0005795502233011864,0.0005155456680670401,0.00045871828422846227,0.0004082479840214516,0.00036341061134317725,0.00032356638307804234,0.00028814977613989164,0.00025666067069818246,0.00022865658642506372,0.0002037458709803451,0.00018158171906117442,0.00016185691671611506,0.00014429921959338348,0.0001286672858732945,0.00011474709498930256,0.00010234879215062932,9.130390641050724e-5,8.146289669433405e-5,7.269298596390586e-5,6.487624873208046e-5,5.790792146144648e-5,5.16949091878419e-5,4.6154465000466265e-5,4.121302187326645e-5,3.6805158853554765e-5,3.2872685798325334e-5,2.9363832767842555e-5,2.623253184654993e-5,2.343778063600816e-5,2.0943077947817735e-5,1.8715923345268232e-5,1.6727373173683596e-5,1.4951646587840425e-5,1.3365775845271374e-5,1.1949295808228962e-5,1.0683968182947652e-5,9.553536547560892e-6,8.543508678167123e-6,7.640963083069052e-6,6.834377013489434e-6,6.1134735322686e-6,5.469085498262412e-6,4.893034570826584e-6,4.37802355243514e-6,3.917540580213551e-6,3.5057738461629316e-6,3.1375356740180355e-6,2.8081949141754345e-6,2.513616734200799e-6,2.2501089870212855e-6,2.014374429634099e-6,1.8034681472656595e-6,1.6147596098803422e-6,1.4458988515015106e-6,1.294786319907815e-6,1.1595459942509338e-6,1.0385014129164862e-6,9.30154293613811e-7,8.331654625759292e-7,7.463378412122939e-7,3.343006331516278e-7
0.05466477387983448,0.08361730588216276,0.06861799152084114,0.05748200722595187,0.04871829091330648,0.04161421011069166,0.03574913092462895,0.030845847796399428,0.026708830100825143,0.023193687579547706,0.02019024193301766,0.01761234144475543,0.015391343538802227,0.013471739468945976,0.011808102318479896,0.010362890589593166,0.009104826222365026,0.008007670678099849,0.007049284394204741,0.006210892676220631,0.005476505014366917,0.0048324504274984,0.004267001898726072,0.0037700701444062235,0.0033329519835140903,0.002948122158630863,0.002609060062107843,0.0023101047370369526,0.0020463329546248285,0.0018134562518679412,0.0016077336428624786,0.0014258973577996673,0.0012650894639666746,0.0011228076177108894,0.0009968585093705802,0.0008853178138687051,0.0007864956618876644,0.000698906810056743,0.0006212448225551906,0.0005523596861728378,0.0004912383711861892,0.00043698792540135777,0.000388820751030171,0.0003460417661893412,0.0003080371963432634,0.00027426477785625833,0.00024424518683017517,0.00021755453259534197,0.00019381777757115047,0.00017270296417979617,0.0001539161456924603,0.00013719693176351012,0.00012231457124810058,0.00010906450513673395,9.726533121588287e-5,8.675612961389699e-5,7.739410494369213e-5,6.905250640683487e-5,6.161879210697728e-5,5.499300809058238e-5,4.908635629349953e-5,4.3819928798719964e-5,3.912358859977142e-5,3.493497949062438e-5,3.1198649831370865e-5,2.7865276790369127e-5,2.4890979290064148e-5,2.223670929099483e-5,1.9867712298330092e-5,1.7753049062879266e-5,1.586517139842708e-5,1.4179545877354726e-5,1.267431990251757e-5,1.1330025297855948e-5,1.0129315131424994e-5,9.056729981084168e-6,8.098490296108593e-6,7.242311896285921e-6,6.4772419895289324e-6,5.793513392697783e-6,5.182414905780731e-6,4.636176023689156e-6,4.147864378989567e-6,3.711294489985151e-6,3.32094655191358e-6,2.9718941522629693e-6,2.65973991678869e-6,2.3805582059586097e-6,2.1308440799343404e-6,1.9074678388499903e-6,1.7076345220453282e-6,1.528847819500358e-6,1.3688779097126198e-6,1.2257327921352224e-6,1.0976327306896231e-6,9.82987467232886e-7,8.803759018099488e-7,7.885279701403379e-7,7.06308478365742e-7,6.327026817512595e-7,2.8340170877541923e-7
0.04669290091984146,0.07142357311991154,0.05861178243031695,0.04909985754351409,0.04161421011069166,0.035546146182705796,0.030536381832786064,0.026348142129990704,0.022814414592315202,0.01981186815594438,0.017246393819423333,0.015044404834349767,0.013147269852211207,0.011507575767143202,0.010086520860290826,0.008852038743141749,0.007777412947787998,0.006840231522278806,0.006021583666607003,0.005305432696109849,0.004678120051755122,0.004127968414740835,0.003644960918364068,0.003220479580706731,0.0028470903740335785,0.0025183654082374454,0.00222873492843733,0.001973363463432992,0.0017480456848267822,0.0015491184610641993,0.001373386299103295,0.0012180579136868673,0.0010806920914939906,0.0009591513545246649,0.0008515621944571623,0.0007562808638459945,0.000671863882754458,0.0005970425590804823,0.0005307009352649265,0.000471856667719232,0.0004196444224524379,0.0003733014344327592,0.00033215493144510624,0.0002956111677271658,0.0002631458498481556,0.0002342957687658572,0.00020865147848458075,0.00018585088410893102,0.0001655736211768023,0.00014753612435611935,0.0001314872974234201,0.00011720470829489722,0.00010449124299351199,9.317216118082377e-5,8.309250337786532e-5,7.411480644839972e-5,6.611708951456447e-5,5.899107730360058e-5,5.2640632095534616e-5,4.698036908891835e-5,4.193443312853649e-5,3.743541749517683e-5,3.342340783993932e-5,2.984513641813842e-5,2.66532335958515e-5,2.380556518361167e-5,2.1264645541073238e-5,1.8997117598555278e-5,1.697329200895173e-5,1.5166738572496236e-5,1.3553923888267292e-5,1.2113889903921614e-5,1.0827968663832668e-5,9.679529106337669e-6,8.65375224871651e-6,7.73743152267611e-6,6.91879540153987e-6,6.187349792023526e-6,5.533737953452173e-6,4.949615966656732e-6,4.427542001542636e-6,3.960877832296297e-6,3.5437012277783207e-6,3.170727999341879e-6,2.8372426278512277e-6,2.539036514027957e-6,2.272353003524186e-6,2.0338384347720826e-6,1.8204985416955761e-6,1.6296596190997186e-6,1.4589339242385884e-6,1.3061888475069011e-6,1.1695194373039693e-6,1.047223910139987e-6,9.377818183966279e-7,8.398345843429527e-7,7.521681414266468e-7,6.73697452578474e-7,6.034527005335361e-7,5.405669679520418e-7,2.4213262260604587e-7
0.040111467181885074,0.06135660338624138,0.05035077380651676,0.04217963291430504,0.03574913092462895,0.030536381832786064,0.026232750076431666,0.022634838840544735,0.019599179245246512,0.017019825992769078,0.014815936370824068,0.012924296872228958,0.011294541113124057,0.009885939511547953,0.008665159926582566,0.007604656073958022,0.006681477420754395,0.0058763711536702345,0.00517309206669464,0.0045578639187394965,0.004018953364039249,0.0035463290157997512,0.003131385879437565,0.002766720658096307,0.0024459471203676225,0.002163543350000831,0.0019147246068039053,0.0016953369338179591,0.001501767696528166,0.0013308700339914464,0.001179898810345404,0.0010464561252763113,0.0009284448090875266,0.0008240286175674877,0.0007315980715473184,0.000649741069980083,0.0005772175537495112,0.000512937617391452,0.0004559425642104188,0.0004053884807190128,0.0003605319725963523,0.0003207177593864425,0.00028536787088043105,0.00025397222637156113,0.0002260804099116446,0.00020129448173275642,0.00017926268875115324,0.0001596739562887044,0.00014225305954489436,0.00012675638726970632,0.00011296822197117903,0.00010069747117319797,8.977479292646075e-5,8.005006628792688e-5,7.139016392306778e-5,6.36769895252375e-5,5.680574755422452e-5,5.068341694410374e-5,4.522740401371539e-5,4.0364352946233094e-5,3.602909489037022e-5,3.2163719103440514e-5,2.871675160308763e-5,2.5642428574942228e-5,2.2900053345210533e-5,2.045342708576072e-5,1.8270344612762615e-5,1.632214767260541e-5,1.4583329025919878e-5,1.3031181438605505e-5,1.1645486385797972e-5,1.0408237891178679e-5,9.303397464109858e-6,8.316676570020731e-6,7.435343488622147e-6,6.648051778902964e-6,5.944687894955105e-6,5.316235781614693e-6,4.754656528010751e-6,4.252781379947913e-6,3.8042166068451917e-6,3.4032588907472133e-6,3.0448200583409627e-6,2.72436010980219e-6,2.4378276181690557e-6,2.181606678052025e-6,1.9524696746447956e-6,1.7475352270315882e-6,1.5642307319816917e-6,1.4002589994806082e-6,1.2535685276767353e-6,1.1223270159915907e-6,1.0048977599027875e-6,8.998186104464031e-7,8.057832170020841e-7,7.21624303014357e-7,6.462987521549882e-7,5.788743071028753e-7,5.185177048239742e-7,4.644840918035568e-7,2.0805378997115858e-7
0.03460937484109261,0.052940558700623974,0.043444500999531455,0.036394250128915506,0.030845847796399428,0.026348142129990704,0.022634838840544735,0.019530444732564378,0.016911173049882933,0.01468561276663366,0.012784011625859792,0.011151828033527572,0.009745605032518506,0.008530200407072225,0.007476854541350941,0.006561799929386214,0.005765234341004927,0.0050705459914020395,0.004463718105367914,0.003932864171083947,0.0034678603226518667,0.003060051176309156,0.0027020120680855478,0.002387355184503351,0.002110570259306936,0.0018668927782692704,0.0016521942815829263,0.0014628905663487159,0.001295864498208,0.0011484008263365764,0.0010181309211077308,0.0009029857593494187,0.0008011557988254203,0.0007110566334025768,0.0006312995185453543,0.0005606660154851457,0.0004980861304314903,0.0004426194287081159,0.00039343868850980936,0.00034981572838521137,0.00031110909972732227,0.0002767533830295623,0.0002462498661153622,0.00021915841554732973,0.00019509037998023063,0.00017370238754801752,0.00015469091900693118,0.0001377875549385104,0.000122754809464561,0.0001093824749341327,9.748441229579267e-5,8.689573065351927e-5,7.747030700013197e-5,6.907860360398166e-5,6.160574608035565e-5,5.494982995905818e-5,4.9020427707857726e-5,4.373727175053957e-5,3.9029092109969495e-5,3.483259000994633e-5,3.1091531087219684e-5,2.7755943907965645e-5,2.478141124886621e-5,2.2128443139165122e-5,1.9761922007595952e-5,1.765061145029206e-5,1.576672116557562e-5,1.4085521492545542e-5,1.2585001781694057e-5,1.1245567514395915e-5,1.0049771689539755e-5,8.982076527489305e-6,8.028642007566425e-6,7.1771381633234225e-6,6.416578421540104e-6,5.737171585277836e-6,5.130190341833522e-6,4.587854422297347e-6,4.103226754357286e-6,3.670121142270515e-6,3.283020175999491e-6,2.937002219747602e-6,2.6276764625049966e-6,2.351125127882304e-6,2.103852043944673e-6,1.8827368644554256e-6,1.6849943124567512e-6,1.5081378887599057e-6,1.3499475502121423e-6,1.2084409187453108e-6,1.0818476309024778e-6,9.685864816052964e-7,8.672450545483091e-7,7.765615657223333e-7,6.954086772159233e-7,6.22779065270937e-7,5.577725506008451e-7,4.995846202692107e-7,4.474961891557126e-7,4.008644659234929e-7,1.795574016473876e-7
0.029967187819519903,0.04583980134508325,0.037617545063492686,0.031512996895550094,0.026708830100825143,0.022814414592315202,0.019599179245246512,0.016911173049882933,0.014643215000920029,0.012716156606856044,0.011069602614312973,0.009656327920478325,0.008438705057648571,0.007386305882418676,0.006474228633462031,0.00568189397747236,0.004992155926075756,0.004390630949652419,0.0038651824196689333,0.0034055182083008173,0.003002872386760329,0.0026497505233416888,0.002339723816539137,0.002067261232874283,0.0018275915736644041,0.0016165893596233466,0.0014306798486373243,0.0012667595523330188,0.0011221294019761047,0.0009944383074904327,0.0008816353080358837,0.0007819288637850967,0.0006937521127569016,0.0006157331328806599,0.000546669421058403,0.0004855059384066777,0.000431316181705688,0.0003832858307118896,0.00034069859442542507,0.00030292393950147496,0.0002694064335008678,0.00023965647678240824,0.0002132422309971396,0.0001897825807161929,0.00016894098858509857,0.00015042012459423604,0.000133957167053376,0.000119319687215594,0.00010630204174614903,9.472220762910054e-5,8.441900298220483e-5,7.524964485726838e-5,6.708760159319189e-5,5.982070290128918e-5,5.3349475672957464e-5,4.758567763854299e-5,4.245100459810184e-5,3.787595004366368e-5,3.3798798669604766e-5,3.0164737608474358e-5,2.6925071236351037e-5,2.4036527160708923e-5,2.146064253275991e-5,1.9163221156420806e-5,1.7113853032827938e-5,1.5285488994320974e-5,1.3654063973472883e-5,1.2198163224265613e-5,1.0898726497688088e-5,9.738785770285773e-6,8.703232644958488e-6,7.77861200387708e-6,6.9529388968996096e-6,6.21553600221018e-6,5.556889309069147e-6,4.968519944796267e-6,4.442870310998015e-6,3.973202906940853e-6,3.5535104040856935e-6,3.178435702290628e-6,2.84320084372731e-6,2.5435437889136507e-6,2.2756621738909973e-6,2.036163266862851e-6,1.8220194321774693e-6,1.630528488071708e-6,1.4592784134479941e-6,1.306115920994904e-6,1.1691184679032646e-6,1.046569324040026e-6,9.369353596046802e-7,8.388472524505989e-7,7.510818486986985e-7,6.725464398120796e-7,6.02264745838259e-7,5.393644177556807e-7,4.830658926714956e-7,4.326724540522928e-7,3.875613653879426e-7,3.471759603115047e-7,1.555092925471247e-7
0.026022863625561055,0.03980647934658499,0.03266652237980239,0.02736550311426922,0.023193687579547706,0.01981186815594438,0.017019825992769078,0.01468561276663366,0.012716156606856044,0.011042727936790536,0.009612881729599065,0.00838560938444885,0.007328236501722457,0.006414340289414067,0.005622296849661451,0.004934235715095797,0.004335267805964063,0.0038129028602670173,0.0033566017446099022,0.002957427026047413,0.0026077665716743026,0.0023011123755117824,0.0020318817917028,0.0017952717693940634,0.0015871390766554264,0.0014039012068144466,0.0012424538992518025,0.0011001021187175414,0.0009745020188180673,0.0008636119304788296,0.0007656508109834658,0.0006790628941587516,0.0006024875203931856,0.000534733313016773,0.00047475601657286266,0.0004216394318383356,0.0003745789787017546,0.0003328674958387205,0.00029588294989162534,0.00026307777904729154,0.0002339696388950546,0.00020813335414352103,0.00018519390943554006,0.00016482033731100593,0.00014672038208735517,0.00013063583596568777,0.00011633845843106493,0.00010362640248290367,9.232108186912544e-5,8.226442252617168e-5,7.331644913624656e-5,6.535316431838852e-5,5.8264683605775214e-5,5.195359423523023e-5,4.633350995218179e-5,4.132779762830679e-5,3.686845460814964e-5,3.289511839202428e-5,2.935419258712137e-5,2.619807509139985e-5,2.338447621742665e-5,2.0875815999409e-5,1.8638691254403022e-5,1.6643404123780822e-5,1.4863544834251713e-5,1.3275622299129528e-5,1.1858736954848797e-5,1.0594290897701896e-5,9.465730980773204e-6,8.45832104882547e-6,7.558939941119144e-6,6.7559022921079715e-6,6.038799510355963e-6,5.398358622864659e-6,4.8263169439488395e-6,4.315310764205929e-6,3.858776466050896e-6,3.450862657160416e-6,3.0863520747933685e-6,2.760592158535945e-6,2.469433315406078e-6,2.209174012718662e-6,1.976511933654108e-6,1.7685005166971673e-6,1.5825102778919414e-6,1.4161943830598138e-6,1.2674579969220646e-6,1.1344309899435288e-6,1.0154436305577684e-6,9.090049326486e-7,8.137833647772823e-7,7.285896607821082e-7,6.523615004211147e-7,5.841498543836829e-7,5.231068110425833e-7,4.6847472249207134e-7,4.1957652548983624e-7,3.758071089299378e-7,3.3662561355865967e-7,3.0154856234403447e-7,1.3507186555471732e-7
0.022652755000522995,0.03465146775628103,0.028436239622974924,0.023821766491526397,0.02019024193301766,0.017246393819423333,0.014815936370824068,0.012784011625859792,0.011069602614312973,0.009612881729599065,0.008368196663070065,0.007299850234298216,0.006379399983201861,0.005583845325560111,0.004894363003205282,0.004295397034732973,0.0037739866719069676,0.0033192592873676208,0.0029220406724493678,0.0025745508685932963,0.0022701635674756276,0.0020032135850334767,0.0017688412490618824,0.001562865513913235,0.0013816796979775406,0.0012221652246743667,0.0010816198259131285,0.0009576974608622099,0.0008483577961728335,0.0007518235422314234,0.0006665442836731681,0.0005911657078559555,0.0005245033422693977,0.0004655200753627461,0.0004133068649788442,0.0003670661424504786,0.0003260975042015772,0.000289785350444066,0.0002575881860694988,0.00022902934426135852,0.00020368893077475202,0.00018119681790234763,0.00016122654296481936,0.00014348998776063946,0.00012773273344648993,0.00011373000058605143,0.000101283096953697,9.021630653220148e-5,8.037416240346917e-5,7.161905409040835e-5,6.382912661878452e-5,5.689643431765158e-5,5.072531728282127e-5,4.523097267017926e-5,4.0338196621923935e-5,3.598027575730796e-5,3.209800987456464e-5,2.8638849853194538e-5,2.55561367693422e-5,2.28084300064034e-5,2.0358913659903157e-5,1.8174871872833945e-5,1.6227224893436453e-5,1.449011865290779e-5,1.2940561542526855e-5,1.1558102836934227e-5,1.0324547884347108e-5,9.223705767696445e-6,8.241165658625114e-6,7.364098537016077e-6,6.58108134238481e-6,5.881940971638424e-6,5.25761584273398e-6,4.700033010877593e-6,4.2019990606416115e-6,3.7571032031727717e-6,3.3596311912778532e-6,3.004488826108945e-6,2.68713396986539e-6,2.403516104790087e-6,2.150022588761114e-6,1.923430854812326e-6,1.7208658885710262e-6,1.5397623926602673e-6,1.3778311148226144e-6,1.2330288758932061e-6,1.1035318858027111e-6,9.87711982690882e-7,8.841154709908932e-7,7.914442710931329e-7,7.085391250722701e-7,6.343646318079673e-7,5.679959101144232e-7,5.086067108269664e-7,4.5545881885694623e-7,4.078926037881509e-7,3.653185933209642e-7,3.27209957807272e-7,2.9309580638066426e-7,2.6255520624151044e-7,1.1760592320320441e-7
0.01976017909174521,0.030226884765069073,0.024805346823214447,0.02078013447600996,0.01761234144475543,0.015044404834349767,0.012924296872228958,0.011151828033527572,0.009656327920478325,0.00838560938444885,0.007299850234298216,0.006367912030326356,0.005564984549807014,0.004871004464064077,0.004269552286655945,0.003747058548159446,0.0032922175804375453,0.002895545168447554,0.002549038617416656,0.002245911429890571,0.001980383432965478,0.0017475128397700795,0.0015430605101907635,0.0013633792698904725,0.0012053229629038,0.001066171208481459,0.0009435667733801584,0.0008354631632877946,0.0007400805546060076,0.000655868578969477,0.0005814747726502773,0.0005157177345581857,0.00045756421735131114,0.0004061095187981121,0.00036056065367011305,0.00032022187704851355,0.0002844822030129684,0.0002528046217771321,0.00022471676675443752,0.00019980282266290374,0.00017769649841937194,0.0001580749156775362,0.0001406532863859225,0.00012518027158060037,0.0001114339293602452,9.921817330807957e-5,8.835967383302463e-5,7.870514436902486e-5,7.011896244885139e-5,6.248108252412564e-5,5.5685203257040735e-5,4.963715702473192e-5,4.425349365661457e-5,3.946023412560113e-5,3.519177308600977e-5,3.138991187998043e-5,2.8003006002581105e-5,2.498521305916866e-5,2.2295829013705532e-5,1.9898702070199955e-5,1.7761714852644508e-5,1.5856326715222712e-5,1.4157169022766913e-5,1.2641687118556798e-5,1.1289823465928522e-5,1.0083737119451311e-5,9.007555269394379e-6,8.047153111955283e-6,7.189958749535114e-6,6.424780218525466e-6,5.741652085475336e-6,5.1316993562193546e-6,4.587016708633651e-6,4.100561292691001e-6,3.666057547997714e-6,3.27791266851554e-6,2.931141504343036e-6,2.6212998308203288e-6,2.3444250379532145e-6,2.096983402945266e-6,1.8758232046035082e-6,1.6781330230287764e-6,1.5014046435931667e-6,1.3434000496848331e-6,1.202122047765882e-6,1.0757881200806842e-6,9.62807145760214e-7,8.61758671981023e-7,7.713744524110439e-7,6.90522002232616e-7,6.181899468386194e-7,5.534749664626561e-7,4.955701610610605e-7,4.437546792472162e-7,3.9738447258053033e-7,3.558840518329554e-7,3.1873913558066585e-7,2.854900936265448e-7,2.55726098455583e-7,2.290799075693926e-7,1.0261160402572676e-7
0.017268103057301698,0.026414904063159828,0.02167715700823558,0.018159614108772648,0.015391343538802227,0.013147269852211207,0.011294541113124057,0.009745605032518506,0.008438705057648571,0.007328236501722457,0.006379399983201861,0.005564984549807014,0.004863309260640977,0.00425684132453015,0.0037312321825079264,0.0032746238123590593,0.0028771364556078247,0.002530482065131942,0.002227667249832123,0.0019627614181414108,0.0017307133774179737,0.001527204578143631,0.0013485304958643883,0.001191503910662712,0.0010533754310890625,0.0009317677414748156,0.0008246208734364671,0.0007301464075252975,0.000646788963228789,0.0005731936773475735,0.0005081786327282792,0.00045071140168643706,0.0003998890264508472,0.0003549208835967807,0.000315113978302653,0.0002798602934399432,0.0002486258823726833,0.0002209414459845016,0.00019639417676302947,0.000174620687398281,0.0001553008698761114,0.0001381525547328958,0.00012292685981865484,0.00010940413437818871,9.739041800822671e-5,8.671434568572624e-5,7.722443985664902e-5,6.878673884707005e-5,6.128271791703654e-5,5.4607465268345255e-5,4.866808043280308e-5,4.338226685041851e-5,3.867709418659026e-5,3.448790917120917e-5,3.075737651442583e-5,2.74346338386554e-5,2.447454663603865e-5,2.1837051046255033e-5,1.94865737920881e-5,1.739151995895947e-5,1.5523820460963092e-5,1.3858532055231797e-5,1.2373483647522678e-5,1.1048963398403662e-5,9.867441811772733e-6,8.813326572320007e-6,7.872745412366864e-6,7.033353733098814e-6,6.284164100052404e-6,5.615395076309212e-6,5.018337156950225e-6,4.485233833737999e-6,4.00917605152375e-6,3.5840085215007775e-6,3.20424653689606e-6,2.865002093573843e-6,2.5619182580013798e-6,2.291110847712576e-6,2.0491165966622367e-6,1.832847073812859e-6,1.6395477071702016e-6,1.4667613394575381e-6,1.3122958076779676e-6,1.1741950960371167e-6,1.050713663315884e-6,9.402935910453021e-7,8.415442385184901e-7,7.53224126429258e-7,6.742248020160142e-7,6.035564666053786e-7,5.403351707505915e-7,4.837714041517091e-7,4.331599268210223e-7,3.8787070498360574e-7,3.4734083049821983e-7,3.1106731597321163e-7,2.7860066974642233e-7,2.4953916552347016e-7,2.2352373081696493e-7,2.0023338675743548e-7,8.969058964009647e-8
0.015114233737233806,0.02312024431165871,0.018973483212576858,0.015894709445653465,0.013471739468945976,0.011507575767143202,0.009885939511547953,0.008530200407072225,0.007386305882418676,0.006414340289414067,0.005583845325560111,0.004871004464064077,0.00425684132453015,0.003726010199393573,0.0032659523857903883,0.002866289029094589,0.0025183727562741037,0.0022149493460743366,0.0019498977313771731,0.0017180270667468064,0.0015149162069126865,0.0013367852585620607,0.001180391759650519,0.0010429460244988469,0.0009220415820850071,0.0008155976257156299,0.0007218111116174888,0.0006391166736401908,0.0005661529170939168,0.0005017339539208493,0.00044482527067562366,0.00039452319789980324,0.0003500373877617412,0.0003106758159206729,0.0002758319101069896,0.00024497347720852953,0.0002176331565516632,0.0001934001722652674,0.0001719131946488887,0.00015285415077356725,0.0001359428495096857,0.00012093230690657288,0.00010760467507444065,9.576769212786378e-5,8.525158278337055e-5,7.590634938910092e-5,6.759940173688226e-5,6.021348124762957e-5,5.3644841298995573e-5,4.780165070763229e-5,4.260259185570061e-5,3.797562878741611e-5,3.3856923874532726e-5,3.0189884480135527e-5,2.692432347617781e-5,2.401571955753536e-5,2.1424565106844705e-5,1.91157909273097e-5,1.7058258510777805e-5,1.5224311688944445e-5,1.358938052763739e-5,1.2131631216285508e-5,1.0831656475844624e-5,9.672201679335678e-6,8.637922467643076e-6,7.715170155149183e-6,6.891801669516522e-6,6.157011159062703e-6,5.501180746769155e-6,4.915748210706231e-6,4.393089633326853e-6,3.926415294393902e-6,3.5096772858363384e-6,3.137487505057028e-6,2.805044841179392e-6,2.508070506036316e-6,2.242750584224863e-6,2.0056849839354704e-6,1.7938420641459791e-6,1.6045182977539316e-6,1.4353024036362767e-6,1.2840434453731873e-6,1.1488224521961606e-6,1.0279271678061525e-6,9.198295778893364e-7,8.231659067760649e-7,7.367188084230511e-7,6.594015081954011e-7,5.902436791372333e-7,5.283788609425663e-7,4.7303325110829653e-7,4.2351571700131925e-7,3.792088944446296e-7,3.395612533305987e-7,3.0408002415837286e-7,2.7232489111182243e-7,2.43902367793753e-7,2.1846078103259853e-7,1.9568579636046104e-7,1.7529642613895384e-7,7.85207339079019e-8
0.01324759244937862,0.020264930167775197,0.016630339479342893,0.013931820398274897,0.011808102318479896,0.010086520860290826,0.008665159926582566,0.007476854541350941,0.006474228633462031,0.005622296849661451,0.004894363003205282,0.004269552286655945,0.0037312321825079264,0.0032659523857903883,0.0028627053472863734,0.002512394114087206,0.002207439345930151,0.0019414827763701084,0.0017091593303482852,0.0015059192581122864,0.0013278874413645524,0.0011717508109431486,0.0010346673499683282,0.0009141918953730552,0.0008082151682859071,0.0007149133321268982,0.0006327060077755357,0.0005602211393972347,0.0004962654514519167,0.00043979949962829473,0.00038991651940294483,0.0003458244311553933,0.00030683048197542497,0.0002723280999111233,0.00024178561225039231,0.0002147365401666823,0.00019077123105368764,0.00016952962948993573,0.00015069502023291013,0.00013398860320587526,0.000119164782322653,0.0001060070681652499,9.432450962734533e-5,8.394858226551936e-5,7.47304716470392e-5,6.65386989103867e-5,5.925704326818315e-5,5.278272252841115e-5,4.7024798124758126e-5,4.1902775742676496e-5,3.7345376552031786e-5,3.328945741951886e-5,2.967906134289063e-5,2.6464581829887678e-5,2.360202707119008e-5,2.1052371586237177e-5,1.8780984608515413e-5,1.6757125846798696e-5,1.4953500442199295e-5,1.334586597562964e-5,1.191268526737601e-5,1.063481949245196e-5,9.495256811326968e-6,8.47887230365232e-6,7.572215508422456e-6,6.763322322713946e-6,6.041548405339646e-6,5.397421572832811e-6,4.822510978093187e-6,4.309311125628233e-6,3.851139007556199e-6,3.4420428481616493e-6,3.0767211231899118e-6,2.7504506762878053e-6,2.459022893453414e-6,2.1986870167203635e-6,1.9660997856904403e-6,1.758280689655979e-6,1.5725721953406945e-6,1.4066043889021964e-6,1.258263535188779e-6,1.1256641139972176e-6,1.0071239437610627e-6,9.011420470009456e-7,8.063789514716686e-7,7.21639155667007e-7,6.458555177892487e-7,5.7807535472305e-7,5.174480614056035e-7,4.6321408248027797e-7,4.1469508676528896e-7,3.712852119423419e-7,3.3244326165998573e-7,2.976857503100368e-7,2.665807024710018e-7,2.387421242854093e-7,2.1382507324090567e-7,1.9152126097747033e-7,1.715551309155514e-7,1.5368035896683095e-7,6.883836564631623e-8
0.01162604999785552,0.01778452199032471,0.01459484703169911,0.012226651114385256,0.010362890589593166,0.008852038743141749,0.007604656073958022,0.006561799929386214,0.00568189397747236,0.004934235715095797,0.004295397034732973,0.003747058548159446,0.0032746238123590593,0.002866289029094589,0.002512394114087206,0.0022049556857247493,0.0019373221913045052,0.0017039136710697012,0.0015000217735270799,0.0013216536639623494,0.0011654085544450625,0.0010283789038653957,0.0009080705608795689,0.0008023376487334109,0.0007093290594280734,0.0006274441867721268,0.0005552960811753584,0.0004916806164337248,0.0004355505632192818,0.000385993694106343,0.00034221422131895055,0.0003035170046126398,0.0002692940730699006,0.0002390130884958059,0.000212207444659291,0.00018846774992773265,0.00016743448383844516,0.00014879165291686956,0.00013226129953627973,0.00011759874092529942,0.00010458843463275868,9.304038270468193e-5,8.278700007796993e-5,7.368038377813754e-5,6.558992876428337e-5,5.8400244098882935e-5,5.2009329713719214e-5,4.6326979612590444e-5,4.127338210346116e-5,3.677789168591498e-5,3.2777950663630826e-5,2.9218141502320837e-5,2.604935347124001e-5,2.3228049283532362e-5,2.0715619316813362e-5,1.847781260095249e-5,1.6484235153417612e-5,1.470790744474953e-5,1.3124873815238854e-5,1.1713857571974778e-5,1.0455956273942093e-5,9.334372399095721e-6,8.334175180533496e-6,7.442089914941216e-6,6.646311499160928e-6,5.936339344518826e-6,5.3028311644955035e-6,4.73747343065154e-6,4.232866557562912e-6,3.782423108860365e-6,3.3802775185200304e-6,3.0212060002551947e-6,2.7005554744227093e-6,2.4141804789566977e-6,2.1583871523548004e-6,1.9298834823724463e-6,1.7257351083283364e-6,1.543326047530868e-6,1.3803237885532646e-6,1.2346482586902772e-6,1.1044442294042365e-6,9.8805677337681e-7,8.840094312633505e-7,7.909847847766144e-7,7.078071674833446e-7,6.33427275174037e-7,5.669084643868821e-7,5.074145517424146e-7,4.5419894767910223e-7,4.0659497704546316e-7,3.640072553667864e-7,3.2590400441379703e-7,2.9181020368048696e-7,2.6130148584361234e-7,2.3399869457608186e-7,2.0956303210242515e-7,1.876917319615824e-7,1.6811419959723158e-7,1.5058856969083565e-7,1.3489863482823738e-7,6.042555254813707e-8
0.010214506354514985,0.01562533159549262,0.012822949577221798,0.010742296147488672,0.009104826222365026,0.007777412947787998,0.006681477420754395,0.005765234341004927,0.004992155926075756,0.004335267805964063,0.0037739866719069676,0.0032922175804375453,0.0028771364556078247,0.0025183727562741037,0.002207439345930151,0.0019373221913045052,0.0017021773671135748,0.001497102420871966,0.00131796067253942,0.0011612440773136022,0.00102396474860807,0.0009035681553222139,0.0007978629617396739,0.0007049638191678267,0.000623244357175267,0.0005512982918237149,0.0004879070544108778,0.0004320127021644974,0.0003826951398195246,0.0003391528831841045,0.00030068675073844763,0.0002666859889959442,0.0002366164308058123,0.00021001035949437877,0.00018645781021876503,0.00016559908673601399,0.00014711830956569806,0.0001307378420683002,0.00011621346598773624,0.00010333019848707183,9.189865957780685e-5,8.17519128521228e-5,7.274271406829125e-5,6.47411118764726e-5,5.7632353103983505e-5,5.131505190221182e-5,4.5699587850425195e-5,4.070670300472567e-5,3.626627205545246e-5,3.231622329976302e-5,2.8801591161813902e-5,2.567368358539872e-5,2.2889349835856143e-5,2.0410336160869705e-5,1.8202718399318047e-5,1.6236402037953694e-5,1.4484681439902111e-5,1.2923851025204542e-5,1.1532862096042798e-5,1.0293019797127646e-5,9.187715385705717e-6,8.202189588586733e-6,7.32332334475204e-6,6.539452685510265e-6,5.840204901882108e-6,5.2163534948719906e-6,4.659689708231497e-6,4.162908706309288e-6,3.719508693148554e-6,3.32370147224884e-6,2.9703331239310893e-6,2.654813634254899e-6,2.3730544469919445e-6,2.1214130306168515e-6,1.8966436590373887e-6,1.6958536975939499e-6,1.516464768664239e-6,1.3561782437887187e-6,1.212944572683499e-6,1.0849360162700821e-6,9.705224004715265e-7,8.682495512864846e-7,7.768201107346268e-7,6.950764671194314e-7,6.219855635926761e-7,5.566253757824324e-7,4.981728727236647e-7,4.4589329648411286e-7,3.991306142709307e-7,3.5729901337907824e-7,3.198753237193534e-7,2.8639226567540006e-7,2.5643243244400335e-7,2.296229260864768e-7,2.056305755688104e-7,1.8415767298994228e-7,1.649381712944138e-7,1.4773429305222431e-7,1.323335054198093e-7,1.1854582138292019e-7,5.3100695890174716e-8
0.00898351708214315,0.013742321319699824,0.011277689320002532,0.009447796316450985,0.008007670678099849,0.006840231522278806,0.0058763711536702345,0.0050705459914020395,0.004390630949652419,0.0038129028602670173,0.0033192592873676208,0.002895545168447554,0.002530482065131942,0.0022149493460743366,0.0019414827763701084,0.0017039136710697012,0.001497102420871966,0.001316737414987123,0.0011591805183993643,0.0010213464641080847,0.0009006074510281153,0.0007947168036935987,0.0007017472685896566,0.0006200407011036357,0.0005481667226813758,0.00048488851661079857,0.00042913435838135526,0.0003799737913488376,0.00033659759368511594,0.000298300860396717,0.00026446866045917554,0.0002345638343729797,0.0002081165796328742,0.00018471553643442272,0.00016400013736993582,0.00014565402605054307,0.00012939938281292251,0.00011499202253187216,0.00010221715156941147,9.088568890319314e-5,8.08310713147325e-5,7.190647483843512e-5,6.398239491010546e-5,5.694453621701064e-5,5.069197040328383e-5,4.513552583792124e-5,4.019637874743429e-5,3.580481931850384e-5,3.189917004778949e-5,2.842483673239798e-5,2.5333475155539585e-5,2.258225880186714e-5,2.0133234882353725e-5,1.795275763083801e-5,1.601098927629538e-5,1.428146033550479e-5,1.2740681947449265e-5,1.1367803899721559e-5,1.01443127996639e-5,9.053765544649208e-6,8.081553847466539e-6,7.214696103047128e-6,6.441653341123378e-6,5.752166408177028e-6,5.1371118718187495e-6,4.58837444502321e-6,4.098733994964472e-6,3.6617654324921196e-6,3.271749983709891e-6,2.9235965238808207e-6,2.612771810013559e-6,2.3352385865734008e-6,2.087400659742717e-6,1.866054141596668e-6,1.668344159457123e-6,1.4917264073121361e-6,1.3339329890174397e-6,1.192942066829878e-6,1.0669508846294042e-6,9.543517851090263e-7,8.537108838539021e-7,7.637491017199087e-7,6.833252912953801e-7,6.114212230032325e-7,5.471282232600838e-7,4.896352806600712e-7,4.3821845679993657e-7,3.9223145696695926e-7,3.5109723208834133e-7,3.143004979191257e-7,2.8138107009069914e-7,2.519279250858566e-7,2.2557390723742366e-7,2.019910107074336e-7,1.808861733634601e-7,1.6199752643624952e-7,1.4509105008460126e-7,1.2995759052290068e-7,1.1641019923142814e-7,1.0428175915577148e-7,4.6711433335007125e-8
