0.06134155474840974,0.10909336665379987,0.09984187383066812,0.09224116081036438,0.08569710067830094,0.07992562583738194,0.07475901619850767,0.07008613546034503,0.06582776964088843,0.06192453758901806,0.05833024626288141,0.05500792908994678,0.05192733455057441,0.049063255524122384,0.046394373810768275,0.04390243486637857,0.04157164225363297,0.03938820296116663,0.03733997915334697,0.03541621677572038,0.033607330803808955,0.031904733004197716,0.030300692111201455,0.028788219082030553,0.027360972010143647,0.026013176623552847,0.02473955927603544,0.023535290048270374,0.022395934107915405,0.02131740986694397,0.020295952779494864,0.0193280838548191,0.018410582133699893,0.017540460520096557,0.01671494446819982,0.0159314531118237,0.015187582496214214,0.014481090623978343,0.013809884075742351,0.013172006004561587,0.012565625330611674,0.01198902699043533,0.011440603114856396,0.010918845029398855,0.010422335982531672,0.0099497445216149,0.009499818447764125,0.00907137928734264,0.008663317227204786,0.008274586466809841,0.007904200945580753,0.007551230410037746,0.007214796787346878,0.006894070836919702,0.0065882690553395185,0.006296650811055765,0.00601851568887371,0.005753201026126489,0.005500079623762866,0.0052585576185098515,0.005028072501986683,0.004808091275005866,0.0045981087267509685,0.00439764582846687,0.004206248233002169,0.004023484871864921,0.0038489466429863645,0.003682245181835367,0.00352301170986892,0.003370895955115291,0.003225565139310424,0.003086703027014824,0.0029540090324240084,0.002827197379707748,0.0027059963135956933,0.0025901473564200125,0.0024794046085687485,0.0023735340897914348,0.0022723131183389894,0.0021755297256382047,0.002082982104233029,0.0019944780867275635,0.0019098346540836267,0.0018288774711376146,0.0017514404476975665,0.0016773653238772723,0.0016065012779410137,0.0015387045554488207,0.0014738381182955833,0.0014117713126801865,0.0013523795546703556,0.0012955440323807986,0.0012411514239389076,0.0011890936301651549,0.001139267521215341,0.0010915746963603215,0.0010459212561290884,0.0010022175862443826,0.0009603781525508032,0.0009203213063495412,0.0004409845498387615
0.10909336665379987,0.19402583762950876,0.17757702181574997,0.16406283523635246,0.1524271040605445,0.14216484156796172,0.13297789222726264,0.12466868969090061,0.11709641584091735,0.11015550925192885,0.10376385286261991,0.09785573137217352,0.09237736670362406,0.08728394809290974,0.08253757800646011,0.07810580507833698,0.07396054763640914,0.07007728542585934,0.06643444053364389,0.06301289493849938,0.059795608755086826,0.05676731405154767,0.05391426629159013,0.05122404035803685,0.04868536152220748,0.04628796411817704,0.0440224724252396,0.04188029952238914,0.03985356082435343,0.03793499970079406,0.03611792312234419,0.03439614568841287,0.03276394070060462,0.03121599720050472,0.0297473820833265,0.028353506553115304,0.027030096315256436,0.02577316499379534,0.024578990348010643,0.02344409293098626,0.022365216881809424,0.021339312592348447,0.02036352102482708,0.01943515949148461,0.01855170872801215,0.01771080111833584,0.016910209948482635,0.016147839578795176,0.015421716440505384,0.014729980773330764,0.014070879030099848,0.013442756885359619,0.012844052788657634,0.012273292012086157,0.011729081148136283,0.011210103015984962,0.010715111940712646,0.010242929373253606,0.009792439821275839,0.009362587066388428,0.008952370642569235,0.008560842554901332,0.00818710422029359,0.007830303611759126,0.007489632590859413,0.007164324413490519,0.006853651396915322,0.006556922734963333,0.006273482450706025,0.006002707477360342,0.0057440058575004005,0.005496815052451295,0.00526060035424232,0.005034853392718641,0.0048190907319759085,0.004612852549381791,0.004415701391769125,0.004227221004254128,0.004047015226313719,0.00387470695103459,0.0037099371435030948,0.003552363914308715,0.0034016616452343523,0.0032575201633369133,0.0031196439605044868,0.0029877514561031868,0.0028615742996442803,0.002740856711320551,0.002625354857911176,0.002514836262342411,0.0024090792445314035,0.002307872391767052,0.0022110140571601836,0.0021183118842556525,0.002029582356468114,0.0019446503698758236,0.0018633488279965818,0.001785518257530927,0.0017110064436504438,0.0016396680837891323,0.0007856822295585313
0.09984187383066812,0.17757702181574997,0.16252616194225844,0.15016025849116632,0.13951300774366793,0.13012239082233057,0.12171562159406912,0.11411194442542394,0.10718252333859857,0.10083077908397309,0.09498158187964956,0.08957480804264306,0.08456125533067826,0.07989992573828841,0.07555614619700268,0.07150022634739273,0.06770647366582372,0.06415245396800895,0.06081842501450452,0.05768689511620084,0.05474227386572661,0.051970592011507666,0.049359274052847235,0.04689695162278207,0.04457330884299715,0.042378953025975497,0.040305305695434,0.03834451004933481,0.03648935185500157,0.03473319139906983,0.03306990461092407,0.031493831854546905,0.029999733166332976,0.028582748949632863,0.027238365313135504,0.02596238338127832,0.024750892023857884,0.023600243535957965,0.022507031878866823,0.021468073155124445,0.020480388035578667,0.019541185901450542,0.01864785049667317,0.017797926917855533,0.016989109787887646,0.01621923248288193,0.01548625730059272,0.01478826646900755,0.014123453909120898,0.013490117675646562,0.012886653007975868,0.012311545933700735,0.011763367370445033,0.011240767679878833,0.010742471633711198,0.010267273753344963,0.009814033990715954,0.009381673720859796,0.008969172018939153,0.008575562199226228,0.008199928593069172,0.007841403546711173,0.007499164622199711,0.007172431984525884,0.00686046596091483,0.006562564758703149,0.006278062330739659,0.0060063263763426855,0.005746756468032813,0.005498782295581109,0.005261862018298272,0.005035480718128427,0.00481914894657634,0.004612401358694812,0.004414795428796164,0.004225910241722572,0.004045345354723048,0.003872719725776519,0.0037076707034527506,0.003549853074570411,0.003398938165965773,0.0032546129966870285,0.0031165794779368927,0.002984553657289675,0.0028582650045176974,0.002737455736842996,0.0026218801808061687,0.0025113041687847767,0.002405504467872667,0.002304268239554298,0.0022073925280024845,0.0021146837754022277,0.002025957362958207,0.0019410371758405293,0.0018597551908443588,0.0017819510854226658,0.0017074718668328645,0.00163617152046968,0.00156791067608196,0.0015025562909208728,0.0007199906745340798
0.09224116081036438,0.16406283523635246,0.15016025849116632,0.1387375764718053,0.1289022967659066,0.12022769057723126,0.11246180799257433,0.10543770022145527,0.09903637235729001,0.09316862231528833,0.08776505904888188,0.08277015134064802,0.07813845514320605,0.07383210392663386,0.06981907292950851,0.06607193945905876,0.06256697325024341,0.059283453458836455,0.05620314553414896,0.053309893543565856,0.050589297585822424,0.04802845506529907,0.04561575066005075,0.0433406839618361,0.04119372664582499,0.03916620305120044,0.037250189527857414,0.03543842896953697,0.033724257752902664,0.032101542886876944,0.03056462763461376,0.029108284218006597,0.027727672475675536,0.026418303560760248,0.025176007927744104,0.02399690698780793,0.02287738792213101,0.021814081220076886,0.02080384058267637,0.019843724889528236,0.01893098196854709,0.018063033949668905,0.017237464013419024,0.016452004374891638,0.015704525360916544,0.014993025460067977,0.014315622242206116,0.013670544053983269,0.013056122410898652,0.012470785015483238,0.011913049339094761,0.01138151671405066,0.010874866885988516,0.010391852983852506,0.009931296870376166,0.00949208483767136,0.009073163617929147,0.008673536682026611,0.008292260800855905,0.00792844284859262,0.0075812368266840735,0.007249841090892273,0.006933495765907349,0.0066314803319627025,0.00634311137044552,0.006067740455978868,0.005804752184755041,0.005553562328068917,0.005313616102016902,0.005084386545549921,0.004865372998497236,0.004656099672695063,0.004456114309780448,0.004264986919395211,0.004082308592871647,0.003907690386706603,0.0037407622712482963,0.0035811721407559838,0.0034285848802970004,0.003282681486027811,0.0031431582354535526,0.003009725904262975,0.0028821090272659125,0.00276004520022511,0.0026432844201206424,0.002531588461829881,0.002424730288629842,0.0023224934947038076,0.0022246717775392666,0.002131068438770506,0.0020414959114603212,0.001955775312345101,0.0018737360178043769,0.0017952152619416378,0.0017200577556464175,0.0016481153253989148,0.001579246570654072,0.0015133165389485115,0.0014501964175274266,0.0013897632406114219,0.0006659498058048403
0.08569710067830094,0.1524271040605445,0.13951300774366793,0.1289022967659066,0.11976601200207604,0.11170780078027898,0.10449364806201578,0.09796848934955515,0.09202180047182429,0.08657072926325138,0.0815508243142391,0.07691050739118155,0.07260756933201451,0.06860683904419429,0.06487857131752284,0.06139729537553884,0.05814096999085305,0.05509034910155952,0.0522284959261381,0.04954040431154694,0.04701269911280059,0.04463339588739301,0.04239170581696694,0.04027787561908547,0.03828305488640693,0.03639918517005858,0.03461890649306498,0.032935477968999316,0.031342709943312785,0.029834905617964647,0.02840681054544003,0.02705356870101505,0.025770684084597595,0.024553987003521238,0.023399604338961988,0.022303933219664895,0.021263617628744125,0.020275527541330496,0.019336740259080443,0.01844452366116406,0.017596321129713377,0.016789737946427907,0.016022528984707185,0.015292587549214864,0.014597935230775738,0.013936712664830875,0.013307171097500792,0.012707664672348129,0.012136643364082711,0.011592646493803815,0.011074296767712127,0.010580294789814204,0.010109414002077183,0.009660496012466158,0.00923244627637948,0.008824230098612468,0.008434868927992084,0.00806343691941211,0.007709057739882119,0.007370901599285107,0.0070481824861374776,0.006740155591942437,0.0064461149097578,0.00616539099251702,0.005897348859023752,0.005641386035988127,0.0053969307266131805,0.005163440095466348,0.004940398661245626,0.004727316790185371,0.004523729282315397,0.004329194044196863,0.004143290842153091,0.00396562013018692,0.0037958019480067023,0.003633474883872792,0.0034782950980152133,0.0033299354030563305,0.0031880843972252465,0.0030524456471575576,0.0029227369171166626,0.0027986894414760363,0.002680047238166533,0.0025665664601078123,0.002458014782337911,0.002354170822968217,0.0022548235955541646,0.0021597719911940205,0.0020688242883924804,0.001981797689346129,0.00189851788078748,0.001818818618017047,0.0017425413309729715,0.0016695347508395783,0.0015996545561454759,0.0015327630372005303,0.0014687287777915073,0.0014074263533408356,0.0013487360444109711,0.0012925435647370524,0.0006193699015719541
0.07992562583738194,0.14216484156796172,0.13012239082233057,0.12022769057723126,0.11170780078027898,0.10419315230814163,0.09746554383475048,0.0913803895865668,0.08583463428142091,0.08075102465806272,0.07606946472640486,0.07174186171412922,0.06772885875481394,0.06399766140726326,0.06052053441619587,0.05727372807712272,0.054236690448939306,0.051391475842724965,0.04872229177394494,0.04621514590126197,0.04385756665598084,0.04163837917786717,0.03954752342171641,0.037575904889335376,0.0357152709352998,0.03395810734735205,0.032297551178833483,0.03072731673301743,0.02924163229132748,0.027835185683885322,0.02650307719754974,0.02524077861756946,0.024044097425046818,0.022909145358947614,0.021832310692459722,0.020810233686332946,0.01983978477702414,0.018918045124604377,0.018042289209016127,0.01720996921325385,0.016418700967804678,0.015666251266790054,0.014950526392051411,0.014269561707092149,0.013621512197712293,0.013004643855110076,0.01241732581199434,0.01185802315066986,0.011325290314325082,0.010817765060541329,0.010334162902879473,0.009873271994413207,0.009433948409813125,0.00901511178908837,0.00861574131083423,0.008234871964337892,0.007871591094567115,0.007525035196483343,0.007194386936869718,0.006878872385677748,0.006577758438517017,0.006290350414988127,0.006015989819454226,0.005754052250765182,0.005503945449673794,0.005265107473097025,0.0050370049863740635,0.004819131663948692,0.004611006690654118,0.004412173356835136,0.004222197740048478,0.004040667467394871,0.0038671905529067685,0.0037013943045750702,0.003542924296747074,0.0033914434029649054,0.003246630885282112,0.003108181536733985,0.0029758048730328737,0.002849224370498525,0.0027281767472745744,0.0026124112848829872,0.0025016891879769826,0.0023957829795122274,0.00229447592920496,0.002197561513531378,0.002104842905021019,0.002016132489270829,0.0019312514078490967,0.0018500291258375587,0.0017723030222738037,0.0016979180022163101,0.0016267261293594348,0.00155858627780096,0.0014933638019836992,0.0014309302237382575,0.0013711629354196987,0.0013139449183965195,0.001259164475849655,0.0012067149791196302,0.0005782473135005906
0.07475901619850767,0.13297789222726264,0.12171562159406912,0.11246180799257433,0.10449364806201578,0.09746554383475048,0.09117344717816445,0.08548215071582166,0.08029528377482786,0.07554060407825713,0.0711619137101871,0.06711423936691574,0.06336077697323317,0.05987085918242285,0.056618549644543936,0.05358163901377666,0.05074090826255273,0.048079575540717956,0.045582872516755746,0.043237714219978574,0.04103243779333576,0.038956592965040726,0.03700077195542273,0.035156469892808295,0.03341596914421541,0.03177224260543998,0.030218872188872314,0.028749979610002918,0.027360167220803477,0.026044467111783987,0.02479829707550041,0.0236174223057381,0.022497921917993713,0.02143615955132927,0.02042875744357553,0.01947257347738246,0.01856468078362855,0.017702349551473984,0.016883030753852002,0.01610434154393392,0.015364052111543791,0.014660073822264363,0.013990448486100704,0.01335333862657645,0.012747018635086926,0.012169866713050814,0.011620357518204283,0.01109705543926201,0.010598608434635837,0.010123742378186418,0.009671255861378264,0.009240015408702895,0.00882895106578635,0.008437052325685424,0.008063364363307235,0.0077069845492913625,0.007367059219067995,0.0070427806750595345,0.006733384401634318,0.00643814647598262,0.006156381157732038,0.005887438642996373,0.005630702970322088,0.005385590065923165,0.005151545917673639,0.004928044867714407,0.004714588015402185,0.004510701721647456,0.004315936207328203,0.004129864239453621,0.003952079898288927,0.003782197419881672,0.0036198501087750246,0.0034646893158424424,0.00331638347725402,0.0031746172099628295,0.0030390904600065827,0.002909517700515632,0.002785627175753931,0.0026671601883968346,0.002553870427288038,0.0024455233329189474,0.0023418954986301962,0.0022427741049348623,0.0021479563849707214,0.0020572491194492254,0.0019704681589994416,0.001887437972436068,0.0018079912192392536,0.001731968345075767,0.001659217198736622,0.001589592669295918,0.001522956342488408,0.0014591761749984146,0.0013981261857456267,0.0013396861631641034,0.0012837413875326463,0.0012301823676632052,0.0011789045909724565,0.001129808286223992,0.0005413990991899129
0.07008613546034503,0.12466868969090061,0.11411194442542394,0.10543770022145527,0.09796848934955515,0.0913803895865668,0.08548215071582166,0.0801470456966189,0.07528474835468701,0.07082754755090903,0.06672277016894279,0.0629282636589541,0.05940953228825663,0.05613783212186596,0.053088853461102925,0.05024177982441169,0.047578597469476236,0.04508357694830145,0.04274287602306259,0.04054423021834341,0.0384767079617051,0.03653051419907427,0.03469683097178444,0.03296768658894167,0.03133584721449989,0.02979472622444468,0.028338307808363106,0.02696108209820136,0.02565798971364186,0.024424374057440468,0.023255940041762013,0.022148718190366568,0.02109903325962109,0.020103476684824928,0.019158882281971323,0.018262304733962786,0.017411000473734006,0.01660241063556661,0.015834145801660593,0.015103972314834402,0.014409799959568426,0.013749670845255857,0.013121749348132428,0.012524312990865594,0.011955744151848746,0.011414522512861042,0.010899218166684543,0.010408485313657234,0.009941056486888644,0.009495737252691011,0.00907140133877446,0.008666986149776262,0.008281488632088496,0.007913961455652485,0.0075635094845410145,0.007229286509467608,0.006910492219458442,0.0066063693920392075,0.00631620128282287,0.006039309198727402,0.005775050238716717,0.005522815188657645,0.005282026558544373,0.005052136750271233,0.0048326263460853475,0.004623002508211252,0.004422797481895224,0.0042315671934782945,0.0040488899366421666,0.003874365140901684,0.0037076122159788866,0.0035482694668492187,0.003395993074572043,0.0032504561381580532,0.0031113477737343895,0.0029783722666848478,0.002851248273292868,0.002729708068974393,0.002613496839656483,0.0025023720136819402,0.0023961026316548784,0.0022944687516436232,0.0021972608878662384,0.0021042794804212797,0.00201533439419619,0.001930244445423543,0.0018488369539150923,0.0017709473195952133,0.0016964186217284585,0.001625101239745054,0.0015568524941403372,0.0014915363063286377,0.001429022876511643,0.001369188378336144,0.0013119146694836568,0.0012570890172516128,0.0012046038382430221,0.001154356451515074,0.001106248844272642,0.0010601874494389797,0.000508041467288731
0.06582776964088843,0.11709641584091735,0.10718252333859857,0.09903637235729001,0.09202180047182429,0.08583463428142091,0.08029528377482786,0.07528474835468701,0.0707182089940328,0.06653208287659895,0.06267690833416362,0.059113102809709606,0.05580827370647001,0.05273542951614707,0.049871742589511325,0.0471976654923002,0.04469628262735359,0.042352823401050066,0.04015428935119825,0.03808916356809189,0.03614718076587453,0.03431914287311166,0.03259676933135447,0.03097257424545663,0.029439764581863148,0.02799215505345698,0.026624096380206907,0.025330414374092003,0.024106357866429395,0.022947553912556262,0.02184996903533959,0.02080987551669855,0.0198238219323727,0.018888607278715996,0.01800125815638698,0.017159008568673806,0.01635928197054154,0.015599675259731993,0.014877944453622782,0.014191991836694895,0.013539854392882633,0.012919693366802543,0.012329784819087891,0.011768511062187154,0.011234352875260534,0.010725882412401494,0.010241756730560658,0.009780711870481518,0.009341557434050102,0.008923171607873731,0.008524496588529162,0.008144534371519019,0.007782342868219272,0.007437032320458031,0.0071077619862680574,0.006793737071587924,0.0064942058865380126,0.006208457206882831,0.005935817822730935,0.005675650259664863,0.0054273506571763525,0.005190346791816625,0.004964096234032114,0.004748084627585539,0.00454182408229678,0.004344851671175792,0.004156728024668183,0.003977036014133989,0.003805379518122612,0.003641382265878665,0.0034846867521027003,0.0033349532180745323,0.003191858694550062,0.0030550961019730344,0.0029243734044919895,0.0027994128137219937,0.0026799500389916783,0.0025657335813398796,0.0024565240680283415,0.0023520936251098593,0.00225222528562518,0.0021567124310021696,0.0020653582638971296,0.001977975310189513,0.0018943849483761474,0.0018144169649288444,0.0017379091337652655,0.0016647068185386624,0.0015946625962393046,0.0015276359010781004,0.0014634926872215334,0.0014021051093263646,0.0013433512199918299,0.001287114682978676,0.0012332845013899654,0.0011817547599305596,0.0011324243804160285,0.0010851968899211542,0.001039980200709726,0.0009966864013182912,0.000477615779150186
0.06192453758901806,0.11015550925192885,0.10083077908397309,0.09316862231528833,0.08657072926325138,0.08075102465806272,0.07554060407825713,0.07082754755090903,0.06653208287659895,0.06259441049217296,0.0589680117462843,0.05561565926124157,0.052506887786665235,0.04961631176710135,0.046922461729944076,0.04440695322058541,0.04205387700549956,0.03984934120766237,0.03778112062258909,0.03583838343093926,0.03401147495256873,0.032291744211239815,0.03067140314203809,0.029143411052717116,0.027701378880526706,0.02633948914261819,0.025052428466278975,0.023835330299291357,0.02268372593647383,0.021593502390487962,0.020560865942079787,0.019582310437903705,0.01865458957905386,0.017774692587832763,0.016939822749475864,0.016147378412889823,0.015394936108148738,0.01468023549044889,0.014001165869481358,0.013355754121877617,0.012742153812055013,0.012158635374744403,0.01160357723244676,0.0110754577409439,0.01057284786752788,0.010094404521283074,0.009638864466180785,0.009205038754264455,0.008791807625698561,0.008398115828481045,0.008022968315915008,0.007665426286136479,0.007324603530107943,0.00699966305952518,0.006689813989754934,0.006394308654080416,0.006112439929152627,0.005843538753413716,0.005586971821612274,0.00534213944148465,0.005108473538377636,0.004885435795972032,0.004672515922734877,0.0044692300336598295,0.004275119138583,0.0040897477286773315,0.003912702454279826,0.0037435908866414735,0.0035820403575453075,0.00342769687155986,0.003280224085306871,0.0031393023491426975,0.003004627806937242,0.0028759115497577134,0.002752878820155985,0.002635268263241411,0.002522831221472774,0.002415331070597798,0.002312542593698022,0.002214251391025629,0.0021202533233497314,0.0020303539865299397,0.001944368215662351,0.0018621196166449666,0.0017834401235131275,0.0017081695801946725,0.0016361553449443442,0.0015672519162405162,0.0015013205787263693,0.001438229068227697,0.0013778512545013465,0.001320066840725248,0.0012647610789006565,0.0012118245000840126,0.0011611526586914785,0.0011126458900455258,0.0010662090803836843,0.001021751448755992,0.0009791863400036467,0.0009384310282291378,0.0004497032651467666
0.05833024626288141,0.10376385286261991,0.09498158187964956,0.08776505904888188,0.0815508243142391,0.07606946472640486,0.0711619137101871,0.06672277016894279,0.06267690833416362,0.0589680117462843,0.05555227128318929,0.05239462789675953,0.04946639077712267,0.04674365291517635,0.044206195267268766,0.04183670409807971,0.039620196703688326,0.03754359021758891,0.03559537135444968,0.033765339042322484,0.03204440077376336,0.030424409273944963,0.028898029910056078,0.02745863188357367,0.026100198064898605,0.024817249607382186,0.023604782408357505,0.02245821315725527,0.021373333215435164,0.020346268941554613,0.019373447365499397,0.01845156633330508,0.01757756841028235,0.01674861796556021,0.015962080964079972,0.01521550707432956,0.014506613769504961,0.013833272148706166,0.01319349425117422,0.012585421673011132,0.012007315321887924,0.011457546171568744,0.0109345868968857,0.010437004288515073,0.009963452357775598,0.009512666055480457,0.009083455539641211,0.008674700932953416,0.008285347519939201,0.00791440133929977,0.007560925132010121,0.007224034611539587,0.006902895024560762,0.006596717975260125,0.00630475848981768,0.006026312298715905,0.005760713317945948,0.005507331311941421,0.0052655697223426695,0.0050348636494775,0.0048146779731629424,0.00460450560167705,0.0044038658391334085,0.004212302861426903,0.004029384292544805,0.0038546998733361287,0.0036878602162930957,0.0035284956393655253,0.003376255073107029,0.003230805036225151,0.0030918286742419657,0.0029590248569325225,0.0028321073304768685,0.0027108039203768072,0.0025948557820292956,0.002484016695359935,0.0023780524006298404,0.0022767399729935606,0.0021798672329433957,0.00208723219046162,0.001998642520730863,0.0019139150692535703,0.0018328753848223592,0.0017553572783133645,0.0016812024057493852,0.0016102598743614402,0.00154238587000936,0.001477443304815692,0.0014153014836772136,0.0013558357887432787,0.001298927380592698,0.0012444629151782786,0.0011923342757576665,0.0011424383187910933,0.0010946766330930703,0.0010489553114559208,0.0010051847340104975,0.0009632793627842653,0.0009231575466960851,0.0008847413364323209,0.0004239781543835773
0.05500792908994678,0.09785573137217352,0.08957480804264306,0.08277015134064802,0.07691050739118155,0.07174186171412922,0.06711423936691574,0.0629282636589541,0.059113102809709606,0.05561565926124157,0.05239462789675953,0.04941695352604514,0.046655585186574644,0.0440879822678254,0.04169508131164523,0.039460558090956055,0.03737028615844196,0.03541193030004264,0.03357463515685344,0.031848782569314005,0.030225799569794765,0.028698004387672227,0.027258481438497628,0.025900978736572933,0.024619822884249964,0.023409847995772115,0.022266335790895153,0.02118496472753717,0.02016176651843138,0.019193088724836715,0.018275562393036127,0.0174060739062189,0.01658174037970478,0.01579988805569371,0.015058033250673397,0.014353865486162298,0.01368523249890502,0.013050126872754753,0.012446674078227443,0.011873121740063441,0.011327829977707454,0.010809262688434462,0.010315979660578761,0.009846629421975728,0.0093999427389658,0.00897472669433963,0.008569859282748088,0.00818428446788752,0.007817007654198821,0.007467091531176556,0.007133652253077077,0.006815855922331915,0.006512915346837067,0.006224087045770044,0.005948668481842875,0.00568599549892615,0.005435439947198209,0.005196407479629156,0.004968335504813057,0.004750691283783928,0.004542970158186249,0.004344693899286725,0.004155409168618701,0.0039746860809901086,0.0038021168621180518,0.0036373145934355255,0.003479912037992791,0.0033295605408732026,0.003185928998748394,0.003048702893927162,0.0029175833879070273,0.0027922864703436717,0.0026725421596066265,0.002558093751197893,0.002448697111103494,0.0023441200106870744,0.0022441415004033627,0.002148551320048736,0.002057149342847016,0.0019697450513172787,0.0018861570428965815,0.001806212563291415,0.0017297470660889783,0.0016566037967161926,0.001586633399281924,0.0015196935451041692,0.0014556485813761628,0.0013943691988912328,0.0013357321175673405,0.001279619788912327,0.0012259201142341657,0.001174526177718526,0.001125335993637077,0.0010782522667252548,0.0010331821650574093,0.0009900371046818075,0.0009487325453229369,0.0009091877966420879,0.0008713258343390727,0.0008350731255712604,0.000400179731639045
0.05192733455057441,0.09237736670362406,0.08456125533067826,0.07813845514320605,0.07260756933201451,0.06772885875481394,0.06336077697323317,0.05940953228825663,0.05580827370647001,0.052506887786665235,0.04946639077712267,0.046655585186574644,0.044048940292591876,0.041625182222174484,0.03936631881916708,0.037256943195713155,0.03528372271221247,0.033435015280432245,0.03170057548650962,0.03007132557395764,0.028539174228521036,0.027096871239110865,0.02573788951381628,0.024456328259019444,0.02324683274732353,0.02210452723680778,0.02102495843223201,0.020004047477196363,0.019038048915249906,0.018123515386458677,0.01725726708329245,0.016436365184936796,0.01565808863575785,0.01491991375467272,0.014219496253673913,0.01355465531694755,0.012923359453782202,0.012323713881993603,0.011753949239878603,0.011212411457137667,0.010697552638390617,0.010207922836340227,0.009742162608365718,0.009298996266992404,0.00887722574434377,0.008475725002982798,0.008093434935123767,0.007729358697652455,0.007382557438355142,0.007052146373805024,0.006737291183789296,0.006437204692364112,0.006151143807386558,0.005878406694599547,0.005618330165420585,0.0053702872585547345,0.005133684998588045,0.004907962316282724,0.004692588116429211,0.0044870594815872855,0.004290899999795886,0.00410365820633031,0.003924906130815836,0.003754237940950131,0.003591268675532319,0.003435633059763646,0.0032869843970839974,0.003144993531334357,0.0030093478741713975,0.002879750493351603,0.0027559192571726676,0.0026375860312184626,0.002524495923790622,0.0024164065765132636,0.0023130874973453924,0.002214319432800975,0.0021198937768071927,0.002029612014046854,0.0019432851952351088,0.0018607334423921817,0.0017817854821995868,0.001706278205527073,0.0016340562517444743,0.0015649716160134955,0.001498883278177307,0.0014356568521173563,0.0013751642541178777,0.001317283389218972,0.0012618978543697985,0.0012088966575711582,0.0011581739518792648,0.0011096287834418822,0.0010631648528720873,0.0010186902890521772,0.0009761174347334804,0.0009353626432360082,0.0008963460855941803,0.0008589915676685093,0.0008232263565460529,0.0007889810157354505,0.00037809462438390725
0.049063255524122384,0.08728394809290974,0.07989992573828841,0.07383210392663386,0.06860683904419429,0.06399766140726326,0.05987085918242285,0.05613783212186596,0.05273542951614707,0.04961631176710135,0.04674365291517635,0.0440879822678254,0.041625182222174484,0.03933515638600438,0.03720090842052759,0.03520788414218945,0.033343488789506104,0.03159672456563967,0.029957913029224015,0.028418478755065868,0.02697077815073401,0.02560796216336103,0.024323864827294484,0.023112911803364666,0.021970044588667914,0.020890657149654546,0.019870542513582445,0.018905847418656252,0.017993033547310244,0.017128844177426217,0.01631027532938084,0.01553455067125642,0.014799099583055642,0.014101537895084448,0.013439650902100697,0.012811378323965006,0.012214800941867665,0.011648128680325165,0.011109689944144796,0.01059792205018062,0.01011136261561335,0.009648641786613704,0.009208475207052952,0.008789657642666066,0.008391057185196282,0.008011609972672501,0.007650315371010852,0.007306231567292015,0.006978471532581992,0.006666199316935656,0.0063686266434120065,0.00608500977284418,0.005814646612771854,0.005556874047937629,0.005311065472652907,0.005076628506254177,0.004853002875739018,0.004639658451149581,0.004436093420341514,0.004241832592117356,0.004056425816463927,0.0038794465125214783,0.003710490296076105,0.003549173698311245,0.003395132968921244,0.003248022956940766,0.003107516063873425,0.0029733012632519595,0.002845083181838591,0.002722581238324709,0.0026055288350792863,0.0024936725993054826,0.002386771670188838,0.0022845970287179856,0.0021869308675662447,0.0020935659980103605,0.002004305291459993,0.0019189611535629855,0.0018373550284775178,0.0017593169314805632,0.0016846850081059933,0.0016133051180050872,0.0015450304422210091,0.0014797211121717266,0.0014172438590359764,0.0013574716824742289,0.0013002835373061017,0.0012455640371813355,0.0011932031741216688,0.0011430960531680426,0.0010951426410670609,0.0010492475282138786,0.0010053197031954474,0.0009632723390765353,0.0009230225908295996,0.0008844914032509581,0.0008476033287455817,0.0008122863545271322,0.0007784717385933108,0.0007460938540098574,0.00035754502056797866
0.046394373810768275,0.08253757800646011,0.07555614619700268,0.06981907292950851,0.06487857131752284,0.06052053441619587,0.056618549644543936,0.053088853461102925,0.049871742589511325,0.046922461729944076,0.044206195267268766,0.04169508131164523,0.03936631881916708,0.03720090842052759,0.03518278155084287,0.03329817846749328,0.031535191870847856,0.029883424234886213,0.02833372535415024,0.026877987815769888,0.025508985162227327,0.02422024209416712,0.023005929103309453,0.021860776005543814,0.02078000028899779,0.019759247207139508,0.01879453928654279,0.017882233453343277,0.017018984383400937,0.016201712974572624,0.015427579069331732,0.014693957730345153,0.01399841850255723,0.013338707203418843,0.012712729864609973,0.012118538513969629,0.011554318541502406,0.01101837743220041,0.0105091346852976,0.010025112768528827,0.009564928976673104,0.009127288084584517,0.008710975699852797,0.008314852235119463,0.007937847428698963,0.007578955353143124,0.007237229859934358,0.0069117804133695115,0.006601768273803765,0.006306402994934512,0.006024939203765206,0.005756673636536133,0.0055009424054820455,0.005257118475051947,0.005024609328973556,0.004802854810407667,0.004591325120152048,0.0043895189592498135,0.004196961803370994,0.004013204298548179,0.003837820767620362,0.0036704078185251093,0.0035105830466793664,0.003357983823634919,0.0032122661654897383,0.003073103674770976,0.002940186550669334,0.002813220662077537,0.0026919266789033544,0.0025760392577423505,0.0024653062777033607,0.002359488122944127,0.00225835700868824,0.0021616963475846115,0.0020693001539411685,0.0019809724829739916,0.0018965269027778828,0.0018157859970947057,0.0017385808966023375,0.0016647508369932867,0.001594142742135131,0.0015266108306044718,0.0014620162443570936,0.0014002266979222001,0.001341116146886357,0.001284564474657749,0.0012304571962072873,0.0011786851778762264,0.001129144372188997,0.0010817355669476628,0.001036364147599722,0.0009929398721396226,0.0009513766579233619,0.0009115923795857163,0.0008735086774936465,0.0008370507761143904,0.0008021473117141194,0.0007687301689586496,0.000736734325811254,0.0007060977062861382,0.0003383805203553353
0.04390243486637857,0.07810580507833698,0.07150022634739273,0.06607193945905876,0.06139729537553884,0.05727372807712272,0.05358163901377666,0.05024177982441169,0.0471976654923002,0.04440695322058541,0.04183670409807971,0.039460558090956055,0.037256943195713155,0.03520788414218945,0.03329817846749328,0.03151480806225759,0.029846507393280985,0.028283439306686087,0.026816946723406843,0.02543935913730422,0.02414383950273974,0.02292426143503412,0.02177510952406503,0.02069139752916549,0.019668600590337926,0.018702598551321892,0.017789628189769258,0.01692624265536824,0.016109276796133387,0.015335817330648649,0.014603177041498328,0.013908872330090305,0.013250603596960897,0.012626238013908941,0.012033794331615805,0.011471429428244972,0.010937426356702001,0.010430183685007283,0.009948205959122047,0.009490095144967348,0.00905454292596275,0.008640323752207218,0.008246288551561398,0.007871359026967562,0.0075145224725057524,0.007174827051077054,0.006851377484696747,0.0065433311129882155,0.006249894282195009,0.005970319031297314,0.005703900045562191,0.005449971852256916,0.0052079062347398924,0.004977109844717262,0.004757021995051777,0.00454711261632712,0.004346880362937566,0.004155850855794979,0.003973575049702319,0.003799627715537157,0.003633606027173039,0.003475128244757042,0.0033238324870019653,0.003179375585101535,0.003041432012100248,0.0029096928817736317,0.0027838650121743483,0.0026636700485962173,0.00254884364167058,0.0024391346768921907,0.0023343045515934885,0.0022341264961113494,0.0021383849360907953,0.0020468748929568376,0.001959401420218991,0.001875779072903809,0.001795831407945217,0.0017193905137129137,0.0016462965665242357,0.0015763974125021264,0.0015095481731632436,0.0014456108731201803,0.0013844540887272827,0.0013259526161446683,0.0012699871576527487,0.0012164440252624038,0.001165214860387398,0.0011161963687180386,0.0010692900692917395,0.0010244020570761882,0.0009814427781110642,0.0009403268165083592,0.0009009726927246137,0.0008633026723377721,0.0008272425847932023,0.0007927216515304421,0.0007596723229384567,0.0007280301237337326,0.000697733506188937,0.0006687237107944662,0.0003204723170123526
0.04157164225363297,0.07396054763640914,0.06770647366582372,0.06256697325024341,0.05814096999085305,0.054236690448939306,0.05074090826255273,0.047578597469476236,0.04469628262735359,0.04205387700549956,0.039620196703688326,0.03737028615844196,0.03528372271221247,0.033343488789506104,0.031535191870847856,0.029846507393280985,0.028266769979576778,0.02678666651603545,0.025398001079000476,0.024093511744026574,0.022866725632458618,0.02171184265573073,0.020623641141239712,0.019597400386718034,0.018628836484048228,0.017714048662817283,0.01684947406633558,0.016031849351501204,0.015258177863050004,0.014525701395512736,0.013831875762059853,0.013174349545601038,0.012550945524782503,0.011959644364340272,0.011398570232453609,0.010865978066288473,0.010360242256324426,0.009879846554871563,0.009423375047212301,0.008989504049744523,0.008576994818041583,0.00818468696649094,0.007811492514550156,0.00745639048799257,0.0071184220112371355,0.006796685836697264,0.006490334264745656,0.0061985694122510815,0.005920639794015317,0.005655837185475687,0.005403493738585383,0.005162979326947911,0.004933699097687733,0.004715091210922548,0.004506624750163765,0.004307797787742471,0.004118135591790292,0.003937188962555668,0.0037645326867400963,0.003599764100525496,0.0034425017517563106,0.0032923841533414044,0.0031490686209265373,0.0030122301878389574,0.00288156059146525,0.002756767325434603,0.0026375727530219065,0.0025237132768018908,0.0024149385604974594,0.002311010799516962,0.0022117040364114243,0.002116803518169383,0.0020261050924566468,0.0019394146399906165,0.001856547540838152,0.0017773281720765144,0.0017015894347626737,0.0016291723084887605,0.001559925431483311,0.0014937047047086892,0.0014303729184247382,0.0013697993996885996,0.0013118596796828919,0.001256435179427938,0.0012034129127725945,0.0011526852057599027,0.0011041494311996858,0.0010577077576331105,0.0010132669117383641,0.0009707379535295914,0.0009300360634459347,0.0008910803406679928,0.0008537936121062739,0.0008181022513352593,0.000783936006966109,0.0007512278399010187,0.0007199137689462426,0.0006899327244000025,0.0006612264090732276,0.0006337391663478308,0.000303708927480926
0.03938820296116663,0.07007728542585934,0.06415245396800895,0.059283453458836455,0.05509034910155952,0.051391475842724965,0.048079575540717956,0.04508357694830145,0.042352823401050066,0.03984934120766237,0.03754359021758891,0.03541193030004264,0.033435015280432245,0.03159672456563967,0.029883424234886213,0.028283439306686087,0.02678666651603545,0.0253842835716499,0.02406852647464902,0.022832515985038104,0.021670120309991103,0.020575844977083868,0.01954474343562229,0.018572343694072402,0.01765458752741328,0.016787779649655388,0.015968544874275348,0.01519379173874652,0.014460681409569076,0.013766600933136086,0.013109140092776195,0.012486071280270794,0.01189533190123418,0.011335008925458717,0.010803325262654956,0.010298627699475066,0.009819376180508738,0.00936413424891594,0.008931560493651708,0.008520400874808848,0.00812948181616821,0.007757703971803004,0.007404036586255686,0.0070675123804373186,0.006747222902712902,0.0064423142939585565,0.006151983422634941,0.005875474350049717,0.005612075092018415,0.005361114646957557,0.005121960263803044,0.004894014927092821,0.004676715037882265,0.004469528272367726,0.004271951602423649,0.0040835094629900065,0.003903752053549106,0.0037322537621168467,0.003568611701030816,0.0034124443456970965,0.0032633902672633275,0.0031211069517009943,0.0029852696987147653,0.0028555705938492493,0.0027317175482625133,0.0026134334008350024,0.0025004550782706664,0.002392532808483172,0.002289429383424496,0.0021909194680355334,0.0020967889517486196,0.002006834339621927,0.0019208621803660855,0.0018386885286003143,0.0017601384392442465,0.0016850454916196647,0.0016132513413157981,0.0015446052981870767,0.0014789639285504204,0.0014161906801139906,0.0013561555281885705,0.0012987346417318094,0.0012438100681762404,0.0011912694356726802,0.001141005671702059,0.001092916737199405,0.001046905375083805,0.0010028788724223171,0.0009607488353269682,0.0009204309759714598,0.0008818449108716868,0.0008449139698024979,0.0008095650148246154,0.0007757282687335231,0.000743337152450025,0.0007123281308250521,0.0006826405663630224,0.0006542165805004871,0.000627000921926326,0.0006009408415692027,0.0002879929869789395
