0.06134155474835512,0.10511350268958308,0.09364352136929543,0.08446251533108562,0.07673316036535249,0.0700560914252577,0.06419514264952908,0.058993692330330694,0.05434010304165793,0.05015074498586003,0.046360653166883425,0.04291794916531644,0.039780298843701045,0.03691255137563565,0.03428510292140352,0.031872725365871934,0.029653704929918145,0.027609193888791794,0.025722712880362986,0.023979762155107442,0.022367513274338502,0.020874561307518302,0.01949072326193363,0.018206872359491255,0.01701480047412951,0.015907102949436425,0.014877081396966696,0.01391866108075096,0.01302632024282313,0.012195029281581171,0.011420198124040853,0.010697630460563351,0.01002348376213097,0.009394234201324847,0.00880664575422288,0.00825774288521236,0.0077447863186995425,0.007265251480087442,0.006816809256126599,0.006397308779018146,0.006004761981527662,0.005637329708238839,0.00529330919817092,0.004971122780536075,0.004669307645359194,0.004386506569941037,0.004121459497843996,0.0038729958791220015,0.0036400276925268316,0.0034215430798121282,0.0032166005304110346,0.003024323562435642,0.0028438958513056084,0.002674556763311943,0.002515597256248746,0.0023663561127698907,0.0022262164761741032,0.0020946026614148128,0.001970977216696243,0.0018548382139973105,0.0017457167483731148,0.0016431746282587478,0.0015468022407873379,0.001456216577322908,0.0013710594060372741,0.0012909955794332025,0.0012157114660780628,0.0011449134963878276,0.001078326813460529,0.0010156940208216024,0.0009567740194070286,0.0009013409269280105,0.0008491830733291066,0.0008001020665062766,0.0007539119230986786,0.0007104382593724132,0.0006695175377583826,0.0006309963650282403,0.0005947308382323029,0.0005605859349709641,0.0005284349448032629,0.0004981589387974949,0.0004696462745867186,0.0004427921343297756,0.0004174980932745969,0.00039367171683293845,0.00037122618411523575,0.0003500799361299961,0.00033015634691180035,0.00031138341605645506,0.00029369348114810945,0.0002770229487403788,0.0002613120426630672,0.0002465045684521064,0.00023254769284177922,0.00021939173730383798,0.0002069899846948572,0.00019529849816656616,0.00018427595150045635,0.0001738834701217138,8.204224105664367e-5
0.10511350268958308,0.18013259319881936,0.16048456669445388,0.14475680012601444,0.13151527540265384,0.12007603195167915,0.11003460835000345,0.10112277184486818,0.0931493302152715,0.08597105717949138,0.07947669170859473,0.07357738469558428,0.06820063240539942,0.06328623308242465,0.058783484598110336,0.0546491785685872,0.05084612516285425,0.047342042877395296,0.04410870620966845,0.041121279903477026,0.03835779096812075,0.035798704306398865,0.03342657751836331,0.0312257770951756,0.029182242839300043,0.027283290611637256,0.025517445871147793,0.02387430219365505,0.02234440023982881,0.020919123596234435,0.019590608648445584,0.01835166620612605,0.01719571303068329,0.016116711760453706,0.015109117995652288,0.014167833519001083,0.01328816480261219,0.0124657860859399,0.011696706425613435,0.010977240210910871,0.010303980712062843,0.009673776293424557,0.00908370897509958,0.008531075072064215,0.008013367673997407,0.007528260762004524,0.007073594785304671,0.0066473635415726096,0.0062477022251928305,0.005872876523765336,0.005521272657161458,0.0051913882665729355,0.004881824070167878,0.004591276212243062,0.004318529241028726,0.0040624496563331225,0.0038219799751458977,0.003596133268615326,0.0033839881282054646,0.003184684023945533,0.0029974170202622663,0.0028214358189560876,0.002656038101941517,0.002500567148407039,0.0023544087038388367,0.0022169880801904823,0.0020877674688130968,0.001966243448745568,0.0018519446749495488,0.0017444297325536831,0.0016432851439631205,0.0015481235170926484,0.001458581823953406,0.0013743197996025358,0.0012950184525732968,0.0012203786782527953,0.0011501199676066075,0.0010839792043718481,0.0010217095440793432,0.0009630793690326364,0.0009078713137690431,0.0008558813558720672,0.0008069179676187394,0.000760801324008414,0.000717362563228182,0.0006764430959732368,0.0006378939601081653,0.0006015752175931883,0.0005673553907015599,0.000535110934921923,0.0005047257459495774,0.00047609069847455963,0.00044910321466223174,0.00042366686026616,0.0003996909665557498,0.00037709027631889925,0.0003557846123314048,0.0003356985668450064,0.00031676121065690385,0.0002989058204842616,0.00014103481174006314
0.09364352136929543,0.16048456669445388,0.1429848330260537,0.1289762426655754,0.11718177416777298,0.10699234709410055,0.09804778115294477,0.0901092102281098,0.08300637403309286,0.07661172658738558,0.07082618730469314,0.06557063359408333,0.06078049851234679,0.056402170077406444,0.05239049574991261,0.04870699618396146,0.045318551565028176,0.04219641295465837,0.03931544329639425,0.03665352456512638,0.03419108760447176,0.03191073422790269,0.029796929825692153,0.027835750639419676,0.026014673981633596,0.024322402585222336,0.022748716373063305,0.021284346471207805,0.019920867431666434,0.018650604480282995,0.01746655325982227,0.016362310037877137,0.015332010732735435,0.0143702774169992,0.013472171196754146,0.012633150554363037,0.01184903439849952,0.011115969184568086,0.010430399571953963,0.009789042167317213,0.009188861968525364,0.008627051181573142,0.008101010128730629,0.0076083300066535076,0.007146777283596861,0.006714279554248914,0.00630891269463818,0.0059288891779255976,0.00557254743021296,0.005238342119812819,0.004924835285859561,0.0046306882238444785,0.004354654053821419,0.004095570906183302,0.003852355667268187,0.003623998232424666,0.0034095562203388385,0.0032081501071406643,0.003018958742717466,0.002841215216209489,0.002674203039957551,0.002517252624797482,0.002369738022320843,0.0022310739115323913,0.0021007128098189595,0.0019781424897802186,0.0018628835855498613,0.0017544873731109925,0.001652533710878902,0.0015566291281411127,0.0014664050496499582,0.0013815161459108105,0.0013016387995753859,0.001226469679042455,0.001155724411356182,0.001089136346802532,0.0010264554084348752,0.0009674470204032101,0.0009118911091738555,0.0008595811724096958,0.0008103234106352948,0.0007639359171172297,0.0007202479219372265,0.0006790990862916863,0.0006403388435039774,0.0006038257835597385,0.0005694270780349751,0.0005370179426775704,0.0005064811349932176,0.0004777064845145878,0.0004505904534412696,0.00042503572560887923,0.00040095082191298273,0.0003782497403526401,0.0003568516190745972,0.0003366804208683625,0.0003176646376796006,0.00029973701385182724,0.00028283428681612037,0.00026689694409175093,0.00012593449778059308
0.08446251533108562,0.14475680012601444,0.1289762426655754,0.11634347133348077,0.10570708285806196,0.09651791085903794,0.08845120577754106,0.08129159866640667,0.07488557755239666,0.0691181427926515,0.06389995981396268,0.059159688595594284,0.054839112768551246,0.05088989314934089,0.04727131772658433,0.04394869114474764,0.0408921502849906,0.03807577288000141,0.035476893196471515,0.0330755675157437,0.03085415023209248,0.028796953137345982,0.02688996827438994,0.0251206400794447,0.023477676243981116,0.02195088934810746,0.020531063216116863,0.019209839326776335,0.017979619641325995,0.016833482978009073,0.015765112652184887,0.014768733551423219,0.01383905716076722,0.012971233329842513,0.012160807788072742,0.011403684585817003,0.010696092779483857,0.010034556786441245,0.009415869928677156,0.008837070758792476,0.008295421820850385,0.007788390550680646,0.007313632061610259,0.006868973598103872,0.006452400467206437,0.006062043284169677,0.0056961663902224124,0.005353157316997162,0.005031517188640117,0.004729851965539655,0.004446864444815929,0.004181346943267342,0.003932174595829813,0.003698299210854586,0.0034787436301490365,0.0032725965465636303,0.003079007737473785,0.002897183676758147,0.0027263834913977755,0.0025659152329223986,0.0024151324359971416,0.0022734309397118985,0.002140245949592355,0.0020150493199838915,0.0018973470386989821,0.0017866768972940456,0.0016826063322153625,0.0015847304228416986,0.0014926700340475371,0.0014060700920977137,0.0013245979833197488,0.001247942066125645,0.0011758102877357443,0.001107928897581937,0.0010440412502585178,0.0009839066911679593,0.0009272995187586085,0.0008740080178307533,0.0008238335585792032,0.0007765897566566898,0.0007321016898614273,0.0006902051673283015,0.0006507460475967571,0.0006135796019784666,0.0005785699200563897,0.0005455893544389859,0.0005145180019467503,0.00048524321876071246,0.0004576591671440807,0.00043166639164391243,0.00040717142268723375,0.000384086405730448,0.00036232875427190045,0.0003418208250722428,0.00032248961412273663,0.0003042664719637043,0.0002870868370611667,0.0002708899860782198,0.00025561879988646695,0.00024121954429184682,0.00011382083227006769
0.07673316036535249,0.13151527540265384,0.11718177416777298,0.10570708285806196,0.09604551909555337,0.08769834047835601,0.08037061609182938,0.07386675229515571,0.06804733256955564,0.06280791634370453,0.05806737136858908,0.053760907522091284,0.049835653174291505,0.04624770683255608,0.04296009374425058,0.039941303276330054,0.037164213265952206,0.03460528049684486,0.03224391922861258,0.030062015768149375,0.02804354350032423,0.026174253465551023,0.024441422668200652,0.022833647147078973,0.021340670209410884,0.019953238610074864,0.01866298118231291,0.017462305681147483,0.01634431053649743,0.015302708908512819,0.014331762973669726,0.013426226779165662,0.012581296317180413,0.011792565721667758,0.011055988685218093,0.010367844349332356,0.009724707048805986,0.009123419388786025,0.008561068217648404,0.008034963126612948,0.007542617160543552,0.00708172947166863,0.006650169685533308,0.006245963781649669,0.005867281316204842,0.005512423838238717,0.005179814370304903,0.00486798783965374,0.004575582360978783,0.00430133128348667,0.0040440559252303,0.0038026589272281697,0.0035761181665751873,0.0033634811752443206,0.003163860017306161,0.0029764265816865226,0.0028004082526385463,0.0026350839239655463,0.002479780326231744,0.002333868639921917,0.002196761369388775,0.0020679094553941665,0.0019467996062836265,0.0018329518293129718,0.0017259171456819253,0.0016252754741677075,0.0015306336699541997,0.0014416237059673292,0.001357900985476522,0.0012791427758012293,0.0012050467535372061,0.001135329652740033,0.0010697260082124134,0.0010079869866088872,0.0009498792988809623,0.0008951841878388316,0.0008436964852865242,0.0007952237337143994,0.0007495853677057778,0.0007066119507750518,0.0006661444636437627,0.0006280336402122201,0.0005921393479324244,0.0005583300093333909,0.0005264820618209529,0.0004964794531397993,0.00046821316993352416,0.000441580797158881,0.0004164861061844386,0.00039283866967230324,0.000370553501348592,0.0003495507189900356,0.0003297552290916347,0.0003110964317115765,0.0002935079441672853,0.0002769273423129017,0.0002612959182244816,0.00024655845323610665,0.00023266300527787637,0.0002195607095840336,0.00010360279596105179
0.0700560914252577,0.12007603195167915,0.10699234709410055,0.09651791085903794,0.08769834047835601,0.08007843924472247,0.07338902732294739,0.0674515888237397,0.062138879926638246,0.05735557878722464,0.05302763663376431,0.04909591981601735,0.04551217242353922,0.04223632537514255,0.03923463145168349,0.03647833039561277,0.033942667192792264,0.03160615324252225,0.029449999159740448,0.027457671739845257,0.025614542610250313,0.023907605831564926,0.022325248188033053,0.020857060330896793,0.019493680014300407,0.018226660835805986,0.017048361467502493,0.01595185150910361,0.014930830948488072,0.01397956084991453,0.013092803379373241,0.012265769649805969,0.011494074155534773,0.010773694794409677,0.01010093765404102,0.009472405880675328,0.00888497206551081,0.008335753672564283,0.007822091109395801,0.00734152810385344,0.00689179409884938,0.006470788420339851,0.006076566007971171,0.005707324528119798,0.005361392711764015,0.005037219781583571,0.004733365850569049,0.0044484931881361295,0.0041813582634322305,0.0039308044862168545,0.003695755574988524,0.0034752094907764264,0.0032682328811131367,0.003073955985544538,0.0028915679595342136,0.002720312577628156,0.002559484281360637,0.0024084245409048827,0.002266518502392019,0.0021331918962228177,0.002007908183407195,0.0018901659196775,0.0017794963191576016,0.0016754610007212664,0.0015776499020307075,0.0014856793474675029,0.001399190257722581,0.0013178464894632175,0.0012413332948188645,0.0011693558914119134,0.0011016381341848146,0.001037921281208637,0.000977962846305188,0.0009215355318320587,0.0008684262357194668,0.0008184351270777573,0.0007713747853162808,0.0007270693981953503,0.0006853540143906614,0.0006460738466609536,0.0006090836219740763,0.0005742469751752171,0.000541435883190583,0.0005105301368008453,0.0004814168473574153,0.0004539899860571926,0.0004281499534349153,0.00040380317702519083,0.00038086173521321553,0.0003592430055389083,0.0003388693357249421,0.0003196677359019722,0.00030156959062967257,0.00028451038934081737,0.0002684294739977878,0.00025326980280240136,0.00023897772888752025,0.00022550279302578288,0.00021279752939759328,0.00020081728356786954,9.476002094814463e-5
0.06419514264952908,0.11003460835000345,0.09804778115294477,0.08845120577754106,0.08037061609182938,0.07338902732294739,0.06725985652710853,0.061819573751206836,0.056951616873849975,0.05256866586288789,0.04860288781340294,0.04500011273759896,0.0417161351237042,0.03871424893476627,0.03596353921477502,0.03343765926289288,0.031113931340001177,0.028972669872348367,0.026996661878047834,0.0251707611319123,0.023481566319099423,0.0219171623492892,0.02046690993614325,0.019121272599436023,0.01787167306497295,0.01671037302748174,0.01563037168344439,0.014625319490084221,0.013689444389081706,0.012817488315073788,0.01200465225714853,0.011246548483475005,0.010539158801754406,0.009878797938103007,0.009262081279903273,0.008685896358408551,0.00814737755336814,0.007643883583750066,0.007172977419353882,0.0067324083047698435,0.006320095631879991,0.005934114436640978,0.005572682327293993,0.00523414767887144,0.004916978949674203,0.004619754995504655,0.00434115627382696,0.004079956842585844,0.0038350170709568476,0.003605276989098835,0.0033897502124872886,0.0031875183844216476,0.0029977260858816274,0.0028195761681755332,0.002652325468861863,0.0024952808750968863,0.0023477957027883203,0.002209266363162446,0.0020791292910261328,0.0019568581121207837,0.0018419610285319299,0.0017339784036009484,0.0016324805296517447,0.0015370655630813947,0.0014473576130663753,0.001363004971254092,0.0012836784712337776,0.0012090699671768422,0.001138890922249662,0.0010728710983037744,0.0010107573388288965,0.0009523124380099134,0.0008973140893216575,0.0008455539075688731,0.0007968365189563245,0.0007509787139845878,0.0007078086585367346,0.0006671651589618514,0.0006288969771053483,0.0005928621917050264,0.0005589276028136435,0.000526968176118128,0.0004968665244012224,0.00046851242342814924,0.0004418023598518235,0.00041663910895213194,0.0003929313400645928,0.00037059324782212893,0.00034954420739498424,0.000329708452138964,0.0003110147720673251,0.00029339623174755476,0.00027678990633908315,0.0002611366345140701,0.00024638078715212043,0.00023247005074681758,0.000219355224542285,0.00020699003051590208,0.00019533093532946022,0.00018433698346942678,8.698482043300476e-5
0.058993692330330694,0.10112277184486818,0.0901092102281098,0.08129159866640667,0.07386675229515571,0.0674515888237397,0.061819573751206836,0.05682047296376447,0.052347201375350316,0.04831953834596514,0.0446751658437643,0.04136431778071925,0.038346382285812886,0.03558763713429036,0.03305968026789452,0.03073830640312558,0.028602680865855046,0.026634717831707677,0.0248186030051345,0.023140420788260785,0.02158785860886403,0.0201499692727522,0.01881697765643886,0.017580121779154856,0.016431520881853623,0.015364064969129565,0.014371321594512487,0.013447456633540966,0.01258716650775471,0.011785619856943236,0.01103840706870629,0.010341496388503846,0.009691195574566047,0.009084118254891693,0.008517154293234963,0.007987443590639881,0.007492352846902001,0.007029454881493896,0.006596510178455306,0.006191450371801799,0.005812363429109915,0.005457480327260386,0.0051251630431749795,0.004813893707850667,0.004522264791105249,0.004248970202926777,0.0039927972123695865,0.0037526190964800032,0.003527388443253815,0.0033161310416308792,0.003117940299345749,0.002931972136817014,0.0027574403103850717,0.00259361212396602,0.0024398044928186646,0.0022953803264927908,0.0021597452019117835,0.002032344300506167,0.0019126595857717962,0.0018002072004885752,0.001694535064274208,0.0015952206544286723,0.001501868954739461,0.0014141105580535544,0.0013315999099853607,0.001254013682157832,0.0011810492646819985,0.0011124233681277136,0.0010478707263526198,0.0009871428923850685,0.000930007119998022,0.0008762453243969306,0.0008256531159892347,0.0007780389016380247,0.0007332230484251665,0.0006910371051420897,0.0006513230772501582,0.000613932751457557,0.0005787270661915065,0.0005455755246757295,0.0005143556475452477,0.00048495246212282295,0.00045725802582654435,0.00043117098121184423,0.0004065961404368032,0.00038344409714376887,0.0003616308637866047,0.00034107753267966813,0.0003217099591008108,0.00030345846498772144,0.00028625756177140874,0.0002700456910616116,0.0002547649820043912,0.00024036102415603364,0.00022678265485409372,0.00021398176010962132,0.00020191308811839514,0.00019053407457896498,0.0001798046790109282,0.00016968723135728182,8.007314410907922e-5
0.05434010304165793,0.0931493302152715,0.08300637403309286,0.07488557755239666,0.06804733256955564,0.062138879926638246,0.056951616873849975,0.052347201375350316,0.04822702480990493,0.04451721639622608,0.04116039074230271,0.0381107207298329,0.035330808751747544,0.03278960140972864,0.030460944281214708,0.02832254746268581,0.02635522481076913,0.024542321407929668,0.02286927403251582,0.021323267846545813,0.01989296413408359,0.018568281470212167,0.0173402177197714,0.016200703693456275,0.01514248167258081,0.014159003697333472,0.013244345733057994,0.012393134716708942,0.011600486147480327,0.010861950377508367,0.010173466137669979,0.009531320122759451,0.008932111682415034,0.008372721841760244,0.007850286013544955,0.007362169873756402,0.006905947962744963,0.006479384643115982,0.006080417105457314,0.005707140160907287,0.0053577925974123974,0.005030744909974322,0.004724488241753033,0.004437624396345749,0.004168856799156531,0.0039169823027866285,0.0036808837452355914,0.003459523180327037,0.0032519357103816815,0.0030572238594488016,0.002874552432602928,0.002703143813593059,0.0025422736578518124,0.002391266943174375,0.0022494943446400018,0.0021163689034520497,0.0019913429629504417,0.0018739053477788842,0.0017635787644516773,0.0016599174042004894,0.001562504730305985,0.0014709514342194467,0.0013848935463591158,0.0013039906885101427,0.0012279244561983274,0.001156396920352843,0.001089129238778859,0.001025860368463933,0.0009663458707688012,0.0009103568023162943,0.0008576786847977677,0.0008081105476408744,0.0007614640379836717,0.0007175625928004074,0.0006762406685981801,0.0006373430242807912,0.0006007240532586704,0.0005662471612566528,0.0005337841863926954,0.0005032148584978007,0.0004744262948517021,0.000447312529686137,0.0004217740751253276,0.00039771751126427453,0.00037505510334852506,0.0003537044442071726,0.00033358812012411476,0.00031463339855987947,0.00029677193618815254,0.00027993950590174486,0.00026407574144680056,0.0002491238985015713,0.0002350306311132205,0.00022174578242807694,0.00020922218877660916,0.00019741549621427523,0.00018628398868722994,0.00017578842707490633,0.00016589189836646936,0.00015655967431152124,7.387953947195778e-5
0.05015074498586003,0.08597105717949138,0.07661172658738558,0.0691181427926515,0.06280791634370453,0.05735557878722464,0.05256866586288789,0.04831953834596514,0.04451721639622608,0.04109354408540522,0.037995575391859715,0.03518102827634095,0.03261539798532598,0.030270033088254267,0.028120802065193184,0.026147138890433852,0.02433134113842711,0.022658041751386748,0.02111380352047537,0.019686802340007914,0.01836657601465047,0.01714382236287021,0.01601023499073756,0.014958368273369438,0.013981525280586438,0.01307366393663123,0.012229317829128672,0.011443528901410732,0.010711789872971333,0.010029994686653942,0.00939439563096317,0.008801566052772075,0.008248367780595733,0.007731922542458081,0.007249586789530887,0.006798929438382617,0.006377712127781182,0.005983871649841294,0.005615504270500241,0.005270851698528228,0.004948288497196474,0.004646310763586875,0.004363525925038081,0.004098643523860773,0.0038504668776881273,0.0036178855185241554,0.0033998683263429114,0.003195457282888836,0.003003761781119871,0.0028239534333789965,0.0026552613280202697,0.002496967690469913,0.0023484039090584316,0.0022089468908507714,0.0020780157166356353,0.0019550685670967766,0.0018395998954909218,0.0017311378246734621,0.0016292417484008517,0.0015335001192702605,0.001443528406878062,0.0013589672117176668,0.0012794805217934413,0.001204754099891462,0.0011344939907770232,0.0010684251384610183,0.0010062901047896873,0.0009478478810759708,0.0008928727854381133,0.0008411534392153384,0.0007924918162044471,0.0007467023591296688,0.000703611158220329,0.0006630551871404863,0.0006248815920439511,0.00058894702969149,0.0005551170510122699,0.0005232655268358494,0.0004932741126325267,0.00046503174946657157,0.00043843419855542527,0.00041338360699113424,0.00038978810247398965,0.0003675614149364695,0.00034662252317852697,0.0003268953248088584,0.00030830832781727265,0.00029079436231319034,0.0002742903110129558,0.0002587368572346659,0.00024407824916279977,0.0002302620792903982,0.00021723907803617316,0.00020496292055405003,0.0001933900458689626,0.00018247948750933947,0.00017219271486944125,0.00016249348461124446,0.0001533477014201974,0.00014472328750608733,6.829503014713816e-5
0.046360653166883425,0.07947669170859473,0.07082618730469314,0.06389995981396268,0.05806737136858908,0.05302763663376431,0.04860288781340294,0.0446751658437643,0.04116039074230271,0.037995575391859715,0.035131788977704415,0.03252995583153184,0.030158187670623393,0.027990005558102493,0.02600310762609992,0.0241784870511616,0.02249978339987324,0.02095279446479631,0.019525101506550846,0.018205776535595353,0.01698515017475727,0.015854625078748297,0.014806524166547763,0.013833965845813812,0.01293076044097441,0.012091323472113863,0.011310602471754666,0.010584014783463075,0.009907394350534338,0.009276945922425173,0.008689205429860403,0.008141005526176193,0.007629445481820235,0.00715186477035365,0.0067058198018088155,0.006289063353201035,0.005899526322798138,0.005535301493749908,0.005194629043688739,0.00487588357777935,0.004577562494962759,0.004298275525658826,0.004036735301843231,0.0037917488404119876,0.0035622098357450116,0.003347091671889582,0.0031454410766013283,0.002956372348536171,0.002779062097933341,0.0026127444481951548,0.0024567066519039713,0.002310285080598551,0.002172861551654831,0.0020438599601374507,0.0019227431871234255,0.0018090102586437798,0.0017021937324398703,0.0016018572920578206,0.0015075935297319681,0.001419021901757106,0.0013357868411765575,0.0012575560144048627,0.0011840187097504479,0.0011148843466934344,0.001049881096002795,0.0009887546015825144,0.0009312667959648739,0.0008771948017970987,0.0008263299125432638,0.0007784766462742444,0.0007334518667639171,0.0006910839667275907,0.0006512121084659758,0.0006136855175192905,0.0005783628254254873,0.0005451114578273568,0.000513807064584669,0.00048433298886602257,0.0004565797722977001,0.000430444693585939,0.0004058313382032195,0.00038264919687998767,0.00036081329091475385,0.0003402438223412277,0.00032086584721597103,0.000302608970450354,0.0002854070606387246,0.0002691979835287642,0.0002539233528240127,0.0002395282971712539,0.00022596124218871722,0.00021317370652548014,0.00020112011102540323,0.0001897576000873466,0.00017904587442111024,0.00016894703443222922,0.00015942543352679382,0.00015044754069825153,0.00014198181176228956,0.0001339985686771121,6.323494321815106e-5
0.04291794916531644,0.07357738469558428,0.06557063359408333,0.059159688595594284,0.053760907522091284,0.04909591981601735,0.04500011273759896,0.04136431778071925,0.0381107207298329,0.03518102827634095,0.03252995583153184,0.030121339454366014,0.027925666905739943,0.025918432120819457,0.024078994772737783,0.0223897639864159,0.02083559803061963,0.01940335253946357,0.018081533688039386,0.01686002729326197,0.01572988398021613,0.014683146509906264,0.013712709325029104,0.01281220307580866,0.011975898768964321,0.011198627511355363,0.010475712782332502,0.00980291286924384,0.009176371622815177,0.008592576077274316,0.008048319779255825,0.007540670897777824,0.007066944362821015,0.006624677420183134,0.006211608099029486,0.005825656175500557,0.0054649062868216,0.005127592904955888,0.0048120869260504795,0.0045168836697454945,0.0042405921122773554,0.003981925203699707,0.0037396911405093575,0.003512785483470518,0.003300184024310246,0.0031009363183852473,0.002914159811357994,0.0027390344962973864,0.0025747980459941353,0.0024207413718178653,0.002276204566121265,0.0021405731905468975,0.002013274876314766,0.001893776206753163,0.0017815798556997525,0.001676221957845829,0.0015772696899216156,0.001484319043771977,0.0013969927741570645,0.0013149385061930162,0.001237826988390544,0.001165350478908131,0.0010972212538823932,0.0010331702275214565,0.0009729456747847448,0.0009163120482178384,0.0008630488814632097,0.0008129497723630974,0.0007658214393818016,0.0007214828456767776,0.0006797643854675479,0.000640507127923174,0.000603562114184537,0.000568789703453405,0.0005360589645334382,0.0005052471093473544,0.00047623896533563817,0.00044892648393677834,0.000423208282443863,0.00039898921684649105,0.00037617998342781567,0.00035469674702642666,0.00033446079412384824,0.0003153982089423484,0.00029743957094573257,0.0002805196722842629,0.00026457725375075587,0.000249554757994634,0.0002353980987812674,0.00022205644523478046,0.00020948202000524788,0.00019762991042579113,0.0001864578918018391,0.00017592626199180224,0.00016599768653811128,0.0001566370536387825,0.00014781133830332402,0.0001394894751024071,0.00013164223892445093,0.00012424213321825988,5.8631642623509705e-5
0.039780298843701045,0.06820063240539942,0.06078049851234679,0.054839112768551246,0.049835653174291505,0.04551217242353922,0.0417161351237042,0.038346382285812886,0.035330808751747544,0.03261539798532598,0.030158187670623393,0.027925666905739943,0.025890488406917322,0.024029943718660962,0.02232490645735169,0.020759075922077652,0.019318420837043215,0.017990760725339672,0.01676544453583123,0.015633099624096813,0.014585432684847632,0.013615069751903686,0.012715426051930712,0.011880599005074988,0.011105279408637009,0.010384677070939125,0.009714458054395164,0.00909069133582524,0.00850980317600386,0.00796853785009713,0.007463923667862721,0.00699324342398841,0.006554008581326459,0.006143936619639509,0.005760931083238663,0.005403063941457814,0.0050685599417726185,0.0047557826859625785,0.0044632222034592245,0.004189483831066973,0.003933278235912746,0.003693412442935917,0.003468781747654498,0.0032583624120923332,0.00306120505461116,0.002876428656834115,0.0027032151209821498,0.0025408043187061732,0.002388489580258807,0.0022456135789060694,0.0021115645707407565,0.001985772955017062,0.0018677081235746323,0.001756875571798086,0.0016528142466746831,0.0015550941097801536,0.001463313895639147,0.001377099047901252,0.0012960998174268122,0.0012199895083052394,0.0011484628587942955,0.0010812345457058038,0.001018037801918066,0.0009586231374576967,0.0009027571556476793,0.0008502214565090788,0.0008008116204861714,0.0007543362659308186,0.0007106161745337163,0.0006694834794480648,0.0006307809111469713,0.0005943610965861712,0.0005600859076097531,0.0005278258548291944,0.0004974595236261776,0.00046887304905801966,0.00044195962679829254,0.00041661905751771977,0.000392757322198645,0.0003702861861672362,0.0003491228297767693,0.0003291895038048413,0.0003104132078601855,0.0002927253901167052,0.00027606166688521217,0.0002603615606709287,0.00024556825538873603,0.00023162836757474516,0.00021849173247037116,0.0002061112039948177,0.00019444246762447557,0.00018344386531311948,0.0001730762316580082,0.00016330274053265705,0.0001540887614994691,0.0001454017253443361,0.00013721099812503577,0.00012948776318606964,0.00012220491059600864,0.00011533693352456468,5.442991555972823e-5
0.03691255137563565,0.06328623308242465,0.056402170077406444,0.05088989314934089,0.04624770683255608,0.04223632537514255,0.03871424893476627,0.03558763713429036,0.03278960140972864,0.030270033088254267,0.027990005558102493,0.025918432120819457,0.024029943718660962,0.022303474467047057,0.020721281359279864,0.01926824260713772,0.01793134163337523,0.016699278737625167,0.015562172978741184,0.014511329320656963,0.013539053970608173,0.012638505957984103,0.011803576406653443,0.01102878927917697,0.010309218988219487,0.00964042141241278,0.009018375681257018,0.00843943469571612,0.007900282800094166,0.007397899354423448,0.006929527213752756,0.006492645316923895,0.006084944738054515,0.005704307674406259,0.005348788937792642,0.005016599591411999,0.004706092435089959,0.004415749088844692,0.004144168465265247,0.0038900564537040216,0.0036522166649467364,0.0034295421077126936,0.0032210076863543186,0.003025663425032972,0.002842628335576823,0.0026710848577675625,0.00251027381020532,0.002359489797099504,0.0022180770235330077,0.0020854254773651423,0.001960967440819132,0.001844174299398968,0.0017345536189793814,0.0016316464655092011,0.0015350249446606755,0.0014442899408590067,0.0013590690375542905,0.0012790146024479164,0.0012038020229188755,0.0011331280786845595,0.001066709439626147,0.0010042812781345875,0.0009455959864044551,0.0008904219898099516,0.0008385426484752503,0.0007897552397919151,0.0007438700154547978,0.0007007093269270487,0.0006601068139423308,0.0006219066511701787,0.0005859628484443675,0.0005521386004461951,0.0005203056820742846,0.0004903438860037971,0.0004621404993278202,0.0004355898162926881,0.0004105926844670191,0.00038705608193741973,0.0003648927232051862,0.0003440206917283625,0.00032436309719199863,0.00030584775570930214,0.0002884068913726785,0.0002719768575937583,0.0002564978768504816,0.0002419137975871082,0.00022817186703493007,0.00021522251887623207,0.00020301917470879564,0.00019151805839798253,0.0001806780224056898,0.00017046038529264663,0.00016082877965653206,0.00015174900978290936,0.00014318891837174523,0.0001351182617290946,0.0001275085928596517,0.0001203331519523238,0.00011356676375409757,0.00010718574138425963,5.058389809037777e-5
0.03428510292140352,0.058783484598110336,0.05239049574991261,0.04727131772658433,0.04296009374425058,0.03923463145168349,0.03596353921477502,0.03305968026789452,0.030460944281214708,0.028120802065193184,0.02600310762609992,0.024078994772737783,0.02232490645735169,0.020721281359279864,0.01925164362507914,0.017901951339356237,0.01666011738463591,0.015515648853504482,0.014459370231875268,0.013483207183035084,0.012580015080869367,0.011743441194370097,0.010967812586896136,0.010248043953091646,0.009579561117757235,0.008958236981328666,0.008380337464847676,0.007842475566363305,0.007341572057562723,0.006874821659235114,0.006439663772956267,0.006033757028565706,0.005654957046873313,0.00530129692888659,0.004970970069647723,0.004662314964156797,0.004373801729596449,0.004104020111641918,0.003851668780323031,0.0036155457510897437,0.00339453979056141,0.003187622687507899,0.002993842286339754,0.00281231619515495,0.0026422260914665055,0.0024828125594507366,0.0023333704012871437,0.002193244371844358,0.0020618252926514757,0.0019385465063108329,0.0018228806370395104,0.0017143366272975719,0.0016124570234305469,0.0015168154865936347,0.0014270145079107316,0.0013426833087722204,0.001263475909430347,0.0011890693507684673,0.0011191620555439687,0.001053472317066529,0.000991736904103948,0.0009337097721325398,0.0008791608720434517,0.0008278750480726488,0.0007796510176304033,0.0007343004263009132,0.0006916469720427403,0.0006515255929357578,0.0006137817134678723,0.0005782705448356702,0.0005448564349874903,0.0005134122645941291,0.00048381888544806427,0.0004559645980437028,0.00042974466545341733,0.0004050608607244488,0.00038182104532633477,0.00035993877641376116,0.0003393329407451306,0.0003199274133479273,0.00030165073915055986,0.000284435835911645,0.00026821971697854434,0.0002529432324256233,0.00023855082728886038,0.0002249903157321891,0.00021221267000120884,0.00020017182316366556,0.00018882448466832217,0.0001781299678744264,0.00016805002870591036,0.00015854871468411495,0.0001495922236540979,0.00014114877153302953,0.0001331884684888508,0.00012568320298228693,0.00011860653314809668,0.00011193358504391158,0.00010564095729787134,9.970663173900526e-5,4.705494481562324e-5
0.031872725365871934,0.0546491785685872,0.04870699618396146,0.04394869114474764,0.039941303276330054,0.03647833039561277,0.03343765926289288,0.03073830640312558,0.02832254746268581,0.026147138890433852,0.0241784870511616,0.0223897639864159,0.020759075922077652,0.01926824260713772,0.017901951339356237,0.0166471514505645,0.015492609006964808,0.014428571689401704,0.013446511528591942,0.012538923961215448,0.011699168474696292,0.010921340526515805,0.01020016736202392,0.009530922361651956,0.008909353943795967,0.008331626035114476,0.007794267833962754,0.00729413111225663,0.0068283536884811424,0.00639432799248002,0.005989673864586528,0.005612214900969206,0.00525995778705346,0.004931074164835694,0.004623884660569871,0.004336844763796921,0.004068532301414671,0.003817636290979351,0.003582946992449418,0.003363347005634787,0.003157803282761322,0.0029653599451381074,0.002785131808462557,0.002616298535027428,0.002458099341383982,0.0023098281999776454,0.0021708294813846535,0.002040493989990136,0.0019182553521602808,0.0018035867208096856,0.0016959977644756818,0.0015950319129808127,0.0015002638345235526,0.0014112971221419829,0.0013277621699907642,0.0012493142216845193,0.0011756315750565405,0.0011064139292775443,0.0010413808616023257,0.0009802704225566165,0.0009228378391480281,0.0008688543169162767,0.0008181059325621624,0.0007703926095043428,0.0007255271695572746,0.0006833344544761154,0.0006436505118210482,0.0006063218398858917,0.000571204687037882,0.0005381644012625031,0.0005070748259432614,0.00047781773833117935,0.00045028232745173216,0.00042436470843115054,0.0003999674705604632,0.00037699925651816287,0.0003553743704555849,0.00033501241286764457,0.0003158379402415168,0.0002977801477091436,0.0002807725730488162,0.00026475282048446687,0.00024966230291820907,0.00023544600124863948,0.00022205223958217304,0.00020943247525486743,0.00019754110260105338,0.0001863352695387465,0.00017577470607167038,0.00016582156391992207,0.000156440266492976,0.00014759736851140343,0.00013926142464067452,0.00013140286651279086,0.00012399388758566445,0.00011700833531323295,0.00011042161013911445,0.00010421057087536822,9.83534460305747e-5,9.282975070045297e-5,4.381010433431086e-5
0.029653704929918145,0.05084612516285425,0.045318551565028176,0.0408921502849906,0.037164213265952206,0.033942667192792264,0.031113931340001177,0.028602680865855046,0.02635522481076913,0.02433134113842711,0.02249978339987324,0.02083559803061963,0.019318420837043215,0.01793134163337523,0.01666011738463591,0.015492609006964808,0.01441836718760886,0.013428320685655304,0.012514537047188856,0.011670035705484388,0.01088863976349766,0.010164856865231192,0.009493782295374675,0.008871019313319961,0.00829261302551712,0.007754995016746036,0.007254936624966374,0.0067895092276735736,0.006356050268034152,0.005952134016876498,0.00557554627302638,0.005224262361959664,0.004896427913644988,0.00459034199714102,0.004304442264538189,0.004037291816817876,0.0037875675532435954,0.0035540498035628865,0.003335613074868113,0.0031312177710594025,0.0029399027634478686,0.002760778709248901,0.0025930220291751557,0.002435869468107671,0.0022886131723954123,0.002150596226597447,0.0020212086000293006,0.001899883459250136,0.0017860938084075031,0.0016793494238639683,0.0015791940534477036,0.001485202854360032,0.0013969800463391642,0.0013141567595670485,0.0012363890591271728,0.001163356129507312,0.001094758604590202,0.0010303170300598428,0.0009697704463809617,0.0009128750819465438,0.0008594031467050386,0.000809141717724754,0.0007618917090122645,0.0007174669184686223,0.000675693145652528,0.000636407374533278,0.0005994570160738136,0.0005646992057558361,0.0005320001517190014,0.0005012345296021101,0.0004722849203934853,0.0004450412879929231,0.00041940049346033716,0.0003952658431436041,0.0003725466681914818,0.0003511579330525254,0.0003310198708243884,0.0003120576435213058,0.0002942010253924659,0.0002773841076409893,0.00026154502300431825,0.00024662568875293174,0.0002325715668381476,0.00021933143993559025,0.00020685720227476417,0.00019510366424780896,0.00018402836980789972,0.000173591425792154,0.00016375534233168147,0.00015448488361575162,0.0001457469282786089,0.00013751033876365816,0.00012974583907280918,0.00012242590032021357,0.00011552463357866099,0.0001090176895283553,0.00010288216445480643,9.709651218799435e-5,9.164046157732176e-5,8.649493914254791e-5,4.0820998286426944e-5
0.027609193888791794,0.047342042877395296,0.04219641295465837,0.03807577288000141,0.03460528049684486,0.03160615324252225,0.028972669872348367,0.026634717831707677,0.024542321407929668,0.022658041751386748,0.02095279446479631,0.01940335253946357,0.017990760725339672,0.016699278737625167,0.015515648853504482,0.014428571689401704,0.013428320685655304,0.012506451980052735,0.011655581684431204,0.01086921192097104,0.01014159286367533,0.009467611855495689,0.008842703215275277,0.008262774086211205,0.007724142885589175,0.007223487768725889,0.006757803138181306,0.006324362679127504,0.005920687737168501,0.005544520104174139,0.005193798469818378,0.0048666379430976625,0.004561312160636835,0.004276237588589388,0.004009959694772067,0.003761140723504461,0.003528548851271948,0.0033110485363864323,0.0031075919061349724,0.002917211049195241,0.002739011100264893,0.002572164020804339,0.00241590299324948,0.0022695173579375116,0.002132348030896361,0.002003783349272356,0.0018832552981943515,0.0017702360782485618,0.0016642349781175805,0.0015647955211330646,0.0014714928581376283,0.0013839313824872482,0.0013017425454134,0.0012245828526524435,0.0011521320254098237,0.001084091310295708,0.0010201819246832174,0.0009601436253217389,0.0009037333891830888,0.0008507241968554735,0.0008009039094679475,0.0007540742311938319,0.0007100497501821134,0.0006686570512931186,0.0006297338947457397,0.0005931284552616704,0.0005586986169042706,0.0005263113190620144,0.000495841949548213,0.00046717378117564455,0.00044019744836868227,0.0004148104607436063,0.00039091675084130476,0.0003684262533992606,0.0003472545138411224,0.00032732232375073424,0.000308555381342673,0.0002908839751307995,0.00027424268905656534,0.0002585701275409089,0.00024380865902698997,0.0002299041766703827,0.00021680587499526768,0.00020446604134980156,0.00019283986112775741,0.00018188523581915122,0.00017156261296861824,0.00016183482723622225,0.00015266695178112319,0.00014402615928575668,0.00013588159193952433,0.00012820423978130357,0.00012096682684943714,0.00011414370459853851,0.00010771075210669941,0.0001016452826166506,9.592595598889521e-5,9.053269668711657e-5,8.544661691834571e-5,8.064994459289383e-5,3.806297789941276e-5
