0.061341554748405525,0.10794768017164147,0.09803932613441613,0.08996021886696948,0.08304887433034458,0.07698939518717673,0.07159519198916708,0.06674257712324705,0.0623433775567761,0.05833149786088754,0.05465553194359507,0.05127435674473979,0.04815433783451484,0.04526746963407402,0.04259008845859624,0.04010195283033757,0.03778556824432722,0.035625679849176306,0.03360888363132997,0.031723323210163135,0.02995844975907913,0.02830482932719014,0.026753986324064227,0.025298274997889503,0.023930772868789696,0.022645191579500568,0.02143580171617976,0.02029736894217893,0.01922509937883149,0.018214592602496305,0.017261800965789442,0.016362994208318382,0.015514728517272092,0.014713819357095925,0.013957317508828615,0.013242487856706453,0.012566790540443296,0.01192786415057126,0.011323510698093259,0.010751682132284862,0.010210468212246832,0.009698085568138198,0.009212867810661496,0.008753256568791806,0.008317793349629427,0.007905112129962089,0.007513932601556195,0.007143054000289639,0.0067913494592374,0.00645776083273622,0.006141293944501011,0.005841014219323343,0.00555604266098067,0.005285552144166927,0.005028763992150645,0.004784944813773839,0.004553403577021289,0.004333488898596097,0.004124586530633342,0.003926117028533141,0.0037375335842056573,0.003558320011312774,0.003387988870592426,0.0032260797237214783,0.0030721575057842954,0.0029258110069814436,0.0027866514556251984,0.0026543111943208297,0.0025284424424653826,0.002408716138986307,0.002294820859173992,0.002186461800360244,0.0020833598315695145,0.0019852506025023198,0.0018918837079717477,0.0018030219036798273,0.0017184403698643838,0.0016379260197880302,0.001561276849815156,0.0014883013284151501,0.0014188178215333719,0.0013526540518436526,0.001289646589896165,0.0012296403748969058,0.0011724882632606314,0.0011180506033283619,0.0010661948344320125,0.0010167951088875249,0.0009697319354043214,0.0009248918427381403,0.0008821670622020487,0.0008414552279234523,0.0008026590938641255,0.0007656862664913808,0.0007304489522264226,0.0006968637187717893,0.0006648512694813445,0.0006343362300856841,0.0006052469469612545,0.0005775152962902638,0.0002755382517762679
0.10794768017164147,0.18997335767936052,0.17254199810541992,0.15832827299845587,0.14616866069386258,0.1355075088490425,0.1260166138988872,0.11747841447398644,0.10973781793997883,0.10267856518773577,0.09621023492897973,0.0902604931709956,0.08477017797904329,0.07969002820825599,0.07497841981011,0.07059974815296388,0.06652324032490564,0.0627220627919376,0.05917263749814983,0.05585410855100692,0.052747919941810384,0.0498374766409847,0.047107869301889926,0.04454564820313467,0.04213863580839716,0.039875769962012586,0.0377469716568557,0.03574303270071766,0.03385551964731226,0.03207669112351763,0.030399426280195097,0.028817162546667885,0.027323841211974842,0.025913859635495418,0.024582029102966807,0.023323537514584047,0.022133916234011786,0.021009010530852967,0.01994495314388045,0.018938140567238693,0.01798521171769163,0.017083028694339086,0.01622865938204554,0.01541936168751007,0.014652569221318745,0.013925878266961067,0.013237035899653082,0.012583929132045202,0.011964574981481124,0.011377111365636239,0.010819788743997527,0.01029096243400715,0.009789085536139192,0.009312702411293977,0.008860442660748452,0.008431015562251287,0.008023204922214089,0.0076358643078317245,0.007267912625944756,0.006918330020471264,0.006586154060781335,0.006270476197418745,0.005970438464216424,0.005685230406501762,0.0054140862179206245,0.005156282069408907,0.004911133616323504,0.004677993669483307,0.004456250018040661,0.004245323393494413,0.004044665564034294,0.003853757549986292,0.0036721079517881283,0.0034992513823326743,0.0033347469968570964,0.0031781771131421943,0.003029145915920309,0.0028872782401655125,0.002752218427542405,0.002623629251331326,0.0025011909053302556,0.002384600052360304,0.00227356892888151,0.0021678245017367342,0.002067107673755432,0.0019711725353877274,0.0018797856591714138,0.0017927254345369847,0.0017097814402904574,0.0016307538527112822,0.0015554528868282173,0.001483698268916922,0.0014153187384905591,0.0013501515778271272,0.0012880421674964261,0.0012288435663065853,0.001172416114198778,0.001118627056881514,0.0010673501907762888,0.001018465527126082,0.00048592948714190447
0.09803932613441613,0.17254199810541992,0.15671404179246196,0.14380743065006651,0.1327657999537344,0.1230846695621306,0.11446606194569453,0.10671245234508886,0.09968303163545333,0.0932722477500183,0.08739800679980059,0.08199463633168413,0.07700842276530073,0.07239464140111007,0.06811550121153531,0.06413867615156876,0.06043622685204997,0.056983790466901496,0.053759959765169896,0.050745798939320075,0.04792446022221131,0.04528087619983823,0.04280150987394615,0.040474149427973116,0.038287738053503384,0.03623223159062283,0.03429847847716139,0.032478117763497516,0.03076349189375971,0.0291475716492251,0.027623891190589833,0.026186491546826618,0.024829871209784637,0.023548942747422752,0.022338994542337454,0.02119565691719627,0.020114872037735376,0.01909286707813812,0.018126130219646985,0.01721138912126602,0.016345591552127114,0.015525887923530546,0.01474961549482029,0.014014284061472482,0.013317562955933615,0.012657269216841738,0.012031356802111315,0.011437906734287684,0.010875118082539104,0.01034129969670397,0.009834862618457951,0.009354313104984108,0.008898246205470806,0.008465339839039354,0.008054349328926264,0.007664102350783908,0.007293494258744121,0.006941483756407851,0.006607088882632978,0.006289383286546213,0.005987492766694413,0.005700592052916356,0.0054279018119129385,0.005168685858081598,0.00492224855375481,0.004687932383888455,0.004465115692502256,0.004253210567934915,0.004051660865946993,0.0038599403609698435,0.0036775510156840108,0.0035040213605486564,0.0033389049755006422,0.0031817790664125795,0.0030322431301173583,0.0028899177014291705,0.0027544431766219,0.0026254787085297493,0.0025027011680731487,0.0023858041679593184,0.0022744971444724482,0.002168504493382746,0.002067564756803593,0.001971429857380677,0.0018798643768461812,0.0017926448763691052,0.0017095592557989508,0.0016304061495372238,0.0015549943566217223,0.0014831423031510978,0.001414677534836442,0.0013494362379040704,0.0012872627867800898,0.0012280093167802188,0.0011715353204094642,0.0011177072658371118,0.001066398236210811,0.001017487588712663,0.0009708606320604114,0.0009264083214107835,0.00044201348488641205
0.08996021886696948,0.15832827299845587,0.14380743065006651,0.1319664204617781,0.12183622276185035,0.11295406869431979,0.1050466184191512,0.09793267929789429,0.09148308489048773,0.08560101058989433,0.08021115029247561,0.0752532614718211,0.07067807159699435,0.06644455371469538,0.06251804117861859,0.05886888040333016,0.05547144172257834,0.052303376229367426,0.04934504621297031,0.046579081007536716,0.04399002531367502,0.04156405695652232,0.03928875761827855,0.03715292457741015,0.03514641460905088,0.03326001339919504,0.03148532542287674,0.02981468039388724,0.028241053259686177,0.02675799535265122,0.02535957480496953,0.024040324711525396,0.022795197810819956,0.021619526686720902,0.02050898867158374,0.01945957477342003,0.01846756206816741,0.017529489084489924,0.016642133787449997,0.015802493829783104,0.015007768786025055,0.014255344129167569,0.013542776742688778,0.012867781792184507,0.012228220801153933,0.011622090798516949,0.011047514423644184,0.010502730886535028,0.009986087695425971,0.009496033074241655,0.00903110900115267,0.008589944808971045,0.008171251292643428,0.007773815276695073,0.007396494601190157,0.007038213487555844,0.0066979582509223146,0.0063747733288607444,0.006067757598881798,0.005776060961237506,0.0054988811640171165,0.005235460850889773,0.004985084814046206,0.004747077435430042,0.004520800301711203,0.004305649979283427,0.004101055937640319,0.003906478609261063,0.003721407575947605,0.0035453598727129554,0.0033778784002176238,0.003218530438067524,0.003066906251836324,0.002922617787014692,0.0027852974442057893,0.002654596929540988,0.0025301861752341087,0.0024117523258400456,0.0022989987854495977,0.002191644321922266,0.0020894222244093597,0.001992079510525012,0.0018993761802571923,0.001811084513300816,0.001726988407091637,0.0016468827531849473,0.001570572849315402,0.0014978738450605808,0.0014286102188923108,0.0013626152848984358,0.0012997307271446004,0.00123980616004684,0.0011826987133156594,0.0011282726398415543,0.001076398945242172,0.001026955037754889,0.0009798243972491058,0.0009348962623519814,0.0008920653344975625,0.0008512314979426915,0.00040614977746564196
0.08304887433034458,0.14616866069386258,0.1327657999537344,0.12183622276185035,0.11248560838791866,0.10428686026379452,0.0969877091436373,0.0904209298994596,0.08446731311283684,0.07903749805018712,0.07406198364279915,0.06948517114017716,0.06526158608755495,0.06135336392697632,0.057728510060350624,0.05435965646324625,0.05122314879821466,0.04829836054783643,0.04556716736241806,0.043013537151371684,0.0406232055187592,0.038383415282323696,0.03628270488299279,0.03431073463964185,0.03245814268553815,0.03071642445150835,0.029077831035320356,0.027535282864914246,0.0260822958624497,0.0247129179044821,0.023421673831490797,0.022203517607972623,0.021053790497960856,0.01996818433565417,0.018942709134881885,0.017973664412301193,0.017057613708486075,0.016191361870766918,0.01537193473452303,0.014596560897201905,0.013862655322271433,0.013167804551316553,0.012509753333097756,0.011886392507354349,0.01129574799989791,0.010735970806776796,0.010205327862110952,0.009702193695121236,0.009225042795403288,0.00877244261484103,0.008343047142726517,0.007935590999388231,0.007548883997808925,0.0071818061297237445,0.006833302937959279,0.006502381239343352,0.006188105167409266,0.005889592507098945,0.005606011295960889,0.005336576670194396,0.0050805479343051935,0.004837225836240952,0.0046059500319052815,0.004386096723444352,0.004177076457881304,0.003978332073437868,0.003789336782796901,0.0036095923823518394,0.0034386275781598946,0.0032759964203870617,0.0031212768379343878,0.002974069266152936,0.0028339953610604027,0.00270069679378572,0.002573834120000243,0.002453085718772882,0.002338146796160144,0.002228728449438784,0.0021245567875805074,0.002025372104370919,0.0019309281007143242,0.0018409911527626152,0.0017553396231845472,0.0016737632125136057,0.001596062348062248,0.0015220476082290248,0.0014515391797396034,0.0013843663459047646,0.0013203670038499024,0.0012593872091315392,0.0012012807458664475,0.001145908720869837,0.0010931391804744825,0.0010428467485259982,0.0009949122843732512,0.0009492225596391159,0.0009056699526400896,0.0008641521595263921,0.0008245719210438172,0.0007868367640344841,0.00037542937846066216
0.07698939518717673,0.1355075088490425,0.1230846695621306,0.11295406869431979,0.10428686026379452,0.09668721508378564,0.08992133262816804,0.08383423050984895,0.07831542679323333,0.07328210294622606,0.06866984610724769,0.06442712787535676,0.060511802880428345,0.05688877846889473,0.05352840215373478,0.05040530926273523,0.047497576890157434,0.044786088247603106,0.04225404549976863,0.039886589869835176,0.037670500840531806,0.035593954746725,0.033646328678823445,0.031818039460440484,0.03010041013442355,0.028485558271461153,0.026966301781983226,0.02553607890201004,0.02418887976441958,0.02291918751237254,0.02172192733601641,0.020592422136104793,0.019526353762512938,0.018519728974722705,0.01756884942338205,0.016670285073610958,0.01582085059198851,0.015017584293019304,0.01425772930838487,0.013538716695646269,0.01285815024284881,0.012213792763483555,0.011603553704624764,0.011025477917909893,0.010477735460409282,0.009958612312123638,0.00946650191242518,0.008999897427888093,0.008557384676487895,0.008137635641808805,0.007739402518473493,0.00736151223810344,0.007002861428991841,0.006662411769166321,0.006339185697404992,0.006032262449146869,0.005740774388775655,0.005463903612518306,0.005200878798320846,0.004950972282640798,0.004713497344475764,0.004487805679824625,0.004273285051660872,0.004069357100954296,0.003875475306299808,0.0036911230804207162,0.0035158119935873172,0.0033490801137985304,0.0031904904551244145,0.0030396295265984474,0.002896105973958382,0.0027595493076619237,0.0026296087110733585,0.0025059519230064345,0.0023882641897666063,0.0022762472815369,0.0021696185687616956,0.0020681101547367145,0.0019714680603257345,0.0018794514574707807,0.0017918319482899125,0.001708392886647217,0.0016289287397082478,0.0015532444866425896,0.0014811550521457648,0.0014124847727659887,0.0013470668937567466,0.0012847430946788078,0.0012253630418555643,0.0011687839662136643,0.001114870264771313,0.00106349312438098,0.0010145301664955184,0.0009678651115630731,0.0009233874619560926,0.0008809922023086565,0.0008405795162133127,0.0008020545184171113,0.0007653270014983359,0.0007303111962057417,0.00034846277238018315
0.07159519198916708,0.1260166138988872,0.11446606194569453,0.1050466184191512,0.0969877091436373,0.08992133262816804,0.08363012532618863,0.0779700007615951,0.07283824436527575,0.06815786009577596,0.06386896354538818,0.05992364888790225,0.05628273361339531,0.05291359204721946,0.04978865617274786,0.04688434429906285,0.04418027449772388,0.04165867364666209,0.039303924519618505,0.03710221260341651,0.03504124644984763,0.033110033243302306,0.031298696493384015,0.029598326335637082,0.02800085540643349,0.02649895500598143,0.0250859475338584,0.02375573210180837,0.02250272091727379,0.02132178453807143,0.0202082044931588,0.019157632064284003,0.018166052250472353,0.017229752122399522,0.016345292915041887,0.015509485320016003,0.014719367533159167,0.013972185681574933,0.01326537631712632,0.012596550712971721,0.011963480736719018,0.011364086109110744,0.010796422883520729,0.010258673006502406,0.00974913483578585,0.009266214510428972,0.008808418082309782,0.008374344327563538,0.00796267816822055,0.0075721846423533745,0.007201703368081097,0.006850143454305818,0.006516478814656529,0.006199743847153952,0.005899029446652618,0.005613479319327222,0.005342286572688357,0.005084690557181096,0.004839973937391703,0.004607459974213454,0.004386509999675256,0.004176521068811376,0.003976923774702407,0.0037871802132398574,0.0036067820860498923,0.003435248930667212,0.0032721264687021606,0.0031169850625619028,0.0029694182727287646,0.0028290415085205495,0.0026954907651727533,0.0025684214411317713,0.002447507229884252,0.0023324390809170634,0.002222924225292744,0.00211868526104695,0.0020194592943680797,0.001924997133034026,0.0018350625283136135,0.0017494314622333931,0.0016678914772299894,0.0015902410452911867,0.0015162889742742283,0.0014458538487623109,0.0013787635032951433,0.0013148545261010836,0.0012539717912115923,0.0011959680173067484,0.0011407033515289725,0.0010880449769001266,0.001037866741726439,0.0009900488096958836,0.0009444773295237997,0.0009010441228497132,0.0008596463893680018,0.0008201864281454883,0.0007825713741508693,0.0007467129491962269,0.0007125272263436063,0.0006799344070157788,0.00032442930508041166
0.06674257712324705,0.11747841447398644,0.10671245234508886,0.09793267929789429,0.0904209298994596,0.08383423050984895,0.0779700007615951,0.07269395379432542,0.06791036088809399,0.06354746266043887,0.05954944752832114,0.05587166775931385,0.05247760560312398,0.04933685415953759,0.046423720166667515,0.04371622553600041,0.0411953742888862,0.03884460179639748,0.03664935267575431,0.03459675163162945,0.03267534283054352,0.03087488073539979,0.02918616019972764,0.02760087695204272,0.026111511914788665,0.02471123443134926,0.023393820658661024,0.022153584240699742,0.02098531702000278,0.019884238016840694,0.018845949273365303,0.017866397439505688,0.01694184018909778,0.016068816727234758,0.01524412178156076,0.014464782575551505,0.013728038369578255,0.013031322219536345,0.012372244661318893,0.011748579075652077,0.011158248522271041,0.010599313865351512,0.010069963036683005,0.009568501306334937,0.009093342445622488,0.008643000684240731,0.008216083376934913,0.007811284303849225,0.007427377539554525,0.007063211833263056,0.006717705449295203,0.006389841423883436,0.00607866319774672,0.00578327058950201,0.0055028160792116865,0.005236501373423713,0.004983574226995316,0.004743325499382903,0.004515086424918713,0.004298226079695405,0.004092149028005837,0.0038962931337809953,0.0037101275240990633,0.003533150692234005,0.003364888729465443,0.0032048936754839052,0.0030527419787639634,0.002908033058109036,0.0027703879579143303,0.0026394480905551285,0.002514874059226957,0.00239634455554278,0.0022835553265986228,0.002176218206469606,0.002074060207928871,0.001976822669921885,0.0018842604570309882,0.0017961412076453048,0.0017122446273014347,0.0016323618243063998,0.001556294684865893,0.0014838552850179182,0.0014148653372177168,0.0013491556691143276,0.0012865657325018785,0.0012269431407005461,0.0011701432323920416,0.001116028660370548,0.0010644690035663089,0.0010153404010697538,0.0009685252066504724,0.0009239116625637603,0.0008813935915782146,0.0008408701060157522,0.0008022453328556528,0.0007654281539268525,0.0007303319602798598,0.0006968744199927785,0.0006649772585287528,0.0006345660509357396,0.0003027850126411831
0.0623433775567761,0.10973781793997883,0.09968303163545333,0.09148308489048773,0.08446731311283684,0.07831542679323333,0.07283824436527575,0.06791036088809399,0.0634423792917782,0.05936728645988554,0.05563296223192182,0.052197711866139196,0.049027432834863105,0.04609372924261124,0.043372607030956134,0.040843541556950136,0.03848879301905628,0.03629289212854159,0.03424224592771541,0.03232483040530287,0.030529947111783473,0.02884802783097018,0.02727047591436249,0.025789535995348167,0.02439818596131793,0.023090046583054136,0.02185930530646696,0.020700651512766233,0.019609221152595946,0.018580549100847332,0.017610527922268027,0.01669537199894494,0.01583158616843905,0.015015938182455946,0.014245434418942216,0.01351729837886495,0.012828951580870773,0.012177996526776563,0.011562201465473598,0.010979486726003046,0.01042791242274449,0.009905667366414711,0.009411059037520625,0.008942504500637494,0.008498522151939136,0.00807772420834349,0.0076788098592428244,0.007300559009978225,0.006941826556362579,0.006601537136563279,0.006278680312781407,0.005972306141717662,0.005681521095944372,0.005405484303560665,0.005143404077463026,0.004894534707482204,0.004658173492313913,0.004433657990401976,0.004220363470650565,0.004017700546736627,0.003825112979098544,0.0036420756310068386,0.003468092566646541,0.0033026952795080083,0.0031454410410217543,0.0029959113599440854,0.0028537105444372476,0.002718464358629623,0.0025898187666958603,0.002467438758300841,0.002351007249175134,0.002240224051504057,0.0021348049091920937,0.002034480593297548,0.001938996053708661,0.0018481096228891714,0.0017615922681772922,0.0016792268895706383,0.0016008076596964183,0.0015261394032693165,0.0014550370134440507,0.001387324902541006,0.001322836485133795,0.0012614136912013595,0.0012029065074612745,0.0011471725452547182,0.0010940766331385757,0.0010434904327472488,0.000995292076390101,0.0009493658251967102,0.0009056017464035317,0.0008638954086546378,0.0008241475943206351,0.0007862640277068889,0.0007501551182654328,0.0007157357178992976,0.0006829248915105769,0.0006516457000962459,0.00062182499556712,0.0005933932266278079,0.00028314212757579553
0.05833149786088754,0.10267856518773577,0.0932722477500183,0.08560101058989433,0.07903749805018712,0.07328210294622606,0.06815786009577596,0.06354746266043887,0.05936728645988554,0.05555464579228109,0.052060786158736994,0.048846705215159325,0.04588050252310427,0.04313561573233915,0.0405896000464947,0.03822325601642851,0.03601998917625526,0.03396532893103554,0.0320465598325701,0.030252434047131405,0.028572943690088226,0.026999138113278698,0.02552297548741389,0.024137200931473313,0.02283524546250426,0.021611141462283767,0.02045945139162547,0.019375207232390168,0.01835385869799533,0.017391228665912306,0.01648347460686722,0.015627055029568737,0.0148187001447182,0.014055386102759582,0.013334312274889182,0.012652881138858096,0.012008680407748717,0.011399467095803584,0.010823153266483393,0.010277793248322675,0.009761572134252272,0.009272795408830553,0.008809879569287804,0.008371343626611322,0.00795580138605001,0.007561954421319017,0.007188585668582187,0.006834553573947716,0.006498786737702489,0.0061802790050658335,0.005878084958971755,0.005591315776520833,0.005319135413667547,0.005060757087628626,0.004815440030196683,0.004582486486939319,0.004361238940700549,0.004151077539911591,0.003951417713821542,0.003761707959469812,0.0035814277855033827,0.0034100858001240297,0.0032472179318752403,0.003092385772321425,0.0029451750312057406,0.002805194095205764,0.0026720726827529837,0.0025454605872307703,0.0024250265020411554,0.0023104569217823334,0.002201455113706473,0.0020977401544845647,0.001999046027658047,0.0019051207773765969,0.0018157257147475639,0.0017306346728936245,0.0016496333074303149,0.0015725184394944358,0.001499097438234922,0.00142918764024395,0.00136261580350195,0.0012992175934780671,0.001238837099505015,0.0011813263792789692,0.001126545029723005,0.0010743597826896982,0.0010246441237775072,0.000977277932916347,0.0009321471452872071,0.0008891434314648554,0.0008481638954679731,0.0008091107896619383,0.0007718912455831183,0.0007364170196282171,0.000702604252780438,0.0006703732435200029,0.0006396482331250484,0.0006103572027118809,0.0005824316812431847,0.0005558065638846983,0.0002652099700904617
0.05465553194359507,0.09621023492897973,0.08739800679980059,0.08021115029247561,0.07406198364279915,0.06866984610724769,0.06386896354538818,0.05954944752832114,0.05563296223192182,0.052060786158736994,0.04878724798527834,0.04577581178963486,0.04299659440199455,0.04042471313155849,0.03803914242061557,0.035821896798669206,0.03375743101771789,0.031832189368130925,0.030034260275109914,0.02835310695235893,0.026779354136489242,0.025304616931176915,0.023921361777350214,0.022622792291361327,0.021402754606716146,0.020255658187984915,0.019176409054436405,0.018160353052824152,0.01720322734403451,0.016301118654894142,0.015450427147351509,0.01464783498591321,0.01389027885745514,0.013174925838696117,0.01249915211440708,0.01186052413562852,0.011256781878959704,0.010685823920352583,0.010145694084705531,0.009634569470392013,0.00915074967605256,0.008692647083934496,0.00825877807416614,0.00784775506339283,0.007458279273516666,0.007089134150246923,0.006739179362213715,0.006407345318574259,0.0060926281519287084,0.0057940851195044385,0.005510830380932211,0.00524203111668374,0.004986903953977426,0.0047447116715691046,0.0045147601583094416,0.004296395602030545,0.00408900188854508,0.0038919981924982194,0.003704836743314774,0.0035270007520239316,0.0033580024850080464,0.0031973814727640493,0.0030447028431024245,0.0028995557685292175,0.002761552018992426,0.002630324611674631,0.0025055265507742536,0.0023868296500764857,0.002273923432216031,0.0021665140992381676,0.002064323568996454,0.0019670885727284676,0.0018745598094817226,0.0017865011532676653,0.001702688909501461,0.0016229111170714475,0.0015469668929575485,0.0014746658167115005,0.0014058273519057772,0.0013402803021883222,0.0012778622996705291,0.0012184193234389892,0.0011618052464290839,0.0011078814086469095,0.0010565162150893703,0.0010075847569347464,0.0009609684543871351,0.0009165547199154397,0.0008742366405423349,0.0008339126781427182,0.0007954863865188878,0.0007588661442645833,0.0007239649025455059,0.0006906999468066725,0.0006589926716307187,0.0006287683679485501,0.0005999560218585744,0.0005724881244446364,0.0005463004918699627,0.0005213320951667974,0.0002487624496128795
0.05127435674473979,0.0902604931709956,0.08199463633168413,0.0752532614718211,0.06948517114017716,0.06442712787535676,0.05992364888790225,0.05587166775931385,0.052197711866139196,0.048846705215159325,0.04577581178963486,0.042950763806632763,0.04034353319314976,0.03793078188973542,0.03569278948731747,0.033612686907300904,0.03167589378001079,0.029869695742326452,0.02818292047979798,0.02660568510406136,0.025129196129221154,0.023745588943570928,0.022447797412725456,0.021229446806726393,0.02008476501973472,0.01900850830122147,0.017995898626330553,0.01704257049140434,0.016144525413327893,0.015298092773940675,0.01449989593299067,0.013746822747587373,0.013035999798581777,0.012364769756711552,0.011730671422442801,0.011131422054281193,0.01056490166766913,0.010029139035691692,0.009522299167713855,0.009042672077556602,0.008588662679264447,0.008158781673797882,0.007751637308838821,0.007365927911756082,0.007000435107326314,0.006654017644904114,0.006325605770096304,0.006014196082723258,0.005718846831189325,0.005438673599142019,0.005172845345332688,0.00492058076298009,0.004681144927505543,0.004453846205831599,0.004238033403686947,0.004033093128935392,0.0038384473519687823,0.003653551146037312,0.0034778905918022296,0.003310980832775298,0.003152364268558562,0.0030016088747132907,0.0028583066393398707,0.002722072106750663,0.002592541019965866,0.0024693690542300223,0.0023522306349309102,0.0022408178331681794,0.002134839333253369,0.0020340194670822806,0.0019380973102579718,0.0018468258355943193,0.0017599711199416737,0.001677311600468398,0.0015986373771698925,0.0015237495581758125,0.001452459644966226,0.0013845889549766385,0.0013199680788781587,0.0012584363703168622,0.0011998414659807367,0.0011440388339220321,0.0010908913484825727,0.0010402688899333948,0.0009920479672809526,0.0009461113629010941,0.0009023477974843055,0.000860651614111245,0.0008209224801973038,0.0007830651063304543,0.0007469889808460507,0.0007126081192119719,0.0006798408274059937,0.0006486094783570828,0.0006188403007228744,0.0005904631792543018,0.0005634114660497055,0.0005376218021265165,0.0005130339486324881,0.0004895906271522015,0.00023361868432187228
0.04815433783451484,0.08477017797904329,0.07700842276530073,0.07067807159699435,0.06526158608755495,0.060511802880428345,0.05628273361339531,0.05247760560312398,0.049027432834863105,0.04588050252310427,0.04299659440199455,0.04034353319314976,0.037895002272396505,0.03562908860679592,0.03352727587739779,0.03157372495710287,0.02975474564810565,0.028058399794318678,0.02647419710831478,0.024992857977312766,0.023606125656002785,0.022306615542748154,0.021087692747054465,0.01994337155657061,0.01886823207949284,0.017857350512180736,0.016906240335074763,0.016010802358111087,0.015167281999416915,0.014372232521515316,0.013622483214262238,0.012915111715120164,0.01224741980992422,0.011616912181619199,0.01102127766936517,0.010458372676313887,0.009926206427591067,0.009422927826122252,0.008946813696101175,0.008496258237217003,0.008069763537584873,0.007665931017061811,0.007283453690333452,0.0069211091559252536,0.006577753228133948,0.006252314141172888,0.0059437872645559525,0.005651230275058178,0.005373758738423121,0.00511054205939207,0.004860799763356377,0.004623798077993152,0.004398846785655011,0.004185296321343818,0.0039825350941508075,0.0037899870115243872,0.0036071091885626905,0.0034333898262528945,0.003268346243900322,0.0031115230532286417,0.002962490461863032,0.0028208426957077593,0.002686196530907063,0.00255818992635818,0.002436480749011795,0.002320745584635117,0.0022106786278228707,0.0021059906449167956,0.002006408004464076,0.0019116717704654451,0.001821536853603714,0.0017357712163498032,0.0016541551281358882,0.0015764804669653257,0.001502550064428676,0.0014321770909055745,0.0013651844782399808,0.0013014043775225713,0.0012406776494324236,0.0011828533850572129,0.0011277884551907508,0.0010753470861620575,0.0010254004606445322,0.0009778263416719835,0.0009325087184081406,0.0008893374724127621,0.0008482080629803428,0.0008090212304425748,0.0007716827162503274,0.0007361029989190228,0.0007021970447515565,0.0006698840724687523,0.0006390873309792995,0.0006097338894173725,0.0005817544387646881,0.0005550831043536972,0.0005296572685967241,0.0005054174034042173,0.00048230691165527736,0.0004602719772094834,0.00021963071151165012
0.04526746963407402,0.07969002820825599,0.07239464140111007,0.06644455371469538,0.06135336392697632,0.05688877846889473,0.05291359204721946,0.04933685415953759,0.04609372924261124,0.04313561573233915,0.04042471313155849,0.03793078188973542,0.03562908860679592,0.03349903851312008,0.03152322917161332,0.029686774246886816,0.027976807027237927,0.02638210741756064,0.024892816068614376,0.023500211455484254,0.02219653337142391,0.02097484127384225,0.01982889921929254,0.01875308138028864,0.017742293704050227,0.01679190837658895,0.01589770855749223,0.015055841431677264,0.014262778059149717,0.013515278823753973,0.01281036353096443,0.012145285394020405,0.0115175082910898,0.010924686792982308,0.010364648550144046,0.009835378699002195,0.009335006007155894,0.00886179052023911,0.008414112512903693,0.007990462577685514,0.00758943270884882,0.007209708260614761,0.006850060675815672,0.006509340896779264,0.006186473380433058,0.005880450651178759,0.00559032833423255,0.005315220618058544,0.005054296101885403,0.004806773989374097,0.004571920593947371,0.004349046126046779,0.004137501734845797,0.0039366767807657715,0.0037459963180080103,0.003564918767705469,0.0033929337649635793,0.0032295601646795263,0.003074344192271629,0.002926857727554258,0.0027866967102090426,0.0026534796569960273,0.0025268462819538554,0.0024064562111016236,0.0022919877843452854,0.0021831369377043122,0.0020796161600186366,0.0019811535181778334,0.0018874917458258922,0.0017983873910788692,0.0017136100187351774,0.0016329414631227473,0.0015561751280021262,0.0014831153301134506,0.0014135766835193138,0.001347383521717007,0.0012843693549707859,0.0012243763606405098,0.0011672549041122117,0.001112863088374702,0.001061066330361956,0.0010117369622320224,0.0009647538561249683,0.0009200020707327942,0.0008773725183156209,0.0008367616509830401,0.0007980711649019194,0.0007612077213889935,0.0007260826837747012,0.0006926118691778105,0.0006607153141699133,0.0006303170535122138,0.0006013449112428192,0.0005737303032950555,0.00054740805100475,0.0005223162048453873,0.0004983958777753858,0.0004755910876929146,0.0004538486083997626,0.0004331178285938639,0.00020667530924009091
0.04259008845859624,0.07497841981011,0.06811550121153531,0.06251804117861859,0.057728510060350624,0.05352840215373478,0.04978865617274786,0.046423720166667515,0.043372607030956134,0.0405896000464947,0.03803914242061557,0.03569278948731747,0.03352727587739779,0.03152322917161332,0.029664279774116897,0.02793642482290204,0.026327561183501103,0.0248271345846785,0.02342587071820451,0.022115565551192207,0.020888919298578612,0.019739403178872128,0.01866115118050643,0.01764887118820252,0.01669777129298977,0.015803498147361206,0.014962084981373913,0.014169907441949514,0.01342364582657607,0.01272025258358045,0.012056924185407825,0.011431076659381284,0.010840324195264178,0.010282460358867096,0.009755441524844699,0.009257372208932968,0.008786492035779803,0.008341164119274519,0.007919864669554744,0.007521173670325371,0.007143766492068687,0.0067864063277132125,0.006447937352975858,0.0061272785284193915,0.005823417969846492,0.005535407824528243,0.005262359599364372,0.005003439892655059,0.004757866488086002,0.004524904774309002,0.004303864457675208,0.0040940965401539825,0.003894990536597212,0.0037059719091001447,0.003526499698907448,0.003356064337619577,0.0031941856219627335,0.0030404108379093048,0.002894313021104121,0.0027554893425307536,0.0026235596085546417,0.0024981648660720585,0.0023789661045336627,0.002265643046859854,0.002157893022383589,0.002055429915345651,0.0019579831834494604,0.001865296940870613,0.0017771291009747586,0.0016932505745460916,0.0016134445192744692,0.001537505636874631,0.001465239514468985,0.0013964620070247638,0.0013309986581666496,0.0012686841565179713,0.0012093618251725578,0.0011528831422057129,0.0010991072899719408,0.0010479007313497907,0.0009991368111650044,0.0009526953810714694,0.0009084624465190462,0.0008663298342400372,0.0008261948789697361,0.0007879601282900581,0.0007515330643370639,0.0007168258413923906,0.0006837550383113032,0.0006522414249778632,0.0006222097418269248,0.0005935884916638424,0.000566309743103028,0.0005403089448544635,0.0005155247502540948,0.0004918988514164228,0.0004693758224298683,0.00044790297112047746,0.00042743019882076315,0.00040790986769186945,0.00019464833760659541
0.04010195283033757,0.07059974815296388,0.06413867615156876,0.05886888040333016,0.05435965646324625,0.05040530926273523,0.04688434429906285,0.04371622553600041,0.040843541556950136,0.03822325601642851,0.035821896798669206,0.033612686907300904,0.03157372495710287,0.029686774246886816,0.02793642482290204,0.026309494685295642,0.024794590164516572,0.02338177563024385,0.022062320358720522,0.020828501140873867,0.01967344599063925,0.018591008714314183,0.017575667024007424,0.01662243887588305,0.015726813101722414,0.01488469137929943,0.014092339297176015,0.013346344783926545,0.012643582556776,0.011981183527947747,0.01135650832756116,0.010767124269503908,0.010210785213658508,0.009685413881326072,0.009189086259682427,0.008720017794267398,0.008276551121133041,0.00785714512864194,0.007460365173990291,0.0070848743072622344,0.0067294253764790535,0.006392853906862561,0.0060740716622638136,0.0057720608106641424,0.005485868624675275,0.005214602658201159,0.0049574263485215875,0.004713554998311734,0.0044822520986275705,0.0042628259583879224,0.00405462660981272,0.003857042963492263,0.0036695001887623035,0.0034914572984412473,0.003322404919526137,0.003161863232671855,0.003009380065640506,0.002864529127341857,0.0027269083701851812,0.0025961384703261925,0.0024718614155832194,0.002353739192294965,0.00224145256337268,0.0021346999300309796,0.002033196270736712,0.0019366721512802318,0.0018448728007984805,0.0017575572484740745,0.0016744975164422402,0.0015954778649542103,0.0015202940857946233,0.0014487528405389694,0.0013806710404803448,0.0013158752652043387,0.0012542012172905709,0.001195493210460797,0.0011396036889161354,0.0010863927758950759,0.0010357278493315324,0.0009874831428812701,0.0009415393706519309,0.0008977833740166294,0.00085610778922093,0.0008164107343067856,0.0007785955141440416,0.0007425703425240331,0.000708248080129566,0.000675545987458892,0.0006443854917177558,0.0006146919669175292,0.0005863945262753398,0.0005594258261921829,0.0005337218811700024,0.0005092218889419312,0.00048586806524712235,0.00046360548766481366,0.00044238194796220043,0.0004221478125095261,0.00040285589023208307,0.0003844613076738517,0.00018346069540473497
0.03778556824432722,0.06652324032490564,0.06043622685204997,0.05547144172257834,0.05122314879821466,0.047497576890157434,0.04418027449772388,0.0411953742888862,0.03848879301905628,0.03601998917625526,0.03375743101771789,0.03167589378001079,0.02975474564810565,0.027976807027237927,0.026327561183501103,0.024794590164516572,0.023367160662953024,0.022035912874462382,0.020792622041011177,0.019630012503556227,0.0185416104721845,0.017521625868127277,0.016564856344871592,0.015666608477445387,0.014822632416317372,0.014029067222687541,0.013282394770893657,0.012579400588239364,0.011917140365207524,0.011292911135911327,0.010704226336387901,0.010148794106218662,0.009624498318545477,0.009129381921022556,0.008661632244654383,0.008219567996972876,0.00780162770558418,0.007406359414250885,0.007032411466730615,0.0066785242397123246,0.006343522705651333,0.006026309724916176,0.005725859980534931,0.005441214481979678,0.005171475572919262,0.004915802387516308,0.004673406707472613,0.004443549176973274,0.004225535838821598,0.004018714959293332,0.0038224741129426892,0.003636237502560799,0.003459463491372994,0.0032916423277458695,0.003132294045068429,0.002980966520627931,0.002837233679526839,0.0027006938310378467,0.0025709681258291595,0.002447699124249046,0.0023305494660356765,0.002219200633231916,0.0021133517990068393,0.0020127187553041492,0.0019170329132321418,0.001826040370452163,0.0017395010406963743,0.001657187840443601,0.00157888592854517,0.001504391995078274,0.0014335135956566082,0.0013660685279822705,0.0013018842476522213,0.0012407973203731708,0.0011826529082099163,0.0011273042873421943,0.0010746123952037542,0.0010244454051493088,0.000976678326651697,0.0009311926293980033,0.0008878758897163143,0.0008466214578070931,0.000807328144563843,0.0007698999265920142,0.0007342456682871892,0.0007002788599874289,0.000667917371082927,0.0006370832172140333,0.0006077023406288375,0.0005797044029825678,0.0005530225897270001,0.0005275934254079396,0.0005033565992687127,0.0004802548004759488,0.00045823356243203037,0.00043724111562274716,0.00041722824848635515,0.00039814817588329846,0.0003799564146670497,0.0003626106659553232,0.00017303535187976424
0.035625679849176306,0.0627220627919376,0.056983790466901496,0.052303376229367426,0.04829836054783643,0.044786088247603106,0.04165867364666209,0.03884460179639748,0.03629289212854159,0.03396532893103554,0.031832189368130925,0.029869695742326452,0.028058399794318678,0.02638210741756064,0.0248271345846785,0.02338177563024385,0.022035912874462382,0.020780723332602113,0.0196084539398797,0.018512246273189314,0.01748599776901255,0.016524250345265057,0.015622099929741229,0.01477512217170407,0.013979310845540882,0.013231026322935047,0.012526952120581414,0.011864057987253318,0.011239568335877415,0.010650935077853807,0.010095814112692142,0.009572044874853136,0.009077632452411888,0.008610731884036188,0.008169634310914553,0.007752754716358945,0.007358621032537066,0.006985864427854593,0.006633210619661767,0.006299472081586474,0.0059835410331321864,0.005684383116729044,0.00540103168050117,0.0051325825974107425,0.004878189559444274,0.004637059794597567,0.004408450161607166,0.004191663582037972,0.0039860457751261374,0.0037909822647698016,0.0036058956315508373,0.0034302429864129236,0.0032635136443963098,0.0031052269798338764,0.0029549304466669826,0.0028121977486316382,0.0026766271461612715,0.0025478398881271028,0.002425478757512596,0.00230920672177376,0.002198705678804619,0.002093675290759399,0.0019938318988519596,0.001898907512459691,0.0018086488667949305,0.0017228165437313744,0.001641184151195331,0.001563537556436255,0.0014896741692095455,0.001419402271363581,0.0013525403892764645,0.0012889167061113961,0.0012283685110754151,0.0011707416829985738,0.001115890205995125,0.0010636757148264515,0.001013967067961561,0.0009666399465874248,0.0009215764776857524,0.0008786648796389809,0.0008377991288868285,0.0007988786461950587,0.0007618080013910081,0.0007264966352544412,0.0006928585974901869,0.0006608122998539752,0.0006302802833787393,0.0006011889988821566,0.0005734685998800126,0.0005470527472287937,0.0005218784246945312,0.0004978857648050214,0.0004750178844180365,0.0004532207293608606,0.0004324429276363218,0.00041263565067546117,0.00039375248215246447,0.00037574929396531377,0.0003585841289111373,0.00034221708967859324,0.0001633051169173459
