0.06134155474835423,0.10004526822586968,0.08600098293110259,0.07512572437080145,0.06623483468456759,0.05876251743623806,0.05237398661146253,0.04684742742777792,0.04202511514630025,0.03778935087636803,0.03404918249695432,0.03073245224389365,0.027780730436320455,0.025145927494372056,0.022787937985997486,0.02067294880509085,0.018772191161447405,0.017060998744457434,0.015518082943964395,0.014124965620958885,0.01286552861339152,0.011725651319942493,0.010692915812654913,0.0097563644718682,0.008906298999644513,0.008134112408111016,0.0074321475625379885,0.006793577310744092,0.006212302312018136,0.005682863490599002,0.005200366660699576,0.004760417347706672,0.004359064201101576,0.003992749687805802,0.0036582669856344563,0.003352722181395637,0.0030735010277054622,0.0028182396320473105,0.0025847985508946833,0.002371239842542082,0.0021758066984674668,0.001996905328831844,0.0018330888238165602,0.0016830427515764981,0.0015455722856734348,0.0014195906829182758,0.001304108956075977,0.0011982266055537635,0.001101123291581102,0.0010120513430213335,0.0009303290115911245,0.0008553343913474641,0.0007864999325445307,0.0007233074873968202,0.0006652838324715249,0.0006119966185548498,0.0005630507044375802,0.0005180848358656929,0.00047676863506018394,0.0004387998700802944,0.00040390197640824757,0.0003718218061636138,0.0003423275829272602,0.00031520704236566183,0.000290265740925868,0.0002673255166447449,0.00024622308777719724,0.00022680877628814856,0.0002089453445976129,0.00019250693511746464,0.00017737810309384396,0.00016345293421641182,0.00015063423927782083,0.00013883281888832887,0.00012796679194427858,0.00011796098210392581,0.00010874635708948586,0.00010025951612623648,9.244222123408865e-5,8.524096850668012e-5,7.860659586155275e-5,7.249392405761371e-5,6.686142808846299e-5,6.167093629495671e-5,5.6887354796530953e-5,5.247841506008082e-5,4.841444260342959e-5,4.466814502403248e-5,4.121441769265198e-5,3.8030165610773345e-5,3.5094140048115736e-5,3.2386788707629613e-5,2.9890118275029392e-5,2.7587568302591325e-5,2.546389547482741e-5,2.3505067381878126e-5,2.1698165003303943e-5,2.0031293175803403e-5,1.8493498375219688e-5,1.707469320452146e-5,7.882793516171977e-6
0.10004526822586968,0.1631886246357821,0.14029235437860654,0.12256112668248065,0.10806423150435851,0.09587955888757071,0.08546148885179683,0.0764485151767682,0.06858358094152872,0.06167485999899114,0.05557411561828607,0.05016374027942461,0.04534849913652017,0.04105000864853714,0.03720289713024649,0.03375204764392059,0.030650564169156902,0.02785823673841281,0.02534036030359399,0.02306681035435937,0.021011308772744763,0.019150833222136787,0.01746513658245452,0.01593635197606813,0.014548665224095092,0.013288041038397813,0.012141992486895264,0.011099385635680997,0.010150273034063878,0.009285751031656991,0.008497836930172947,0.007779362750961666,0.007123883003750997,0.00652559431978314,0.0059792651889308684,0.005480174341607136,0.0050240565599520975,0.004607054897437568,0.004225678447829048,0.003876764936149746,0.0035574475121278037,0.0032651252175059237,0.002997436673702572,0.002752236599993005,0.0025275748246577565,0.002321677497279663,0.002132930248704791,0.00195986307722687,0.0018011367678902115,0.0016555306756471308,0.0015219317236972556,0.0013993244863971036,0.0012867822411884895,0.0011834588877390785,0.0010885816441994767,0.0010014444404561583,0.0009214019373872395,0.0008478641089508,0.0007802913307119221,0.0007181899247223344,0.0006611081157240472,0.0006086323585869809,0.0005603840010825149,0.000516016249697349,0.0004752114095817987,0.00043767837261687,0.000403150330292092,0.00037138269026994013,0.0003421511777046155,0.0003152501042564173,0.00029049078933259496,0.0002677001196297454,0.00024671923439339733,0.0002274023249863111,0.00020961553848860334,0.00019323597595674504,0.00017815077689063057,0.00016425628226001722,0.0001514572691011149,0.00013966625037853137,0.0001288028343759801,0.00011879313838896594,0.00010956925200217857,0.00010106874561704527,9.323422031274936e-5,8.601289548169281e-5,7.93562309709321e-5,7.321958077702783e-5,6.756187558486638e-5,6.234533170047622e-5,5.7535184119610235e-5,5.3099441687662384e-5,4.9008662485391756e-5,4.523574772608962e-5,4.1755752609553e-5,3.854571270585003e-5,3.558448456723634e-5,3.285259938220629e-5,3.0332128578367023e-5,2.800656038091042e-5,1.2930343209905618e-5
0.08600098293110259,0.14029235437860654,0.12061603498579654,0.10537752158179581,0.09291801358807517,0.0824452675355829,0.07349050614858688,0.06574313493784278,0.05898229734068661,0.053043179730043466,0.04779841812806074,0.043146963444113395,0.03900698791379742,0.03531114147163694,0.03200325314688368,0.029035962347963462,0.026368971544675213,0.02396772762955618,0.02180240718028187,0.019847122303877307,0.018079289916745567,0.016479124337248574,0.015029224420193887,0.013714234222944155,0.012520561601250813,0.011436142969525637,0.01045024523722951,0.00955329796563964,0.008736750303568575,0.007992948397216676,0.007315029840083226,0.0066968323975668265,0.00613281476014485,0.005617987489441062,0.005147852644842937,0.004718350837111418,0.004325814664760966,0.003966927656207819,0.0036386879796850152,0.0033383762960660784,0.0030635272223767107,0.002811903951860595,0.002581475640991572,0.002370397228526999,0.0021769913966079857,0.0019997324232008604,0.0018372317081056314,0.0016882247822842186,0.0015515596346041688,0.0014261862105739535,0.0013111469553355216,0.0012055682886959358,0.001108652912917188,0.001019672865791195,0.0009379632415888253,0.000862916511040087,0.0007939773793448485,0.0007306381279340995,0.0006724343915234035,0.0006189413274196049,0.0005697701383867455,0.0005245649146202944,0.0004829997639805971,0.00044477620273129966,0.0004096207819411536,0.0003772829271908107,0.00034753297155295983,0.0003201603636901829,0.0002949720347986545,0.00027179090973571997,0.0002504545490350091,0.00023081390984003042,0.0002127322149389453,0.00019608392009385581,0.00018075377083036186,0.0001666359406299299,0.00015363324326007292,0.00014165641266694097,0.0001306234444213663,0.00012045899329789483,0.00011109382205462624,0.00010246429691983163,9.451192572936602e-5,8.718293498774878e-5,8.042788248503307e-5,7.420130240906749e-5,6.846138014243329e-5,6.316965420500816e-5,5.829074301201835e-5,5.3792094340619724e-5,4.964375556277276e-5,4.58181628860666e-5,4.2289947997977686e-5,3.903576063894894e-5,3.603410576708357e-5,3.326519408694312e-5,3.071080482275833e-5,2.8354159715802182e-5,2.6179807305363708e-5,2.4173516638851167e-5,1.116108981541545e-5
0.07512572437080145,0.12256112668248065,0.10537752158179581,0.09206883470056315,0.08118671825811141,0.07203944275238316,0.06421770560769802,0.05745031712465365,0.05154443936324693,0.04635616623617289,0.04177428934514815,0.03771057605378236,0.03409357602765206,0.03086447954778948,0.027974237496327325,0.025381493238257335,0.023051057049565393,0.020952754825830977,0.019060542125827695,0.017351810803332146,0.015806838332676654,0.014408344796407124,0.013141132415507129,0.011991789278302217,0.010948443646238787,0.010000558564486645,0.009138758929870983,0.008354684943271351,0.0076408671957551855,0.006990619630062256,0.006397947379286395,0.005857467068430364,0.005364337617855916,0.004914199945975833,0.00450312425083893,0.004127563776189849,0.00378431415034651,0.0034704775322270814,0.003183430920213365,0.002920798078316522,0.002680424614985258,0.0024603558180712887,0.002258816905797996,0.0020741954013381234,0.0019050253778123694,0.0017499733548220625,0.0016078256563800478,0.0014774770641346573,0.0013579206210344273,0.001248238458461521,0.0011475935353052191,0.0010552221909937189,0.0009704274257965224,0.0008925728320192533,0.0008210771084974922,0.0007554090982763214,0.0006950832962096185,0.0006396557790806796,0.000588720515928419,0.0005419060209956028,0.0004988723155084675,0.0004593081682022805,0.000422928587652395,0.0003894725421721909,0.000358700885582805,0.0003303944693276509,0.0003043524234366754,0.00028039059048303935,0.00025834009832014903,0.00023804605879270985,0.0002193663808079463,0.00020217068731220086,0.00018633932672402608,0.0001717624702573168,0.00015833928741745698,0.00014597719263161665,0.00013459115666661706,0.00012410307708997674,0.00011444120252448444,0.00010553960596062064,9.733770281770016e-5,8.977980982718503e-5,8.281474119441233e-5,7.639543878205403e-5,7.047863337254052e-5,6.502453433527254e-5,5.999654524250055e-5,5.536100321512421e-5,5.108693996213557e-5,4.714586267243084e-5,4.351155306160453e-5,4.015988303699249e-5,3.706864557867582e-5,3.421739954758893e-5,3.1587327251985406e-5,2.9161103699335022e-5,2.6922776554941523e-5,2.4857655915478598e-5,2.295221307524627e-5,2.1193987538204882e-5,9.785750796875546e-6
0.06623483468456759,0.10806423150435851,0.09291801358807517,0.08118671825811141,0.0715939755791557,0.06353019388626113,0.05663467207069184,0.0506684212958346,0.04546150005054339,0.04088708773646288,0.036847178312752416,0.03326401289205971,0.030074621810493585,0.027227174822826883,0.02467844314128531,0.022391976951143533,0.02033676103846216,0.01848620024603842,0.016817338750038047,0.015310249049907021,0.01394754670276327,0.012713999931271702,0.011596211968978948,0.010582359978055705,0.00966197853566636,0.008825778637092968,0.008065495300328046,0.007373758420704285,0.006743982689209033,0.006170273262608619,0.0056473445434275515,0.005170449942305477,0.004735320894738604,0.004338113719972003,0.0039753631585708465,0.0036439416242865924,0.003341023366881829,0.003064052871218026,0.002810716924846711,0.002578919873387618,0.002366761654238936,0.002172518259239628,0.0019946243265411,0.0018316576040295282,0.0016823250611872897,0.0015454504565068881,0.0014199631929059965,0.0013048883147663698,0.0011993375189471127,0.001102501067878691,0.001013640506451901,0.0009320820963538423,0.0008572108914543103,0.0007884653869314438,0.0007253326825661932,0.0006673441072266202,0.0006140712575969879,0.0005651224093774464,0.00052013926365857,0.00047879399534584213,0.0004407865738510538,0.0004058423295330363,0.0003737097421419658,0.0003441584299021111,0.0003169773201097074,0.0002919729840333866,0.00026896812069534745,0.0002478001755547238,0.00022832008156477117,0.00021039111131444885,0.00019388783001586356,0.00017869514012074138,0.00016470740923563588,0.00015182767378338563,0.0001399669116071314,0.0001290433773107791,0.00011898199474021142,0.00010971380154030071,0.0001011754411588601,9.330869812179936e-5,8.60600727797423e-5,7.938039206364066e-5,7.322445312440734e-5,6.755069698461801e-5,6.232090960711905e-5,5.7499948022224226e-5,5.305548934733304e-5,4.895780074219019e-5,4.517952850381407e-5,4.169550467713701e-5,3.8482569684186816e-5,3.5519409616367324e-5,3.278640695292116e-5,3.026550356867658e-5,2.7940075000114036e-5,2.5794815023269784e-5,2.3815629680099025e-5,2.1989539966556693e-5,2.0304592457034184e-5,1.8749777206169193e-5,8.65747616314927e-6
0.05876251743623806,0.09587955888757071,0.0824452675355829,0.07203944275238316,0.06353019388626113,0.056376933459085565,0.05025979059063457,0.04496682856007561,0.0403473413710822,0.03628886222182792,0.03270447669368004,0.02952522525285073,0.026695263230275268,0.02416862423886529,0.021906969564481293,0.019877972032922686,0.018054123858817883,0.016411836979239813,0.014930750733538278,0.013593190039842884,0.012383735077485525,0.01128887509962384,0.01029672674641946,0.009396802524098247,0.008579818805365874,0.007837535324329015,0.007162620033757006,0.00654853457928406,0.005989436678319804,0.005480096466874612,0.005015824471574198,0.00459240932034663,0.004206063659508499,0.0038533770249748744,0.0035312746359046493,0.0032369812556312244,0.0029679894075356136,0.0027220313475868757,0.002497054290098298,0.002291198460432506,0.0021027776115749297,0.001930261694766816,0.0017722614184019908,0.0016275144667088973,0.0014948731803719993,0.00137329352804837,0.001261825220200262,0.0011596028354394494,0.001065837846186024,0.0009798114444148423,0.0009008680803295165,0.0008284096373895877,0.0007618901759402566,0.0007008111857506969,0.0006447172946312495,0.00059319238614426,0.0005458560847743203,0.0005023605715088111,0.00046238769675110286,0.00042564636118740465,0.0003918701381916013,0.0003608151142484445,0.0003322579263334829,0.00030599397729915833,0.00028183581230484776,0.0002596116410229117,0.00023916399194120423,0.0002203484863623163,0.00020303272098593384,0.00018709524905971553,0.0001724246510159586,0.00015891868641750408,0.00014648351982277617,0.00013503301386956577,0.0001244880835414722,0.00011477610611087359,0.00010583038179372154,9.758964062238362e-5,8.999759142940163e-5,8.300250923710733e-5,7.655685768153688e-5,7.06169433982533e-5,6.514259959714821e-5,6.009689627767376e-5,5.544587478157237e-5,5.1158304590284134e-5,4.720546044466561e-5,4.3560918050439485e-5,4.02003667754633e-5,3.7101437897540815e-5,3.424354707396446e-5,3.160774982976285e-5,2.9176608966779136e-5,2.693407288446414e-5,2.4865363897262312e-5,2.2956875708447138e-5,2.1196079273990602e-5,1.9571436358091932e-5,1.807232013642621e-5,1.6688942262104388e-5,7.706142930074145e-6
0.05237398661146253,0.08546148885179683,0.07349050614858688,0.06421770560769802,0.05663467207069184,0.05025979059063457,0.044808084739186294,0.04009073722203638,0.03597348128843059,0.03235611740994215,0.02916121055774412,0.026327321597721887,0.023804695341453963,0.021552377104982645,0.019536207671296324,0.01772738350478753,0.016101394687613624,0.014637223426964885,0.01331672728353911,0.012124156474285525,0.011045770512933512,0.010069529799656418,0.009184844672165682,0.008382369147793223,0.007653829873636414,0.00699188313389118,0.0063899944514412,0.005842336556212788,0.00534370241322582,0.0048894306940885646,0.004475341604917651,0.004097681390084873,0.003753074146772714,0.0034384798347569523,0.003151157562345297,0.00288863338666924,0.0026486719937448625,0.0024292517253336893,0.002228542504108172,0.0020448862773836674,0.001876779655968143,0.0017228584721359075,0.0015818840199399511,0.0014527307743214639,0.0013343754127618408,0.0012258869870991895,0.0011264181131439045,0.001035197062452229,0.0009515206554113927,0.000874747867234852,0.0008042940692157899,0.0007396258370173502,0.0006802562656379619,0.0006257407378682713,0.0005756730991706097,0.0005296821971186444,0.00048742874830206596,0.00044860249968567065,0.0004129196549504631,0.0003801205396394766,0.00034996748157091907,0.0003222428855614362,0.00029674748369216877,0.0002732987442311064,0.00025172942409659727,0.00023188625125652226,0.00021362872487288263,0.0001968280221416466,0.00018136600192375637,0.00016713429624247737,0.00015403348155238698,0.0001419723224929197,0.00013086708154003666,0.0001206408885842062,0.00011122316505484927,0.00010254909768357256,9.455915748104505e-5,8.719865992202428e-5,8.041736267756566e-5,7.416909759176845e-5,6.841143389764242e-5,6.310536993326429e-5,5.8215050886314176e-5,5.370751029501182e-5,4.9552433252420935e-5,4.5721939448333773e-5,4.2190384334880654e-5,3.8934176867594264e-5,3.593161240082797e-5,3.316271945248803e-5,3.060911915326778e-5,2.825389630770308e-5,2.6081481088124697e-5,2.4077540461662193e-5,2.222887853428455e-5,2.052334506267721e-5,1.8949751450501634e-5,1.7497793606233625e-5,1.6157981088305365e-5,1.4921572015822663e-5,6.890256634216899e-6
0.04684742742777792,0.0764485151767682,0.06574313493784278,0.05745031712465365,0.0506684212958346,0.04496682856007561,0.04009073722203638,0.035871322405721995,0.0321885331945545,0.028952778258187095,0.026094820001466568,0.023559722730753185,0.021302997343168262,0.01928802325567036,0.01748425571848461,0.015865938520441825,0.014411154413998484,0.013101108514590731,0.01191957685693204,0.01085247482489718,0.009887514397276198,0.009013928403726834,0.008222246155397822,0.0075041090323920145,0.006852117549591086,0.006259703507428216,0.0057210223433645235,0.0052308619044138804,0.004784564683989856,0.004377961183990184,0.00400731253620859,0.0036692608805303506,0.003360786279515443,0.0030791691719855366,0.002821957543921637,0.0025869381355843046,0.0023721111175098453,0.0021756677588820814,0.0019959706873032904,0.0018315364004599377,0.0016810197405027413,0.0015432000843870267,0.0014169690384733293,0.001301319455409379,0.0011953356157090277,0.0010981844377909306,0.001009107598131602,0.0009274144581390559,0.0008524757075807146,0.000783717645525317,0.0007206170293689064,0.0006626964309466715,0.0006095200457588729,0.0005606899077570237,0.0005158424676033665,0.0004746454969713522,0.00043679528571732677,0.0004020141024055311,0.00037004789183170926,0.00034066418613730616,0.00031365020846583005,0.000288811150420544,0.0002659686065404473,0.00024495915069313364,0.0002256330408670782,0.0002078530401956975,0.00019149334331110181,0.00017643859814469838,0.00016258301431678864,0.00014982955013291685,0.00013808917094701488,0.00012728017237357767,0.00011732756245772403,0.00010816249746153223,9.972176645455227e-5,9.194732031849373e-5,8.478584120775361e-5,7.81883488827123e-5,7.210984064081878e-5,6.650896189099031e-5,6.134770468268678e-5,5.659113173941597e-5,5.220712378522759e-5,4.8166148131508456e-5,4.444104668726136e-5,4.100684172356293e-5,3.784055785873081e-5,3.492105887891101e-5,3.222889812250511e-5,2.9746181278611354e-5,2.745644053927295e-5,2.5344519145668355e-5,2.3396465452239865e-5,2.1599435703506444e-5,1.9941604793303374e-5,1.841208433596837e-5,1.7000847437815972e-5,1.569865961151295e-5,1.4497015319374276e-5,1.3388079678623699e-5,6.182317451102639e-6
0.04202511514630025,0.06858358094152872,0.05898229734068661,0.05154443936324693,0.04546150005054339,0.0403473413710822,0.03597348128843059,0.0321885331945545,0.02888484591114915,0.02598208115647005,0.023418151647744523,0.02114379445781095,0.019119113996847514,0.017311270292701963,0.015692871521131857,0.014240819716305253,0.012935459310060238,0.011759934575190978,0.010699695161395628,0.009742109118785564,0.008876155559948917,0.00809217740782292,0.007381680209346209,0.006737166776823539,0.006152000054614096,0.005620288478388705,0.005136789447446902,0.004696827521036118,0.004296224687516226,0.003931240609027387,0.0035985211685988783,0.0032950539724528466,0.003018129713243098,0.0027653084999358993,0.002534390417569629,0.002323389706204569,0.002130512050358205,0.001954134551676902,0.001792788025313033,0.0016451413155940328,0.0015099873716910225,0.0013862308620361807,0.0012728771376673796,0.001169022381328353,0.0010738448010240847,0.0009865967458722938,0.0009065976381341448,0.0008332276287127474,0.0007659218952684645,0.0007041655120759889,0.0006474888293648128,0.000595463307445308,0.0005476977572223211,0.0005038349444530781,0.000463548520008154,0.0004265402425675507,0.00039253746400624064,0.00036129085099793554,0.0003325723192021844,0.00030617315904227314,0.0002819023341970629,0.00025958493599921324,0.00023906077868783657,0.00022018312197154277,0.00020281750877819242,0.00018684070727815463,0.00017213974740278503,0.00015861104299377989,0.00014615959163831287,0.00013469824503012503,0.00012414704336235214,0.00011443260790562496,0.0001054875864868912,9.725014707730466e-5,8.966351517241278e-5,8.267555102643904e-5,7.623836318959489e-5,7.03079551340139e-5,6.484390203012917e-5,5.9809055022882595e-5,5.516927059554346e-5,5.0893162822763073e-5,4.695187652873018e-5,4.3318879526579586e-5,3.9969772290944245e-5,3.688211356582083e-5,3.403526053173678e-5,3.141022228916196e-5,2.898952551711137e-5,2.6757091275117647e-5,2.4698121997147112e-5,2.2798997816056703e-5,2.104718143244329e-5,1.9431130805190936e-5,1.7940219008328272e-5,1.6564660652436728e-5,1.529544432162536e-5,1.4124270525798393e-5,1.3043494706872056e-5,1.2046074879807852e-5,5.562761762853763e-6
0.03778935087636803,0.06167485999899114,0.053043179730043466,0.04635616623617289,0.04088708773646288,0.03628886222182792,0.03235611740994215,0.028952778258187095,0.02598208115647005,0.023371812502310074,0.021066163430918883,0.019020852108526387,0.017200016425884312,0.015574136141349004,0.0141185880352524,0.012812608401227388,0.011638527731200637,0.010581193170179165,0.009627524080967786,0.00876616422135243,0.007987205502065164,0.007281965750899427,0.006642807881380441,0.006062991263772452,0.005536548465245622,0.005058182206513162,0.004623178598583633,0.004227333613518666,0.0038668904063249715,0.00353848560288772,0.003239103050200698,0.002966033817996379,0.00271684146826192,0.002489331788859142,0.0022815263290535334,0.002091639188071523,0.0019180565994687399,0.0017593189273015994,0.0016141047509595774,0.001481216765053802,0.0013595692613112727,0.0012481769936149127,0.0011461452555775707,0.0010526610239906843,0.0009669850411447994,0.0008884447262234099,0.000816427820390056,0.000750376682236575,0.000689783160920613,0.0006341839832865858,0.0005831565990089115,0.0005363154345915267,0.0004933085127198089,0.0004538143986334998,0.0004175394395952523,0.0003842152672801878,0.00035359653634742163,0.0003254588753977489,0.0002995970290708824,0.0002758231724108726,0.0002539653805297736,0.0002338662384597616,0.0002153815776619961,0.00019837932701577323,0.00018273846738838667,0.0001683480799741211,0.0001551064796111068,0.00014292042510614987,0.00013170439942410041,0.00012137995330427928,0.00011187510646469079,0.000103123801137181,9.506540318181202e-5,8.764424647181432e-5,8.080921666746201e-5,7.451337083749332e-5,6.871358973478876e-5,6.337025983571445e-5,5.844698250083544e-5,5.391030787329815e-5,4.972949134549997e-5,4.587627061694219e-5,4.232466155880594e-5,3.905077124489488e-5,3.603262666662015e-5,3.3250017784844745e-5,3.068435368092147e-5,2.831853068883711e-5,2.6136811482085584e-5,2.4124714187145067e-5,2.226891066770426e-5,2.0557133204761877e-5,1.8978088865402782e-5,1.752138091010581e-5,1.6177436648987615e-5,1.4937441205611728e-5,1.379327669446043e-5,1.273746636197982e-5,1.1763123276123388e-5,1.0863903187282486e-5,5.016980608112839e-6
0.03404918249695432,0.05557411561828607,0.04779841812806074,0.04177428934514815,0.036847178312752416,0.03270447669368004,0.02916121055774412,0.026094820001466568,0.023418151647744523,0.021066163430918883,0.01898858840323092,0.01714554155406728,0.015504721179679992,0.014039537446450867,0.012727811085737506,0.011550838961635557,0.010492704792160606,0.009539758986042784,0.008680218364969239,0.00790385289944534,0.007201736913314827,0.006566048928293627,0.005989908798899352,0.005467243849844594,0.004992677861653361,0.004561438263798373,0.004169277990147671,0.0038124092533045745,0.00348744709176739,0.0031913609921512126,0.0029214332321711375,0.0026752228538328565,0.0024505343810644065,0.0022453905578922184,0.002058008510782007,0.0018867788408158392,0.001730247233931767,0.001587098243383607,0.0014561409533950659,0.0013362962775965506,0.0012265856823551607,0.001126121155901088,0.0010340962695931898,0.0009497781992388009,0.0008725005920844457,0.0008016571805890584,0.0007366960570759484,0.0006771145342104982,0.0006224545258508487,0.0005722983908938752,0.0005262651897134981,0.0004840073089082825,0.0004452074151744985,0.00040957570377927674,0.00037684741107675904,0.0003467805638880071,0.00031915394165971545,0.00029376522996759323,0.00027042934622607644,0.0002489769206055221,0.00022925291687036012,0.00021111537952714886,0.00019443429509295425,0.00017909055651486655,0.00016497502092187267,0.0001519876518699748,0.0001400367381607314,0.00012903818205303513,0.00011891485043250037,0.00010959598313866952,0.00010101665318914925,9.311727416435114e-5,8.584315047161927e-5,7.91440666065824e-5,7.297391191429369e-5,6.729033765916757e-5,6.205444352637402e-5,5.7230490950027505e-5,5.2785640887175866e-5,4.868971388958111e-5,4.491497051837287e-5,4.143591031987486e-5,3.822908775448985e-5,3.527294360033484e-5,3.254765049572593e-5,3.003497140637685e-5,2.771812990183672e-5,2.5581691233461635e-5,2.3611453288826926e-5,2.1794346586049087e-5,2.0118342536583312e-5,1.8572369278048906e-5,1.7146234439626025e-5,1.583055425397067e-5,1.4616688484167582e-5,1.3496680677699312e-5,1.2463203302187604e-5,1.1509507357156519e-5,1.0629376087612532e-5,9.817082459463104e-6,4.533675043146861e-6
0.03073245224389365,0.05016374027942461,0.043146963444113395,0.03771057605378236,0.03326401289205971,0.02952522525285073,0.026327321597721887,0.023559722730753185,0.02114379445781095,0.019020852108526387,0.01714554155406728,0.015481875535951706,0.0140007086616456,0.012678048948135678,0.011493883757135115,0.010431336733847607,0.009476045929413618,0.00861569450310451,0.007839649587263492,0.007138679657108543,0.006504730064780528,0.005930742456709465,0.005410507834480327,0.004938545781720913,0.004510004304603521,0.004120576099096121,0.003766428046470399,0.003444141461965325,0.003150661160433138,0.0028832518072671176,0.0026394603327786897,0.0024170834261438012,0.002214139309794916,0.0020288431411739916,0.0018595855038047032,0.0017049135417116154,0.0015635143656928079,0.0014342004194344733,0.0013158965429094574,0.0012076285107522101,0.0011085128562508297,0.0010177478193773258,0.0009346052802283039,0.0008584235587093918,0.0007886009772669379,0.0007245900974489922,0.0006658925527925925,0.0006120544103227158,0.0005626620016098011,0.0005173381716177851,0.0004757388998666498,0.00043755025395527704,0.00040248564009021624,0.00037028331946912206,0.0003407041629477662,0.00031352961946673995,0.0002885598765058955,0.00026561219322600565,0.0002445193890284886,0.00022512847219436066,0.00020729939480839538,0.00019090392168622872,0.00017582460230466642,0.00016195383583655258,0.00014919302042946947,0.0001374517787515856,0.0001266472526573804,0.0001167034604933428,0.00010755071123553931,9.912507022481558e-5,9.136787175148672e-5,8.42252742148488e-5,7.764785399345985e-5,7.159023452225346e-5,6.601074741973442e-5,6.087112278502834e-5,5.6136206067600516e-5,5.177369915858191e-5,4.7753923554421404e-5,4.404960365391093e-5,4.0635668423852204e-5,3.7489069824977106e-5,3.4588616546418196e-5,3.19148217141445e-5,2.9449763367336542e-5,2.717695660657928e-5,2.508123640678221e-5,2.3148650185026765e-5,2.1366359288101642e-5,1.972254864443854e-5,1.8206343883902848e-5,1.6807735294796e-5,1.551750804247657e-5,1.4327178120407706e-5,1.3228933553709004e-5,1.221558041451993e-5,1.1280493247104145e-5,1.0417569536279471e-5,9.621187881233542e-6,8.88616956769056e-6,4.10387162901511e-6
0.027780730436320455,0.04534849913652017,0.03900698791379742,0.03409357602765206,0.030074621810493585,0.026695263230275268,0.023804695341453963,0.021302997343168262,0.019119113996847514,0.017200016425884312,0.015504721179679992,0.0140007086616456,0.012661641546123648,0.011465839103077274,0.010395216327157841,0.009434522160429282,0.008570777575039462,0.007792851525214722,0.007091134633448293,0.006457283812161624,0.00588401944123175,0.005364962197312598,0.004894500282414227,0.004467680295243123,0.004080116728280736,0.003727916307466689,0.0034076142844318286,0.003116120444867289,0.0028506730835806612,0.0026087995622588317,0.0023882823459458816,0.002187129629249808,0.0020035498302295868,0.0018359293618698397,0.001682813194997336,0.0015428878096822758,0.0014149661994640045,0.0012979746464834956,0.001190941030289265,0.0010929844694512018,0.0010033061248860276,0.0009211810188994932,0.0008459507446865779,0.0007770169586157113,0.0007138355620515367,0.0006559114921014745,0.0006027940512560812,0.0005540727147369928,0.0005093733621925958,0.00046835488696356925,0.0004307061418258023,0.0003961431851072757,0.00036440679523151633,0.00033526022553818056,0.00030848717446609053,0.00028388994893743195,0.0002612878013044202,0.00024051542238075468,0.00022142157495160658,0.0002038678539003731,0.00018772756048601649,0.00017288467967108362,0.00015923295055931836,0.0001466750209967397,0.0001351216783279808,0.00012449114909855253,0.00011470846124322096,0.00010570486290369368,9.741729262598728e-5,8.978789620641987e-5,8.276358589443368e-5,7.629563808838279e-5,7.03393260314785e-5,6.485358434055459e-5,5.980070251410054e-5,5.514604481588587e-5,5.085779418635564e-5,4.6906718056403496e-5,4.32659541205095e-5,3.9910814316319876e-5,3.6818605415245916e-5,3.396846476993597e-5,3.134120990614449e-5,2.8919200752345925e-5,2.6686213416666224e-5,2.4627324520067712e-5,2.2728805175170695e-5,2.0978023788073726e-5,1.936335692791593e-5,1.7874107581219946e-5,1.650043016114311e-5,1.5233261701353643e-5,1.4064258714017162e-5,1.2985739233324753e-5,1.1990629610543957e-5,1.1072415662039963e-5,1.0225097806634663e-5,9.44314986091381e-6,8.721481186831483e-6,8.05540191391288e-6,3.7202954912204797e-6
0.025145927494372056,0.04105000864853714,0.03531114147163694,0.03086447954778948,0.027227174822826883,0.02416862423886529,0.021552377104982645,0.01928802325567036,0.017311270292701963,0.015574136141349004,0.014039537446450867,0.012678048948135678,0.011465839103077274,0.010383289657838413,0.009414035779779256,0.008544276808464063,0.007762267839947545,0.007057936054402886,0.006422585472673326,0.005848665894254104,0.00532958938689268,0.004859582652290431,0.004433566896311636,0.004047059090517571,0.003696090085719833,0.0033771361546566375,0.003087061348948414,0.002823068646892281,0.0025826583092534716,0.0023635921908792337,0.0021638630092876768,0.0019816677659149004,0.0018153846667432333,0.0016635530084220806,0.0015248555900397275,0.0013981032859704014,0.0012822214761073376,0.0011762380784159608,0.0010792729691700524,0.0009905286091366136,0.0009092817209090942,0.0008348758852983092,0.0007667149434517628,0.0007042571072813364,0.0006470096938333333,0.0005945244106622897,0.0005463931288466808,0.0005022440882855774,0.00046173848699637005,0.0004245674120885983,0.00039044907523270046,0.00035912631995651135,0.00033036437186228194,0.0003039488062933325,0.0002796837109062403,0.00025739002309540203,0.00023690402449937434,0.00021807597677360544,0.00020076888450730208,0.00018485737274075544,0.00017022666780204272,0.00015677167141825822,0.00014439611910505717,0.00013301181473843226,0.0001225379340614014,0.00011290039060108704,0.00010403125814996113,9.586824451059128e-5,8.835421175267671e-5,8.14367387004728e-5,7.506772176612154e-5,6.920301063168444e-5,6.380207561846305e-5,5.882770387670975e-5,5.4245721812828116e-5,5.002474139725562e-5,4.613592822778857e-5,4.255278942443951e-5,3.925097959691314e-5,3.620812329788777e-5,3.3403652517797924e-5,3.081865790469595e-5,2.843575252099988e-5,2.623894704469824e-5,2.421353542780174e-5,2.234599011475874e-5,2.062386599637129e-5,1.9035712354388188e-5,1.75709921129382e-5,1.6220007778422062e-5,1.4973833497526363e-5,1.3824252716970948e-5,1.2763700973664801e-5,1.1785213381899847e-5,1.0882376424564325e-5,1.0049283687449086e-5,9.28049520734531e-6,8.571000133822691e-6,7.916182427875063e-6,7.31178934593429e-6,3.376951239779453e-6
0.022787937985997486,0.03720289713024649,0.03200325314688368,0.027974237496327325,0.02467844314128531,0.021906969564481293,0.019536207671296324,0.01748425571848461,0.015692871521131857,0.0141185880352524,0.012727811085737506,0.011493883757135115,0.010395216327157841,0.009414035779779256,0.008535516292259154,0.007747154870389683,0.007038310794954483,0.0063998580690341755,0.005823917969784126,0.005303649739530791,0.004833084351744538,0.004406990775437575,0.0040207671544754825,0.003670351364127397,0.0033521468329053977,0.0030629605290620546,0.0027999507430982104,0.0025605828333638073,0.0023425915009507928,0.0021439484596134165,0.0019628345959273596,0.0017976158911129983,0.0016468225127661065,0.0015091305928854916,0.0013833462937780545,0.0012683918315995156,0.0011632931824419289,0.0010671692399226405,0.000979222229850956,0.0008987292173526715,0.0008250345662295343,0.0007575432309015768,0.000695714778274575,0.0006390580512855536,0.0005871263977036932,0.0005395133981151139,0.000495849035694813,0.0004557962576161329,0.00041904788436239286,0.0003853238285993878,0.00035436858992671065,0.00032594899591481107,0.0002998521632404539,0.00027588365584610246,0.000253865819699859,0.00023363627598900916,0.00021504655664786234,0.00019796086789169,0.00018225496896235064,0.00016781515472117812,0.00015453733186836759,0.00014232617968808463,0.00013109438716844835,0.00012076195916094516,0.00011125558501274592,0.0001025080637602001,9.445778058632761e-5,8.704822973925556e-5,8.022757960645614e-5,7.394827606475494e-5,6.81666805861581e-5,6.284273993039714e-5,5.793968455935746e-5,5.342375317535079e-5,4.926394104255987e-5,4.543176995577196e-5,4.190107793038719e-5,3.864782687008862e-5,3.5649926618063757e-5,3.288707395360615e-5,3.0340605225077097e-5,2.7993361426058056e-5,2.582956463775723e-5,2.383470484747935e-5,2.1995436248331806e-5,2.0299482206847087e-5,1.8735548151166306e-5,1.7293241704622936e-5,1.596299944482579e-5,1.473601972767143e-5,1.360420105924712e-5,1.2560085547487471e-5,1.1596807006294691e-5,1.070804331922373e-5,9.887972706414014e-6,9.13123356753595e-6,8.432887602186198e-6,7.78838593562615e-6,7.1935379988738956e-6,6.6444829351087185e-6,3.068831662057572e-6
0.02067294880509085,0.03375204764392059,0.029035962347963462,0.025381493238257335,0.022391976951143533,0.019877972032922686,0.01772738350478753,0.015865938520441825,0.014240819716305253,0.012812608401227388,0.011550838961635557,0.010431336733847607,0.009434522160429282,0.008544276808464063,0.007747154870389683,0.007031816974268773,0.006388612543474531,0.0058092646288290944,0.005286627381489897,0.00481449624780364,0.004387457225211611,0.0040007655881817705,0.00365024720725321,0.0033322174395170046,0.0030434138617484938,0.002780940034500655,0.0025422181492470927,0.0023249488964759146,0.002127077254562168,0.001946763170868955,0.0017823563146190796,0.0016323742408714606,0.0014954834290022978,0.0013704827571587135,0.0012562890514026918,0.001151924410086519,0.0010565050540127692,0.000969231492869746,0.000889379831641033,0.000816294067713861,0.0007493792515329469,0.0006880954022999031,0.0006319520856282006,0.0005805035731312261,0.0005333445146423754,0.0004901060631528377,0.00045045240041856685,0.000414077617759339,0.00038070291238926496,0.00035007406450914685,0.0003219591646161594,0.0002961465641941113,0.00027244302603567517,0.0002506720532708612,0.00023067237858001837,0.00021229659711564236,0.00019540992853234358,0.00017988909513036748,0.00016562130450887462,0.00015250332642207255,0.00014044065456824458,0.00012934674505749337,0.00011914232416544409,0.00010975475871957468,0.00010111748316219251,9.316947792788817e-5,8.585479433064424e-5,7.912212160388218e-5,7.292439218830444e-5,6.72184217479616e-5,6.19645807215085e-5,5.7126494533847475e-5,5.2670769869302744e-5,4.8566744649466975e-5,4.4786259592279856e-5,4.130344941464777e-5,3.8094551931269695e-5,3.513773346779689e-5,3.2412929142035664e-5,2.9901696708374624e-5,2.7587082777754952e-5,2.54535003305985e-5,2.3486616545550696e-5,2.1673250045571644e-5,2.000127674943393e-5,1.845954359062013e-5,1.703778942545634e-5,1.5726572517815848e-5,1.4517204037854832e-5,1.3401687066082483e-5,1.2372660633544285e-5,1.1423348373281708e-5,1.0547511395283561e-5,9.739405028350007e-6,8.993739105480594e-6,8.305641495791663e-6,7.670624611976276e-6,7.0845546463338546e-6,6.543623307554166e-6,6.0443218512641985e-6,2.7917086076456385e-6
0.018772191161447405,0.030650564169156902,0.026368971544675213,0.023051057049565393,0.02033676103846216,0.018054123858817883,0.016101394687613624,0.014411154413998484,0.012935459310060238,0.011638527731200637,0.010492704792160606,0.009476045929413618,0.008570777575039462,0.007762267839947545,0.007038310794954483,0.006388612543474531,0.005804412132845438,0.005278195479726189,0.00480347523109273,0.004374618480462833,0.003986709939320168,0.003635441857989377,0.003317024453830128,0.0030281122886256784,0.0027657432106023006,0.0025272873089569325,0.002310403931282193,0.0021130052552437856,0.0019332252343818232,0.001769392984454346,0.001620009865622031,0.0014837296608132336,0.0013593413632185143,0.0012457541748770937,0.0011419843884354908,0.0010471438802718142,0.0009604299885743739,0.0008811165862117054,0.0008085461883729772,0.0007421229594875896,0.0006813065040117312,0.0006256063426002892,0.0005745769891692953,0.0005278135562147707,0.00048494782548484834,0.0004456447296219152,0.0004095991975310853,0.00037653332219544575,0.0003461938149380457,0.00031834971456990054,0.00029279032369804257,0.0002693233478332519,0.0002477732157398259,0.0002279795620321167,0.00020979585520460552,0.0001930881561392852,0.00017773399383615596,0.00016362134657041047,0.00015064771794225974,0.00013871929846263637,0.00012775020425913938,0.00011766178540869752,0.00010838199718536884,9.984482818284584e-5,9.198977990429176e-5,8.476139295114215e-5,7.810881544849835e-5,7.198540975144512e-5,6.634839388660859e-5,6.115851453330568e-5,5.6379748645022125e-5,5.1979031100891785e-5,4.792600602736578e-5,4.419279964993175e-5,4.075381274669875e-5,3.758553094426308e-5,3.466635126910488e-5,3.1976423518021184e-5,2.9497505134153763e-5,2.7212828403647203e-5,2.5106978894327576e-5,2.3165784153201478e-5,2.137621177534225e-5,1.972627602813776e-5,1.8204952293463612e-5,1.6802098657481225e-5,1.5508384032086636e-5,1.43152222515275e-5,1.3214711633219582e-5,1.2199579540691109e-5,1.1263131522430578e-5,1.0399204640720595e-5,9.602124638195781e-6,8.866666618196115e-6,8.188018945135916e-6,7.56175009507834e-6,6.983778210326486e-6,6.450343133655761e-6,5.957980715209506e-6,5.503499203994688e-6,2.5419787761092898e-6
0.017060998744457434,0.02785823673841281,0.02396772762955618,0.020952754825830977,0.01848620024603842,0.016411836979239813,0.014637223426964885,0.013101108514590731,0.011759934575190978,0.010581193170179165,0.009539758986042784,0.00861569450310451,0.007792851525214722,0.007057936054402886,0.0063998580690341755,0.0058092646288290944,0.005278195479726189,0.004799823160936481,0.004368253013456225,0.003978366664120658,0.003625697719881707,0.003306331763248488,0.0030168249780136366,0.0027541372643033746,0.002515576768156197,0.002298753507098468,0.002101540320557878,0.0019220397745637816,0.0017585559486346103,0.001609570256731939,0.0014737206257545328,0.0013497834868089163,0.0012366581367949485,0.0011333531087101487,0.0010389742527745285,0.0009527142814545232,0.0008738435727035365,0.0008017020586658999,0.0007356920544735919,0.0006752719040489935,0.0006199503380668932,0.0005692814546099344,0.0005228602457571976,0.00048031860412079373,0.00044132175218482804,0.0004055650450410543,0.0003727711036013229,0.0003426872407850043,0.0003150831479754217,0.00028974881307250976,0.0002664926449522532,0.00024513978220117114,0.00022553056654001698,0.00020751916367876821,0.00019097231632733387,0.00017576821577324798,0.00016179547998400106,0.00014895222751595437,0.0001371452376586228,0.0001262891883127065,0.00011630596395519142,0.00010712402688263468,9.867784563417198e-5,9.090737510547803e-5,8.375758344012505e-5,7.717802127445617e-5,7.112242937185953e-5,6.554838105179224e-5,6.04169561914435e-5,5.5692443895970526e-5,5.134207120251221e-5,4.733575544573377e-5,4.3645878140278734e-5,4.0247078435108e-5,3.711606438731223e-5,3.423144045615616e-5,3.157354977520075e-5,2.912432989686715e-5,2.6867180815632946e-5,2.4786844192797646e-5,2.2869292802413785e-5,2.1101629304674872e-5,1.947199354009044e-5,1.796947760267085e-5,1.6584048021762337e-5,1.530647444320329e-5,1.4128264249828424e-5,1.3041602615432475e-5,1.2039297527660967e-5,1.1114729359750685e-5,1.0261804603610831e-5,9.474913413381835e-6,8.748890639200159e-6,8.078980056645959e-6,7.460801524761371e-6,6.890320827312481e-6,6.363821973441711e-6,5.877881753690121e-6,5.4293463631764806e-6,5.015309920924284e-6,2.3165473645727646e-6
