0.06134155474814351,0.09743525300187184,0.08217116616986608,0.07055527711045784,0.06120647909481458,0.05346473485808079,0.046939704880364475,0.04137317977141863,0.03658203690695483,0.03243011171127996,0.02881264738476097,0.025646964572626163,0.02286650596299411,0.020416846551121137,0.018252914763621064,0.016336994240585656,0.014637248297749872,0.013126605666487712,0.011781902838477576,0.010583212999341285,0.009513313442196997,0.008557257617950259,0.00770202750954449,0.006936248540224371,0.006249953779758122,0.005634387450272643,0.0050818400791157875,0.004585509367641974,0.004139382128767882,0.0037381336131740023,0.003377041284681123,0.003051910675810794,0.0027590113989271192,0.0024950217391501786,0.002256980532761521,0.002042245257102629,0.0018484554375504808,0.0016735006217779638,0.0015154922907991038,0.0013727391738089963,0.0012437255141026018,0.001127091900488316,0.0010216183343965193,0.0009262092498629713,0.0008398802426559486,0.0007617462983942024,0.0006910113377883755,0.0006269589210241653,0.0005689439740095784,0.0005163854167895519,0.00046875958955999546,0.00042559438482934683,0.00038646400542972914,0.00035098427794694534,0.00031880845961131544,0.00028962348399787056,0.00026314659736599057,0.00023912234307915062,0.00021731985641952438,0.00019753043648905195,0.000179565365578701,0.0001632539497719186,0.00014844175746942532,0.0001349890350728026,0.00012276928136364766,0.00011166796411650644,0.0001015813642885866,9.241553466746892e-5,8.408536128754526e-5,7.651371716935348e-5,6.963069902136509e-5,6.337293853770536e-5,5.7682980800439435e-5,5.250872306674574e-5,4.78029079278541e-5,4.352266543008966e-5,3.9629099313078496e-5,3.608691301715814e-5,3.286407154238385e-5,2.993149564700236e-5,2.7262785224763694e-5,2.4833969014427765e-5,2.2623278087303066e-5,2.0610940803380846e-5,1.8778997162248608e-5,1.7111130681255306e-5,1.5592516112073905e-5,1.4209681478267154e-5,1.2950383061301554e-5,1.1803492100886118e-5,1.075889209104449e-5,9.807385665392684e-6,8.940610162550645e-6,8.150961048556798e-6,7.431522454660796e-6,6.776004158876481e-6,6.1786844047463576e-6,5.6343580094287505e-6,5.13828926404794e-6,4.686169177875975e-6,2.1370383304088577e-6
0.09743525300187184,0.1547704031817574,0.13052653676625647,0.11207679130050385,0.09722769897143624,0.08493099180130148,0.0745667339764402,0.06572483752255409,0.058114466389624475,0.051519362670378044,0.04577314983739267,0.040744514445480884,0.03632774786430126,0.03243640985823715,0.028998915236127965,0.025955360328097865,0.02325517957211476,0.02085537587358738,0.01871915849784178,0.016814877297918696,0.015115176871954461,0.013596316901265837,0.012237620056261778,0.011021019216737038,0.00993068298548802,0.008952703616235208,0.00807483520230684,0.007286272706541891,0.006577464451996973,0.005939952228839862,0.0053662343490916,0.0048496478868891996,0.004384267047698467,0.003964815167021435,0.0035865882799009235,0.003245388555540213,0.0029374661765609322,0.0026594684721050685,0.0024083953034413144,0.0021815598555962115,0.001976554116017111,0.001791218427889589,0.0016236145943261324,0.001472002084252827,0.0013348169529009413,0.0012106531431370013,0.001098245878787582,0.0009964568990488178,0.0009042613159521845,0.0008207359047798894,0.0007450486613500631,0.0006764494809228336,0.0006142618311927237,0.0005578753075040094,0.0005067389718819686,0.0004603553890772608,0.0004182752831147409,0.0003800927467489763,0.0003454409439697338,0.00031398825265238194,0.00028543480030884024,0.00025950935126986714,0.00023596650826903428,0.0002145841954493315,0.0001951613934653056,0.00017751610053251326,0.0001614834961426886,0.00014691428660611313,0.0001336732138532918,0.00012163771090301957,0.0001106966891278871,0.00010074944402700334,9.17046676057983e-5,8.347955668848916e-5,7.599900761110336e-5,6.919488870150373e-5,6.300538284985564e-5,5.737439326243868e-5,5.225100617526745e-5,4.75890049480898e-5,4.334643051769494e-5,3.94851836881951e-5,3.597066520059488e-5,3.277144991268492e-5,2.9858991794596114e-5,2.7207356773064012e-5,2.4792980741270357e-5,2.2594450323516454e-5,2.0592304214070217e-5,1.8768853129448604e-5,1.7108016596927174e-5,1.5595174980100805e-5,1.4217035297143046e-5,1.2961509523947204e-5,1.1817604203811046e-5,1.0775320296556562e-5,9.825562303346147e-6,8.960055796655215e-6,8.17127256561438e-6,7.452362664191534e-6,3.3985463589263326e-6
0.08217116616986608,0.13052653676625647,0.11008171629291263,0.09452289226687371,0.0820003994997629,0.07163027504791852,0.0628897512524822,0.05543301648094778,0.04901481922119311,0.043452796515215164,0.03860664821906257,0.03436564137263731,0.03064063446133647,0.02735873419936452,0.024459573954458635,0.021892637663693038,0.01961528374301219,0.017591252832819315,0.01578951919662852,0.014183392004904927,0.01274980207466575,0.011468728740955753,0.010322734299828107,0.009296582198096676,0.008376921243864771,0.007552022447868456,0.006811558247189653,0.006146416168334723,0.005548540706173277,0.005010798490286267,0.004526862802166978,0.004091114270710849,0.003698555168553455,0.0033447352016017506,0.0030256870557699087,0.002737870262608237,0.002478122186012073,0.0022436151258744264,0.0020318186943026548,0.001840466750604175,0.0016675282887479922,0.0015111817609116639,0.0013697923954299057,0.0012418921303751877,0.0011261618363494,0.001021415547033281,0.0009265864539211681,0.0008407144536558657,0.0007629350641063203,0.0006924695488753439,0.000628616110185708,0.0005707420276584683,0.0005182766354352303,0.0004707050433109296,0.0004275625188909452,0.0003884294575717505,0.0003529268758250678,0.00032071237077981214,0.00029147649562385764,0.0002649395062099382,0.00024084843919210293,0.00021897448655198298,0.00019911063528664594,0.00018106954444554882,0.00016468163478388547,0.0001497933689803086,0.00013626570278445346,0.0001239726895199988,0.00011280022228375534,0.00010264489984692813,9.34130037184306e-5,8.501957516162252e-5,7.738758212805078e-5,7.044716710553596e-5,6.41349678244048e-5,5.839350357405909e-5,5.317062063856133e-5,4.841899102571315e-5,4.409565924059003e-5,4.0161632397711384e-5,3.658150943692737e-5,3.332314562874087e-5,3.0357348946632068e-5,2.765760521182526e-5,2.5199829231596096e-5,2.2962139428628868e-5,2.09246536982879e-5,1.906930446041882e-5,1.737967106634256e-5,1.5840827907192493e-5,1.4439206724543613e-5,1.3162471774432719e-5,1.1999406626463002e-5,1.0939811494833934e-5,9.97441010735855e-6,9.094765212337334e-6,8.293201910353139e-6,7.5627380766581066e-6,6.897021207936867e-6,6.290271092397061e-6,2.868613879817429e-6
0.07055527711045784,0.11207679130050385,0.09452289226687371,0.08116396623456268,0.0704119573233899,0.061507926986631656,0.05400304562978042,0.04760041141021376,0.042089459517940964,0.037313618786428915,0.03315243151627467,0.029510825222070713,0.026312264987038536,0.02349416599862303,0.021004698360923946,0.018800489523159658,0.016844927693514478,0.015106880653939614,0.013559709620466598,0.01218049764381568,0.010949437233925136,0.009849338295280313,0.008865228418155097,0.007984025070928685,0.007194264474760403,0.006485875664632518,0.005849990937937477,0.005278785871132188,0.004765343561264498,0.0043035388610474234,0.0038879392277511443,0.0035137194621077256,0.0031765881243661226,0.0028727238179708445,0.0025987198504293513,0.002351536036504197,0.0021284566153452616,0.001927053419457335,0.001745153570558107,0.0015808110894931296,0.0014322818996708488,0.0012980017806663545,0.0011765668927807872,0.0010667165473597223,0.0009673179426163588,0.0008773526233130449,0.0007959044551771079,0.0007221489323897354,0.0006553436602924657,0.0005948198756700607,0.0005399748843640875,0.0004902653110523177,0.00044520106885422364,0.00040433996776866044,0.00036728289069208955,0.0003336694741672185,0.00030317423846490735,0.000275503118053781,0.00025039034911665363,0.0002275956758059465,0.0002069018411736262,0.000188112332602955,0.00017104935492857996,0.00015555200736427346,0.00014147464300183878,0.00012868539194642835,0.00011706483122907434,0.00010650478640625944,9.690725140040139e-5,8.818341456524057e-5,8.02527802083767e-5,7.304237594639136e-5,6.648603727455187e-5,6.052376162065049e-5,5.5101124965249194e-5,5.016875480468204e-5,4.568185388274012e-5,4.159976968865441e-5,3.788560521397885e-5,3.450586692743478e-5,3.143014633110862e-5,2.8630831822587565e-5,2.608284792410178e-5,2.3763419221254115e-5,2.165185662499216e-5,1.9729363807818412e-5,1.7978861870769235e-5,1.63848304949799e-5,1.4933163998282308e-5,1.361104087656723e-5,1.240680554256122e-5,1.1309861103613608e-5,1.0310572132230862e-5,9.400176481975584e-6,8.570705295141498e-6,7.814910429169449e-6,7.126198603652037e-6,6.4985716372732065e-6,5.92657220252684e-6,5.4052345820166194e-6,2.4650199797602958e-6
0.06120647909481458,0.09722769897143624,0.0820003994997629,0.0704119573233899,0.061084850692536774,0.05336075635229243,0.04685034752160333,0.04129608331901491,0.036515313677919936,0.032372223882920825,0.02876232487494146,0.02560314731668989,0.0228283017931864,0.020383499547193318,0.018223780907527354,0.0163115223292713,0.014614964741356706,0.013107102221288025,0.01176482659801778,0.010568258151023274,0.00950021442303331,0.008545783392405054,0.007691976756561025,0.006927445583603947,0.006242245131135901,0.005627638860479442,0.005075934014066613,0.004580342840682358,0.004134864833800725,0.003734186312705251,0.0033735944147707947,0.0030489031362423355,0.002756389502045223,0.0024927382950179697,0.0022549940517446465,0.00204051925384776,0.0018469578227050462,0.0016722031697870635,0.0015143701737851435,0.0013717705529475988,0.0012428911810994127,0.001126374962772951,0.001021003938511799,0.0009256843382634168,0.0008394333397606889,0.0007613673222808919,0.0006906914343812187,0.0006266903180315135,0.0005687198522143829,0.0005161997965972727,0.00046860723097002545,0.00042547069922302394,0.00038636497776590225,0.00035090639812824283,0.00031874866193468913,0.00028957909373435436,0.0002631152836295768,0.00023910207724524637,0.0002173088754417532,0.00019752721054040918,0.0001795685695111615,0.0001632624379481729,0.00014845454157298276,0.00013500526454887423,0.00012278822618390492,0.00011168899959663721,0.00010160395771916962,9.243923354654987e-5,8.410978296786629e-5,7.653853975491125e-5,6.96556533671146e-5,6.339780122316375e-5,5.770756796290755e-5,5.25328849930787e-5,4.782652431541243e-5,4.3545641237838304e-5,3.9651361132943784e-5,3.610840590385033e-5,3.288475624704931e-5,2.99513462064066e-5,2.7281786863314183e-5,2.485211632130774e-5,2.264057343538174e-5,2.062739298045943e-5,1.8794620188631607e-5,1.7125942790698805e-5,1.5606538875848498e-5,1.4222939054465793e-5,1.2962901553632085e-5,1.1815299013060658e-5,1.0770015864527906e-5,9.817855289737462e-6,8.950454848838499e-6,8.160209957611142e-6,7.440204472705474e-6,6.78414771420802e-6,6.186317319779053e-6,5.641507383165751e-6,5.144981380648977e-6,4.692429437533333e-6,2.139964764816038e-6
0.05346473485808079,0.08493099180130148,0.07163027504791852,0.061507926986631656,0.05336075635229243,0.04661375326481454,0.040926861608541976,0.03607513295673759,0.03189903180690934,0.028279930681339827,0.025126563278360048,0.02236689626895183,0.019942941225719713,0.01780727896881179,0.01592063876256966,0.014250157584472067,0.012768094725322865,0.011450861113618704,0.010278272177612263,0.009232963250958154,0.008299925612040487,0.007466133674906561,0.006720242152150169,0.006052337692442289,0.005453733462494281,0.004916797963719799,0.0044348114173335396,0.004001844551246525,0.0036126557405990467,0.0032626032961585866,0.002947570340006561,0.0026639002048826008,0.002408340680661522,0.0021779957370135147,0.001970283593052048,0.0017829001983994397,0.0016137873465339042,0.0014611047672597015,0.0013232056490566219,0.0011986151270040948,0.0010860113419006757,0.0009842087346768613,0.000892143288792991,0.0008088594742367596,0.0007334986807856648,0.0006652889574490124,0.0006035358996448418,0.0005476145464732036,0.0004969621684835727,0.0004510718416492268,0.0004094867164407389,0.000371794902316893,0.00033762489766791474,0.0003066415038423349,0.0002785421692698886,0.0002530537160583962,0.00022992940708935986,0.00020894631652521468,0.00018990297088754922,0.0001726172316792447,0.00015692439373834717,0.00014267547646039814,0.00012973568757114083,0.00011798304135369336,0.00010730711523779897,9.760793040279191e-5,8.879494361865837e-5,8.078613888990154e-5,7.35072087127424e-5,6.689081583981672e-5,6.087592739235166e-5,5.5407214026102335e-5,5.043450762001723e-5,4.5912311629186056e-5,4.179935885946322e-5,3.805821194711437e-5,3.465490231908247e-5,3.155860384268679e-5,2.8741337748669298e-5,2.6177705764983297e-5,2.3844648705139706e-5,2.1721228028636003e-5,1.9788428145996054e-5,1.802897745428755e-5,1.6427186294418e-5,1.496880020138261e-5,1.3640866974398182e-5,1.2431616243383122e-5,1.1330350334523153e-5,1.0327345358386174e-5,9.41376154478524e-6,8.581561946320089e-6,7.82343871752014e-6,7.132746251454618e-6,6.503440526766611e-6,5.930024079142142e-6,5.407496067980826e-6,4.931306960200582e-6,4.497317397442077e-6,4.10176085535846e-6,1.8706048705519957e-6
0.046939704880364475,0.0745667339764402,0.0628897512524822,0.05400304562978042,0.04685034752160333,0.040926861608541976,0.03593405595519594,0.03167445033130989,0.02800798970535545,0.02483053167333371,0.022061953847020144,0.019639018211535075,0.01751081659078374,0.015635719422357364,0.013979250571821589,0.012512559172788762,0.011211291195397932,0.010054737306110256,0.009025176967477844,0.008107365232061237,0.007288125438448867,0.006556021927555888,0.00590109418595143,0.005314638811419026,0.004789029178593807,0.00431756515857766,0.0038943470403566827,0.0035141691183396967,0.003172429392225354,0.0028650525649229347,0.0025884240906529216,0.0023393334616134062,0.002114925261427515,0.0019126567818473217,0.0017302612114169919,0.00156571557477906,0.001417212738636136,0.0012831369109730095,0.001162042151368576,0.0010526334847926963,0.0009537502726685784,0.0008643515463174663,0.0007835030505611643,0.0007103657811836049,0.0006441858298444191,0.0005842853757154348,0.0005300546847420602,0.000480944995697034,0.00043646218802761115,0.00039616113994223046,0.00035964069675246436,0.00032653917951698964,0.00029653037256436796,0.00026931993601806564,0.00024464219592713193,0.00022225727019392107,0.00020194849344783942,0.0001835201083052033,0.00016679519418337637,0.00015161380818522197,0.00013783131539234347,0.00012531688849440987,0.00011395215891637578,0.00010363000355620693,9.425345300474752e-5,8.573470865038996e-5,7.799425745202678e-5,7.096007434045709e-5,6.456690330214994e-5,5.8755609150652624e-5,5.347259282129568e-5,4.8669263785402366e-5,4.430156384981575e-5,4.0329537198058145e-5,3.671694207010704e-5,3.343089993954691e-5,3.0441578479032446e-5,2.7721904985342715e-5,2.5247307264641733e-5,2.2995479288906028e-5,2.094616920350948e-5,1.9080987506268584e-5,1.738323344214652e-5,1.583773784511746e-5,1.4430720839068241e-5,1.3149662967539542e-5,1.1983188458873693e-5,1.0920959464614757e-5,9.953580219885366e-6,9.072510180465091e-6,8.269985279740213e-6,7.538946534505988e-6,6.872975303232623e-6,6.26623456620386e-6,5.713415659363175e-6,5.209689947307264e-6,4.7506649707034675e-6,4.3323446483340945e-6,3.951093152896343e-6,3.603602116937065e-6,1.6434304290815688e-6
0.04137317977141863,0.06572483752255409,0.05543301648094778,0.04760041141021376,0.04129608331901491,0.03607513295673759,0.03167445033130989,0.02791998680929597,0.024688305094866636,0.021887619241182765,0.01944731317142695,0.0173116517312753,0.015435766586229804,0.013782967051085726,0.012322867077479843,0.011030038425250493,0.009883016130818295,0.008863547482182543,0.007956013947914009,0.007146978867998227,0.006424828480213335,0.005779483471367294,0.005202164666446088,0.0046852008652504135,0.004221869905492379,0.0038062662135667363,0.003433189685268012,0.0030980518989975614,0.0027967965293826946,0.0025258314809900526,0.0022819707610070503,0.0020623844942544434,0.0018645557833967263,0.0016862433536429453,0.0015254491082741586,0.0013803898711427544,0.0012494727133210322,0.001131273358545213,0.0010245172424999706,0.0009280628667053224,0.0008408871418692614,0.0007620724608128938,0.0006907952786721974,0.0006263160097421585,0.0005679700766743415,0.0005151599703691629,0.00046734819796885076,0.000424051012454749,0.00038483283130755913,0.00034930126353859437,0.0003171026745970064,0.0002879182274986838,0.0002614603460403585,0.0002374695526137019,0.0002157116388452401,0.00019597513221301412,0.000178069026160087,0.0001618207450071827,0.0001470743182523976,0.00013368874179662052,0.0001215365061209223,0.00011050227372381895,0.0001004816900958003,9.138031422785712e-5,8.311265620108564e-5,7.560131075393323e-5,6.877617694058024e-5,6.257375503114721e-5,5.693651276836927e-5,5.18123139339635e-5,4.715390290974846e-5,4.2918439588971314e-5,3.906707958346162e-5,3.556459519271388e-5,3.237903307755157e-5,2.9481404988042598e-5,2.684540827625477e-5,2.4447173259700998e-5,2.226503479159077e-5,2.027932566756567e-5,1.8472189735722585e-5,1.682741278855054e-5,1.5330269512760014e-5,1.3967384938080797e-5,1.2726608985091914e-5,1.1596902851364013e-5,1.0568236095730935e-5,9.631493396239328e-6,8.778390055053201e-6,8.001395417029869e-6,7.293663446644667e-6,6.648969783586492e-6,6.061654663127143e-6,5.526571145371843e-6,5.039038152523462e-6,4.5947978605490085e-6,4.189977035565256e-6,3.821051944866204e-6,3.484816506827085e-6,3.1783533767574374e-6,1.4495038473722908e-6
0.03658203690695483,0.058114466389624475,0.04901481922119311,0.042089459517940964,0.036515313677919936,0.03189903180690934,0.02800798970535545,0.024688305094866636,0.021830842720462207,0.019354451230988168,0.01719669618430064,0.01530829980265802,0.013649591989122523,0.012188132756598719,0.010897056246275988,0.009753879960225809,0.00873962546956189,0.007838154413341236,0.007035657410600998,0.006320254161630984,0.005681676069495864,0.0051110112142890435,0.004600497191999703,0.004143351216966268,0.0037336296006227065,0.0033661106486223974,0.003036196416275533,0.0027398297880637176,0.0024734241120936487,0.0022338031965901117,0.0020181499168730466,0.001823962021199478,0.0016490139886480779,0.0014913240012526183,0.0013491252579600384,0.0012208409904370908,0.0011050626477569943,0.001000530803170755,0.000906118407250394,0.0008208160697924967,0.0007437191007025421,0.0006740160800813022,0.0006109787609744986,0.0005539531362403882,0.000502351524281526,0.0004556455483953545,0.00041335990135352857,0.00037506680105227515,0.00034038105541395365,0.00030895566519640195,0.0002804779023820297,0.00025466580963489933,0.00023126507296087912,0.00021004622558637356,0.00019080214612066711,0.0001733458184212007,0.00015750832444414234,0.00014313704470660582,0.0001300940438917846,0.00011825462173720939,0.00010750601154569652,9.774621067590978e-5,8.888292911077007e-5,8.083264372213384e-5,7.351974722090535e-5,6.687578197490029e-5,6.0838749952794435e-5,5.535249096948018e-5,5.0366122260525094e-5,4.5833533154823465e-5,4.171292926166367e-5,3.7966421181126714e-5,3.455965326860054e-5,3.1461468444367703e-5,2.864360546061032e-5,2.6080425398040084e-5,2.3748664501190323e-5,2.16272107578358e-5,1.969690188466887e-5,1.7940342623242692e-5,1.6341739459871873e-5,1.4886751070471529e-5,1.3562352965825896e-5,1.2356714958758634e-5,1.1259090215263518e-5,1.025971477475277e-5,9.349716531164285e-6,8.521032769006796e-6,7.766335434837085e-6,7.078963407289237e-6,6.452861097713396e-6,5.882522780371505e-6,5.362942109306292e-6,4.889566330292856e-6,4.458254744937103e-6,4.065241025775885e-6,3.7070990200784563e-6,3.3807117150712345e-6,3.083243067651453e-6,2.8121124306924208e-6,1.2824856668310438e-6
0.03243011171127996,0.051519362670378044,0.043452796515215164,0.037313618786428915,0.032372223882920825,0.028279930681339827,0.02483053167333371,0.021887619241182765,0.019354451230988168,0.01715909147109429,0.015246195155028952,0.013572080033737777,0.012101580467363121,0.010805939861596031,0.009661342747638552,0.008647859244850231,0.0077486656263509035,0.006949455725770409,0.00623798789135796,0.005603730501900217,0.005037580631258545,0.004531637984353243,0.004079021261847129,0.0036737175564351687,0.003310457789195795,0.0029846129047241474,0.0026921067828698866,0.0024293427342276658,0.002193141124736467,0.001980686185538351,0.0017894804554686033,0.0016173056048777723,0.0014621886242100791,0.0013223725460511856,0.0011962910159458093,0.0010825461446919218,0.0009798891696720692,0.0008872035291686876,0.0008034900166193487,0.0007278537332710781,0.0006594926000913458,0.0005976872252519225,0.0005417919529661676,0.0004912269442745934,0.00044547116101963796,0.0004040561419869342,0.0003665604751310657,0.0003326048824199004,0.00030184784476833346,0.00027398170381882567,0.00024872918531768876,0.0002258402957647553,0.00020508954990593707,0.00018627349185100896,0.0001692084770749001,0.00015372868642068516,0.00013968434664684073,0.00012694013502558606,0.00011537374807419438,0.00010487461681389469,9.534275290056828e-5,8.668771175979889e-5,7.88276604023982e-5,7.168853894416434e-5,6.520330606869947e-5,5.931125972986071e-5,5.395742534423844e-5,4.909200453697641e-5,4.466987825982858e-5,4.0650158757622864e-5,3.69957854329362e-5,3.3673160184234815e-5,3.065181825534968e-5,2.7904131042107323e-5,2.540503767549558e-5,2.3131802519765342e-5,2.1063796022469767e-5,1.9182296616237723e-5,1.7470311599605988e-5,1.591241513867564e-5,1.4494601717241124e-5,1.3204153529081163e-5,1.2029520460809097e-5,1.0960211443099429e-5,9.986696072742166e-6,9.100315517109568e-6,8.293201807114243e-6,7.5582047154628274e-6,6.888825493623333e-6,6.2791568141784624e-6,5.723828326352807e-6,5.2179572918066575e-6,4.757103819360303e-6,4.337230262786522e-6,3.954664388949262e-6,3.606065960613401e-6,3.288396412694377e-6,2.99889133176444e-6,2.735035475536415e-6,2.494540094790438e-6,1.1376611714614856e-6
0.02881264738476097,0.04577314983739267,0.03860664821906257,0.03315243151627467,0.02876232487494146,0.025126563278360048,0.022061953847020144,0.01944731317142695,0.01719669618430064,0.015246195155028952,0.013546641917996649,0.012059229180426234,0.010752715703271104,0.009601553970892102,0.008584586112166032,0.007684106176892164,0.006885167698163497,0.006175060795154272,0.0055429096940461525,0.004979357809639248,0.004476317810945027,0.004026770788958051,0.003624603117319991,0.0032644726576601946,0.00294169809845006,0.002652166735581725,0.0023922571036785953,0.0021587736749749745,0.0019488914451094783,0.0017601086789564568,0.0015902064371738286,0.0014372137718390056,0.00129937768806887,0.0011751371331255936,0.001063100404735652,0.0009620254746498177,0.0008708028077381823,0.000788440324773966,0.0007140502130356819,0.0006468373346111903,0.0005860890199533859,0.0005311660657374775,0.0004814947822454254,0.0004365599575474853,0.0003958986240925246,0.000359094529075058,0.0003257732232202059,0.00029559769383566935,0.0002682644776956502,0.0002435001975718389,0.00022105847332610888,0.00020071716463484959,0.00018227590764927342,0.00016555391252689186,0.00015038799274590337,0.00013663080054324714,0.00012414924585933034,0.00011282307880587216,0.00010254361796097284,9.32126088501906e-5,8.474119870441788e-5,7.704901517412112e-5,7.006333805088132e-5,6.371835424435124e-5,5.795448734232712e-5,5.271779402127308e-5,4.795942042210217e-5,4.363511232818352e-5,3.970477365387512e-5,3.613206833578519e-5,3.288406122863843e-5,2.99308940744274e-5,2.7245493024560916e-5,2.4803304557145128e-5,2.2582056963438518e-5,2.056154486094889e-5,1.8723434455938622e-5,1.7051087511590066e-5,1.552940218023011e-5,1.414466904854552e-5,1.288444090986185e-5,1.17374149250945e-5,1.069332597142955e-5,9.742850092780866e-6,8.87751707680839e-6,8.089631280246417e-6,7.372199908248846e-6,6.718868034068004e-6,6.1238597134570495e-6,5.581924613272908e-6,5.0882896280579355e-6,4.638615011074245e-6,4.2289545920861645e-6,3.8557196945904996e-6,3.5156464035274615e-6,3.205765867422074e-6,2.923377349510538e-6,2.6660237699949356e-6,2.4314695054742573e-6,2.2176802344756226e-6,1.0114023190966378e-6
0.025646964572626163,0.040744514445480884,0.03436564137263731,0.029510825222070713,0.02560314731668989,0.02236689626895183,0.019639018211535075,0.0173116517312753,0.01530829980265802,0.013572080033737777,0.012059229180426234,0.010735205832802824,0.00957220285114499,0.008547480876104296,0.007642207618617419,0.006840623228911796,0.006129423985129306,0.005497296883223077,0.004934561406221422,0.004432889227690889,0.003985081754753345,0.003584891374898147,0.003226876251644195,0.0029062812386530315,0.0026189393839983685,0.0023611898486319075,0.002129809042859837,0.0019219525036593896,0.0017351055719322037,0.0015670413326795488,0.0014157845904279008,0.0012795808904949718,0.0011568697822841555,0.0010462616673033893,0.0009465176905123981,0.0008565322264346732,0.0007753175864725712,0.0007019906342619377,0.0006357610457245338,0.000575920991199786,0.0005218360505621598,0.0004729372002674082,0.0004287137345686358,0.00038870700276374785,0.0003525048606608742,0.0003197367484724838,0.00029006931916276,0.00026320255124834876,0.0002388662887004749,0.00021681715793937534,0.00019683581823107602,0.00017872450727518963,0.00016230484843123786,0.00014741589015288296,0.00013391235173878342,0.00012166305256087898,0.00011054950463872939,0.00010046465077246823,9.131173248314744e-5,8.300327383808101e-5,7.546016878038904e-5,6.861086099613201e-5,6.2390606573018e-5,5.674081077031981e-5,5.16084311805139e-5,4.694544039955217e-5,4.270834207701106e-5,3.885773486014669e-5,3.5357919343447257e-5,3.2176543655021905e-5,2.9284283764816847e-5,2.665455501516857e-5,2.4263251740071722e-5,2.2088512162138352e-5,2.011050605166655e-5,1.8311242884520515e-5,1.6674398471678285e-5,1.5185158241138696e-5,1.3830075532817463e-5,1.259694343666096e-5,1.1474678851217948e-5,1.045321757122463e-5,9.523419335123886e-6,8.676981865787971e-6,7.906363036295756e-6,7.204710378928662e-6,6.5657972302869834e-6,5.983964877183577e-6,5.4540701285744485e-6,4.97143779672024e-6,4.531817619115263e-6,4.131345199627758e-6,3.766506588087591e-6,3.4341061535242927e-6,3.131237440383159e-6,2.8552567263513717e-6,2.6037590276697457e-6,2.374556322366905e-6,2.1656577831328776e-6,1.9752518319141483e-6,9.008449231402978e-7
0.02286650596299411,0.03632774786430126,0.03064063446133647,0.026312264987038536,0.0228283017931864,0.019942941225719713,0.01751081659078374,0.015435766586229804,0.013649591989122523,0.012101580467363121,0.010752715703271104,0.00957220285114499,0.00853525082027426,0.007621586564494992,0.006814420285644579,0.006099701343518352,0.00546556880226233,0.004901936508235241,0.004400173720310971,0.003952855219944609,0.003553562986222586,0.0031967268335953564,0.002877494958973284,0.0025916277738534527,0.002335410092910835,0.002105577956117703,0.001899257234942428,0.0017139118141938775,0.0015472996191675595,0.0013974351178235866,0.0012625572035101992,0.0011411015761604477,0.0010316769053525486,0.0009330441892382961,0.0008440988266771067,0.000763855002674823,0.000691432054091088,0.0006260425364251077,0.0005669817569058898,0.0005136185754187148,0.00046538730468690705,0.00042178056612360987,0.0003823429785380474,0.00034666557437313967,0.00031438085270504325,0.0002851583907379999,0.0002587009460601067,0.00023474099081892234,0.00021303762668557942,0.00019337383602244674,0.00017555403030297765,0.00015940186171668454,0.00014475826804564952,0.00013147972457374507,0.00011943667994511508,0.00010851215560954202,9.860049090637318e-5,8.96062179284215e-5,8.144305212259167e-5,7.403298621446721e-5,6.73054764184773e-5,6.11967111560723e-5,5.564895359257789e-5,5.060995025343699e-5,4.60323988372564e-5,4.187346908875926e-5,3.809437126726478e-5,3.465996731942132e-5,3.153842039766276e-5,2.8700878829267923e-5,2.6121191045350156e-5,2.3775648349584437e-5,2.1642752732667153e-5,1.970300722613634e-5,1.7938726552591314e-5,1.6333866054276086e-5,1.487386709255671e-5,1.3545517296119304e-5,1.2336824196152298e-5,1.1236900937992286e-5,1.023586288978866e-5,9.32473408582409e-6,8.4953625512339e-6,7.74034364612e-6,7.0529506549560546e-6,6.4270719241385586e-6,5.857153917176674e-6,5.338149620996076e-6,4.8654717908636075e-6,4.4349505731011544e-6,4.042795087859185e-6,3.6855585960458186e-6,3.3601069108817538e-6,3.0635897466194196e-6,2.793414727395145e-6,2.547223805310982e-6,2.322871861136654e-6,2.118407282922634e-6,1.9320543367900734e-6,1.762197162323544e-6,8.036826205071361e-7
0.020416846551121137,0.03243640985823715,0.02735873419936452,0.02349416599862303,0.020383499547193318,0.01780727896881179,0.015635719422357364,0.013782967051085726,0.012188132756598719,0.010805939861596031,0.009601553970892102,0.008547480876104296,0.007621586564494992,0.00680577076876715,0.006085043095822987,0.005446858700004872,0.004880627728731421,0.004377344878401565,0.003929304259848748,0.0035298762955205537,0.003173330653986922,0.002854693970395318,0.0025696342700435443,0.002314366180852803,0.002085572534509951,0.0018803390324397748,0.001696099432619655,0.0015305892855479453,0.0013818066745173996,0.0012479787368185995,0.001127532988717598,0.0010190726666956078,0.0009213554451626589,0.00083327500746945,0.0007538450392969975,0.0006821852873927,0.0006175093863184013,0.0005591142039489839,0.0005063704961151775,0.00045871469319739254,0.00041564166816100874,0.0003766983578391732,0.0003414781278127067,0.0003096157868536023,0.00028078316989221634,0.0002546852196307287,0.00023105650632857227,0.00020965813322554924,0.0001902749819515195,0.00017271325811628628,0.00015679830230288724,0.00014237263604832467,0.00012929421610394102,0.0001174348735485573,0.00010667891714463956,9.692188275714497e-5,8.806941281002171e-5,8.003625162108846e-5,7.274534407678999e-5,6.612702656405003e-5,6.011830030353796e-5,5.46621783543374e-5,4.970709853164396e-5,4.520639532731808e-5,4.111782468803945e-5,3.74031361715753e-5,3.402768760214e-5,3.096009785750304e-5,2.817193389617503e-5,2.5637428546755386e-5,2.333322594263331e-5,2.123815181602815e-5,1.9333006156589466e-5,1.760037599660136e-5,1.6024466320021613e-5,1.4590947293422179e-5,1.3286816204900536e-5,1.2100272662487013e-5,1.1020605746818305e-5,1.0038091947872033e-5,9.143902832587096e-6,8.330021494746246e-6,7.589166935908549e-6,6.914725607666436e-6,6.300689423985854e-6,5.741599621107417e-6,5.232495901986596e-6,4.7688703593844775e-6,4.3466257199654946e-6,3.96203749788941e-6,3.6117196848718945e-6,3.2925936410361443e-6,3.0018598833571322e-6,2.7369724971374615e-6,2.4956159231239206e-6,2.2756838962074342e-6,2.075260333340744e-6,1.8926019878658955e-6,1.7261227043866465e-6,1.5743791245379453e-6,7.180288541558528e-7
0.018252914763621064,0.028998915236127965,0.024459573954458635,0.021004698360923946,0.018223780907527354,0.01592063876256966,0.013979250571821589,0.012322867077479843,0.010897056246275988,0.009661342747638552,0.008584586112166032,0.007642207618617419,0.006814420285644579,0.006085043095822987,0.005440675104435133,0.0048701015673712905,0.00436385541226908,0.003913886081717,0.003513304638504161,0.003156184323776068,0.002837402269969147,0.002552512310405451,0.002297641659947121,0.002069406179734015,0.0018648402924495641,0.0016813385767948386,0.0015166067669953355,0.0013686203947666231,0.0012355896927367972,0.0011159296657013672,0.0010082344561922266,0.0009112553003723274,0.0008238815023238893,0.0007451239590425957,0.0006741008509204734,0.0006100251785527006,0.0005521938800686754,0.0004999783061620591,0.0004528158654435732,0.0004102026817157673,0.0003716871286223609,0.000336864127073554,0.0003053701074254879,0.00027687855235256856,0.00025109604796683116,0.0002277587807171513,0.00020662942600690667,0.00018749438156661583,0.00017016130477124063,0.00015445691831668731,0.00014022505316626556,0.0001273249015761391,0.00011562945632379203,0.00010502411519643443,9.54054323147374e-5,8.668000003899637e-5,7.876344713160966e-5,7.157954051766318e-5,6.505937943430962e-5,5.914067206101519e-5,5.376708581969567e-5,4.888766354012731e-5,4.4456298554581023e-5,4.0431262543948014e-5,3.677478064140888e-5,3.345264889490396e-5,3.043388972645588e-5,2.7690441483839206e-5,2.519687860532869e-5,2.293015928816458e-5,2.086939787419162e-5,1.89956594618624e-5,1.729177451416646e-5,1.5742171461638032e-5,1.4332725509865385e-5,1.3050622040469717e-5,1.1884233162597855e-5,1.082300611990214e-5,9.857362386036513e-6,8.978606402420012e-6,8.1788430166472e-6,7.45090277339447e-6,6.78827429676689e-6,6.185043075878038e-6,5.635836035626629e-6,5.135771336073325e-6,4.68041289701549e-6,4.2657291954403316e-6,3.888055926670007e-6,3.5440621612586626e-6,3.2307196641080996e-6,2.9452750756649707e-6,2.685224684099077e-6,2.448291542967076e-6,2.2324047131593833e-6,2.035680428789874e-6,1.8564050060826572e-6,1.6930193317971076e-6,1.544104782881303e-6,1.4083704435435067e-6,6.423207493621968e-7
0.016336994240585656,0.025955360328097865,0.021892637663693038,0.018800489523159658,0.0163115223292713,0.014250157584472067,0.012512559172788762,0.011030038425250493,0.009753879960225809,0.008647859244850231,0.007684106176892164,0.006840623228911796,0.006099701343518352,0.005446858700004872,0.0048701015673712905,0.004359392807519541,0.003906259405873622,0.0035034960966112,0.0031449372399619674,0.002825278328026974,0.0025399343227413065,0.0022849258242868473,0.002056786603280361,0.0018524877650708468,0.0016693750257505274,0.001505116440652137,0.0013576585500270147,0.001225189364464807,0.0011061069541083504,0.000998992662911067,0.0009025881661702678,0.0008157757412935104,0.0007375612399398487,0.0006670593429733487,0.0006034807534734173,0.0005461210421612451,0.0004943509073611439,0.0004476076500759662,0.0004053876964812547,0.00036724002607467585,0.0003327603850650368,0.0003015861824386479,0.0002733919809762555,0.0002478855079880264,0.00022480412092936147,0.00020391167199080174,0.00018499572327831037,0.00016786507055240344,0.00015234753900162648,0.00013828801920184614,0.00012554671543686625,0.00011399758204465532,0.00010352692642034153,9.40321599319715e-5,8.542068025901677e-5,7.760887060720119e-5,7.05212029777115e-5,6.408943416155353e-5,5.825188442657781e-5,5.295279002941167e-5,4.814172166630454e-5,4.3773061877556345e-5,3.980553519758977e-5,3.620178552139362e-5,3.2927995770067183e-5,2.9953545470901726e-5,2.7250702347871416e-5,2.479434442781501e-5,2.256170954819612e-5,2.0532169483388342e-5,1.8687026195367577e-5,1.7009327979384658e-5,1.5483703508223628e-5,1.409621198414715e-5,1.2834207795830218e-5,1.1686218238277069e-5,1.0641833004160098e-5,9.691604287414418e-6,8.826956454544363e-6,8.040104347146467e-6,7.323979372804993e-6,6.672162625174794e-6,6.078824352024039e-6,5.538669155212388e-6,5.046886369389011e-6,4.599105121187567e-6,4.1913536183096705e-6,3.820022263610661e-6,3.4818302279099556e-6,3.1737951521675713e-6,2.893205680466698e-6,2.637596555133053e-6,2.404726031315498e-6,2.192555391269367e-6,1.999230360330433e-6,1.8230642452408133e-6,1.6625226328492756e-6,1.5162095028610504e-6,1.3828546218725358e-6,1.2613020989058347e-6,5.752499970545625e-7
0.014637248297749872,0.02325517957211476,0.01961528374301219,0.016844927693514478,0.014614964741356706,0.012768094725322865,0.011211291195397932,0.009883016130818295,0.00873962546956189,0.0077486656263509035,0.006885167698163497,0.006129423985129306,0.00546556880226233,0.004880627728731421,0.00436385541226908,0.003906259405873622,0.0035002485580659243,0.003139367493458875,0.0028180922396988245,0.002531670316087642,0.002275993819720726,0.0020474974446077,0.0018430756403482115,0.0016600146713150396,0.0014959364224633384,0.0013487515693975313,0.0012166202892922098,0.0010979190994608139,0.00099121271630535,0.0008952300577962993,0.0008088436891101752,0.0007310521469779899,0.0006609646841790693,0.0005977880591955427,0.0005408150621663502,0.0004894145212390628,0.00044302257620484203,0.00040113504075794254,0.00036330070314333565,0.0003291154381880861,0.00029821702283710366,0.00027028056330855293,0.0002450144552750234,0.00022215680966996328,0.00020147228603187902,0.00018274928329947574,0.0001657974447106707,0.00015044543914929584,0.00013653898621693653,0.0001239390964965525,0.00011252050207955725,0.00010217025555371313,9.278647830706938e-5,8.427724135487186e-5,7.655956391561854e-5,6.955851670378192e-5,6.320641845161093e-5,5.744211550981894e-5,5.221033553867412e-5,4.746110734453967e-5,4.314923979644922e-5,3.923385356424864e-5,3.567796011629931e-5,3.244808302277054e-5,2.9513917158859818e-5,2.6848021879540495e-5,2.4425544667878573e-5,2.2223972125757856e-5,2.0222905516854503e-5,1.8403858368309868e-5,1.675007389642278e-5,1.5246360258823271e-5,1.3878941844386599e-5,1.2635324996250604e-5,1.150417673192482e-5,1.0475215168452578e-5,9.539110495378965e-6,8.6873954569012e-6,7.912384407274758e-6,7.2071001003582195e-6,6.565207458089569e-6,5.980953637642358e-6,5.449113786861438e-6,4.964941935997288e-6,4.524126530035797e-6,4.12275015519313e-6,3.7572530558080094e-6,3.4244000788320966e-6,3.121250717711335e-6,2.845131960532993e-6,2.5936136749078943e-6,2.3644862888411717e-6,2.155740550135268e-6,1.9655491674037774e-6,1.79225015526018e-6,1.6343317229779557e-6,1.4904185614743809e-6,1.359259397496716e-6,1.2397156960393484e-6,1.1307514036517167e-6,5.157118177786494e-7
0.013126605666487712,0.02085537587358738,0.017591252832819315,0.015106880653939614,0.013107102221288025,0.011450861113618704,0.010054737306110256,0.008863547482182543,0.007838154413341236,0.006949455725770409,0.006175060795154272,0.005497296883223077,0.004901936508235241,0.004377344878401565,0.003913886081717,0.0035034960966112,0.003139367493458875,0.002815711335753486,0.002527573912947237,0.0022706933432962983,0.0020413857664605406,0.0018364538941638905,0.001653112723788687,0.0014889286136374781,0.001341768891695263,0.0012097598615620694,0.0010912515704653292,0.0009847880720959719,0.0008890821913560415,0.0008029940047255858,0.0007255124082082964,0.000655739266704012,0.000592875733601549,0.0005362104043345473,0.0004851090269373994,0.0004390055401278462,0.00039739424781138656,0.0003598229697995116,0.0003258870340210355,0.00029522399633810995,0.00026750899122844965,0.00024245063093792773,0.00021978738262593955,0.000199284363063287,0.00018073049879339942,0.00016393600684227712,0.0001487301571060414,0.000134959282648308,0.00012248500856358287,0.00011118267381952408,0.00010093992372361017,9.165545346266645e-5,8.323788554709475e-5,7.560476610047619e-5,6.868166674599014e-5,6.24013804025813e-5,5.670320068920567e-5,5.1532275834749756e-5,4.683902903301115e-5,4.2578638117878346e-5,3.871056822259795e-5,3.519815181062837e-5,3.2008211090151254e-5,2.9110718369561046e-5,2.6478490402960563e-5,2.408691320267899e-5,2.1913694181834498e-5,1.993863881890142e-5,1.814344934203448e-5,1.65115431969028e-5,1.5027889293930572e-5,1.3678860243511502e-5,1.2452098975002112e-5,1.1336398300414272e-5,1.0321592134934955e-5,9.398457215527924e-6,8.55862427974607e-6,7.794497773269205e-6,7.099183246779913e-6,6.466421689609747e-6,5.890530122841742e-6,5.366347841774619e-6,4.8891877603013525e-6,4.454792362143097e-6,4.059293814354773e-6,3.6991778427066592e-6,3.3712510068081175e-6,3.0726110495815667e-6,2.8006200267199013e-6,2.5528799514291445e-6,2.3272107145067087e-6,2.121630063827855e-6,1.934335448200364e-6,1.7636875489654777e-6,1.6081953401983308e-6,1.4665025333686025e-6,1.3373752762737922e-6,1.2196909886375849e-6,1.1124282276629267e-6,1.0146574872612947e-6,4.6276642194132137e-7
