0.06134155474823011,0.09244626214442508,0.07504935171473393,0.06225824008474268,0.0522810837338179,0.04426172932135031,0.037695416887527755,0.032250155323814034,0.027692396779214534,0.023850242964306656,0.020593023400850008,0.01781899564606615,0.015447468467943981,0.013413511101555753,0.011664261917308433,0.010156272324923693,0.008853546397835282,0.007726063003946737,0.006748641625415858,0.00590005864469785,0.0051623497911936905,0.004520253339949404,0.003960761328719142,0.00347275476520878,0.003046704898541426,0.0026744269863634637,0.0023488761554083318,0.0020639772871619277,0.0018144826056098462,0.0015958519643595945,0.0014041518423814174,0.0012359698397370472,0.0010883420754663926,0.0009586913713814579,0.000844774487538457,0.0007446369808654148,0.0006565745047419132,0.0005790995664668001,0.0005109129223003408,0.000450878922834394,0.00039800423090701094,0.000351419424911582,0.0003103630755291872,0.0002741679466074119,0.00024224902319780646,0.00021409311381182395,0.00018924981094261065,0.00016732362506743058,0.0001479671338015273,0.00013087501026940026,0.00011577881380542016,0.00010244244233884123,9.065815964352927e-5,8.024312250884294e-5,7.103634303490302e-5,6.289602995362357e-5,5.5697260375723754e-5,4.932993980889485e-5,4.3697013836781966e-5,3.871289965911445e-5,3.430210981469461e-5,3.0398044006098085e-5,2.6941928044751668e-5,2.3881881619750034e-5,2.1172098930753855e-5,1.877212825012874e-5,1.6646238244864093e-5,1.4762860413826862e-5,1.3094098335737292e-5,1.161529558507183e-5,1.0304655183659647e-5,9.142904341543343e-6,8.112999012927999e-6,7.1998634659859915e-6,6.390160656427423e-6,5.672089707812436e-6,5.035207254297934e-6,4.470269796531026e-6,3.96909456568581e-6,3.5244366950739166e-6,3.1298807640882392e-6,2.779745011842523e-6,2.468996723428738e-6,2.193177469912651e-6,1.9483370417326196e-6,1.7309750536695313e-6,1.5379893206377774e-6,1.366630211200913e-6,1.2144602793167585e-6,1.07931855808487e-6,9.592889715766297e-7,8.526723853359074e-7,7.579618725202061e-7,6.738208222172535e-7,5.990635604788394e-7,5.326381930697588e-7,4.7361141303908105e-7,4.211550462442471e-7,3.7453413429715855e-7,3.330963778519018e-7,1.4813139187380592e-7
0.09244626214442508,0.13932837449857294,0.11311195687586029,0.09383583190145228,0.07879999546755512,0.06671436865543146,0.05681836084072578,0.04861171321791857,0.04174250320180084,0.03595170295628203,0.031042407580070597,0.02686130165557188,0.023286790375477928,0.020221027409009662,0.01758435277561332,0.015311290616588646,0.013347595279091906,0.011648024440019167,0.010174630099407916,0.008895426975391335,0.0077833414052650984,0.006815372331435837,0.005971915049493501,0.005236211513061764,0.004593900184852409,0.004032644988989795,0.0035418276907488028,0.0031122915464123074,0.002736126695789959,0.0024064897593545492,0.002117451626734823,0.001863868601789699,0.0016412729898282671,0.0014457799381724125,0.0012740079168799025,0.0011230106870794877,0.000990218975519045,0.0008733903739891018,0.0007705662275160185,0.0006800344757251723,0.0006002975767138256,0.0005300447793422109,0.00046812812313251455,0.0004135416394359416,0.000365403306319562,0.00032293937599844457,0.000285470749374064,0.00025240111920567156,0.0002232066433079799,0.0001974269429160418,0.00017465725005921503,0.00015454155226354458,0.00013676660373602165,0.00012105669008129248,0.00010716904889250707,9.488986166623328e-5,8.403074379235032e-5,7.442566908268892e-5,6.592827365811183e-5,5.840949126383922e-5,5.1755478294168494e-5,4.586579222908254e-5,4.0651791857132654e-5,3.60352317052558e-5,3.1947026618452394e-5,2.832616548407692e-5,2.5118755756335415e-5,2.22771827351513e-5,1.975936957306296e-5,1.7528125735025092e-5,1.5550573159205615e-5,1.379764070209708e-5,1.2243618615309366e-5,1.0865765815808295e-5,9.64396360245056e-6,8.560410245077912e-6,7.599351554882678e-6,6.746843140240289e-6,5.990540571213404e-6,5.319514134869831e-6,4.724085263557029e-6,4.195682068938164e-6,3.726711724496502e-6,3.310447707869117e-6,2.9409301533993672e-6,2.6128777741149035e-6,2.3216099948904895e-6,2.062978100866801e-6,1.8333043463218202e-6,1.6293280947411143e-6,1.4481581698558753e-6,1.2872306946840213e-6,1.144271780624242e-6,1.0172645033897318e-6,9.044196689258756e-7,8.041499304442613e-7,7.150468691401598e-7,6.358606964344659e-7,5.65482275299317e-7,5.029271935900717e-7,2.2366082668142282e-7
0.07504935171473393,0.11311195687586029,0.09183023773198995,0.07618217706991404,0.06397612590157475,0.05416489991377449,0.046131110236325656,0.039468683805579,0.0338919544987204,0.029190660375676303,0.025204965738828022,0.021810417280597683,0.0189083099713776,0.016419215984480484,0.014278469853232223,0.012432919813667676,0.010838530072056152,0.009458573216651306,0.008262242988008567,0.007223573388854626,0.006320585482818025,0.005534606344133913,0.004849720122820381,0.00425232183732073,0.003730751970044549,0.003274995270597658,0.0028764310441826424,0.0025276250570514316,0.002222155325527865,0.0019544656699252913,0.001719742152348179,0.0015138084739429875,0.0013330371542013691,0.0011742739039145335,0.0010347730706093995,0.0009121424091937148,0.000804295731801196,0.000709412234388156,0.0006259014966902426,0.0005523733149003576,0.00048761166031224996,0.00043055216802940187,0.00038026265179141264,0.0003359262176539663,0.0002968266132158826,0.00026233550296432713,0.00023190140555204297,0.0002050400669444067,0.0001813260757357999,0.0001603855543295474,0.00014188978297387808,0.00012554963351641725,0.00011111070665220353,9.834908096874057e-5,8.706759450471751e-5,7.709259018015666e-5,6.827106562989384e-5,6.046817585726705e-5,5.356504390831166e-5,4.7456840652599264e-5,4.205109979934748e-5,3.726623867873389e-5,3.3030259111156224e-5,2.9279605972169147e-5,2.5958163920427983e-5,2.3016375233633334e-5,2.0410463857765515e-5,1.810175264105508e-5,1.6056062363769825e-5,1.4243182596699851e-5,1.2636405657949295e-5,1.1212116021732803e-5,9.949428478006937e-6,8.829869165385355e-6,7.837094323309755e-6,6.956642237416344e-6,6.1757144061680945e-6,5.482982440337402e-6,4.868417628349446e-6,4.32314047315098e-6,3.839287831070503e-6,3.4098955678752644e-6,3.028794898878537e-6,2.6905207981048874e-6,2.390231055620799e-6,2.1236347317084365e-6,1.8869289048028376e-6,1.6767427419210496e-6,1.490088034915984e-6,1.3243154478452364e-6,1.177075809281181e-6,1.046285862379781e-6,9.300979545666377e-7,8.268732093943914e-7,7.351577770170006e-7,6.536618068206342e-7,5.812408275241436e-7,5.16879256831568e-7,4.5967579497719405e-7,4.088304852252368e-7,1.8181662480504876e-7
0.06225824008474268,0.09383583190145228,0.07618217706991404,0.06320156473891347,0.05307607548972193,0.044937094958570456,0.03827251278399013,0.03274549924088599,0.028119098755380212,0.024218901384492786,0.02091232435562712,0.01809613365686641,0.015688452848887924,0.013623395518780612,0.011847320365254405,0.010316136542136894,0.008993314814296716,0.007848388217024355,0.006855801387485483,0.005994013993554148,0.005244793022199962,0.004592647860882343,0.004024374964081881,0.0035286877287959845,0.003095913393464593,0.002717743195274354,0.0023870252330315533,0.0020975918503941746,0.0018441151248436843,0.001621985387187476,0.001427208722970589,0.0012563202006124485,0.0011063101907187282,0.0009745616295650378,0.0008587964672970363,0.0007570298515236912,0.0006675308468657385,0.0005887886930460648,0.0005194837692187038,0.00045846256723102233,0.00040471608756563124,0.000357361163659713,0.00031562429657184306,0.0002788276455740323,0.0002463768732981885,0.00021775058875700935,0.0001924911690878387,0.00017019677249153044,0.00015051438168262694,0.00013313373989106043,0.00011778206078191323,0.00010421941014220927,9.223467121303097e-5,8.16420175971163e-5,7.227782796917948e-5,6.399798564348598e-5,5.667551366358124e-5,5.0198502620123035e-5,4.44682940300028e-5,3.939788699267716e-5,3.4910540022742536e-5,3.093854360903658e-5,2.742214219703435e-5,2.4308587016527955e-5,2.155130354889931e-5,1.9109159483821992e-5,1.694582080743925e-5,1.5029185212281555e-5,1.3330883379494374e-5,1.182583986353045e-5,1.0491886335516217e-5,9.309420840927172e-6,8.261107511353384e-6,7.331611853473528e-6,6.507367338652467e-6,5.7763695375970085e-6,5.127994504266678e-6,4.552838514416084e-6,4.042576613806249e-6,3.589837740325795e-6,3.1880944537616225e-6,2.831565543218864e-6,2.5151299909963323e-6,2.2342509527387117e-6,1.9849085747453198e-6,1.7635406100211757e-6,1.566989917665226e-6,1.3924580395651655e-6,1.2374641434670163e-6,1.0998087060934862e-6,9.77541383454225e-7,8.689325810404464e-7,7.724482938893238e-7,6.867278368720385e-7,6.105641302810098e-7,5.428862448743447e-7,4.827439452016473e-7,4.2929400055016283e-7,3.8178805962059e-7,3.3956190887826177e-7,1.510129777294566e-7
0.0522810837338179,0.07879999546755512,0.06397612590157475,0.05307607548972193,0.04457340824769307,0.03773878219900351,0.03214219719465061,0.02750082885883698,0.02361571286789549,0.020340401784278428,0.017563568678898023,0.015198529576344155,0.013176533624192022,0.011442256215954322,0.009950654561978356,0.008664705111850357,0.007553733612814834,0.0065921561797421535,0.005758513127366444,0.0050347161551455855,0.004405454107888188,0.003857718632482743,0.003380421847854906,0.0029640855608011885,0.002600586758298752,0.0022829478185327143,0.0020051625800218756,0.0017620513961661768,0.0015491397892014105,0.001362556442171984,0.0011989471294985461,0.0010554018529203256,0.0009293929698623027,0.0008187225114820486,0.0007214772130527437,0.000635990039739456,0.0005608072006408546,0.0004946598135978468,0.0004364395219051097,0.00038517747741265845,0.00034002619774987225,0.0003002438826116092,0.0002651808380891973,0.0002342677114379856,0.00020700528321871987,0.0001829556012757044,0.00016173427252641698,0.00014300375509097548,0.00012646751583048716,0.00011186493744446812,9.896687550564479e-5,8.75717796508281e-5,7.750230492704663e-5,6.86023494122221e-5,6.0734462876327116e-5,5.3777578661436554e-5,4.7625027349777315e-5,4.2182796281603463e-5,3.736800371019109e-5,3.3107560481507987e-5,2.9336995638916505e-5,2.5999425419453645e-5,2.3044647750563533e-5,2.0428346644730513e-5,1.8111392881707815e-5,1.605922909424847e-5,1.424132887834406e-5,1.2630720849182502e-5,1.1203569706436751e-5,9.938807363146334e-6,8.817808054155076e-6,7.824102095447763e-6,6.9431236242858344e-6,6.161988223947793e-6,5.469296841043565e-6,4.854962840962604e-6,4.3100594331577406e-6,3.82668503491291e-6,3.39784443591912e-6,3.017343885685534e-6,2.6796984521651154e-6,2.3800501984144298e-6,2.1140958994897725e-6,1.8780231738204723e-6,1.6684540385822087e-6,1.4823950167784801e-6,1.3171930270605604e-6,1.170496379188008e-6,1.040220277912132e-6,9.245163091326851e-7,8.217454438909828e-7,7.30454150824933e-7,6.493532558375814e-7,5.77299230041322e-7,5.132776246074395e-7,4.56388403981114e-7,4.0583295804333496e-7,3.6090259943494466e-7,3.209683747469821e-7,2.8547203830561167e-7,1.2695902743285537e-7
0.04426172932135031,0.06671436865543146,0.05416489991377449,0.044937094958570456,0.03773878219900351,0.03195255252944729,0.02721439769146139,0.02328489747810575,0.019995621302244082,0.017222595423369402,0.014871576503530659,0.01286918212275312,0.011157210763396347,0.009688826644483478,0.008425897897024082,0.007337081244126936,0.006396408358576633,0.005582220149000838,0.004876348874331762,0.004263480864875019,0.003730653480465862,0.003266853562779601,0.0028626937785375325,0.002510149527712481,0.002202343490983333,0.0019333680326425115,0.0016981379583249287,0.0014922678097416403,0.0013119691370783414,0.001153964141724792,0.0010154128116642638,0.0008938512357993186,0.0007871392239040889,0.0006934157061355816,0.0006110606614928831,0.0005386625450449264,0.0004749903613592895,0.0004189696751575808,0.0003696619675800398,0.0003262468423955115,0.0002880066654271877,0.0002543132858225253,0.00022461654200969967,0.00019843430039562498,0.0001753438125696601,0.00015497420854427213,0.00013699997023985423,0.00012113525189992634,0.00010712893320474889,9.476030700466837e-5,8.383531733263867e-5,7.418327507218488e-5,6.565398863008225e-5,5.811525553051978e-5,5.145066816763101e-5,4.5557693228583476e-5,4.034598970977714e-5,3.5735935098836426e-5,3.165733329571474e-5,2.8048281317567792e-5,2.4854174806070704e-5,2.2026834951768283e-5,1.9523741687152256e-5,1.7307359937742902e-5,1.5344547407206296e-5,1.3606033834029049e-5,1.2065962931599679e-5,1.0701489324379225e-5,9.49242376009789e-6,8.42092071667993e-6,7.471203252195182e-6,6.6293205857164686e-6,5.882934454568082e-6,5.2211307793841445e-6,4.6342535952844575e-6,4.113758577993883e-6,3.6520838206969094e-6,3.242535802723011e-6,2.879188739832876e-6,2.5567957257801625e-6,2.2707102664931526e-6,2.016816976254377e-6,1.7914703537686596e-6,1.59144068475543e-6,1.413866232257241e-6,1.2562109759384029e-6,1.1162272491416786e-6,9.919227002708383e-7,8.815310727121743e-7,7.83486357691509e-7,6.963999267248931e-7,6.190402969507928e-7,5.503152233887308e-7,4.892558480003867e-7,4.350026672450294e-7,3.867931076246283e-7,3.4395052337717255e-7,3.058744521859347e-7,2.720319838188807e-7,2.419501135712129e-7,1.0760448363908667e-7
0.037695416887527755,0.05681836084072578,0.046131110236325656,0.03827251278399013,0.03214219719465061,0.02721439769146139,0.023179135962084707,0.01983252846263872,0.01703114384629567,0.01466940860865057,0.012667066598145038,0.010961626104922628,0.009503522983604767,0.008252871810757179,0.007177199181692545,0.0062498127001109766,0.005448597175118433,0.004755107099257264,0.004153870166299478,0.003631844585699706,0.0031779907074746677,0.0027829290751105046,0.002438664807054569,0.0021383635528721967,0.0018761680171116568,0.0016470467194622876,0.0014466686040226495,0.001271298543499784,0.0011177098558151528,0.0009831107612741433,0.0008650823297992119,0.0007615259479558708,0.0006706187105343393,0.0005907754371441108,0.0005206162488433034,0.00045893882753377836,0.00040469463209879056,0.00035696846753715747,0.00031496090328408596,0.00027797311861891324,0.0002453938202771804,0.000216687933041043,0.00019138681024886105,0.00016907974966646078,0.00014940663227474074,0.0001320515285804071,0.00011673713977341117,0.00010321996019746048,9.128606384985563e-5,8.074743138300174e-5,7.14387457793036e-5,6.321459484928292e-5,5.594702719586317e-5,4.952341558400785e-5,4.38445878888444e-5,3.8823191139654455e-5,3.438225878473562e-5,3.045395526240298e-5,2.6978475370497833e-5,2.3903078883169234e-5,2.1181243396522283e-5,1.8771920595591458e-5,1.663888304037159e-5,1.4750150218839219e-5,1.3077484051478923e-5,1.15959452765751e-5,1.0283503230869339e-5,9.120692477771435e-6,8.090310559139696e-6,7.17715186103433e-6,6.367773205272122e-6,5.650287323359334e-6,5.014180844319205e-6,4.450153841824831e-6,3.949978349653338e-6,3.50637357007314e-6,3.1128957782747784e-6,2.763841168975532e-6,2.4541601031428953e-6,2.1793814000976147e-6,1.935545483521777e-6,1.719145333030463e-6,1.5270743194712492e-6,1.3565801117846848e-6,1.2052239408418999e-6,1.0708445909297543e-6,9.515265640855896e-7,8.455719287584585e-7,7.514754218983149e-7,6.679024248436146e-7,5.936694778983361e-7,5.277270382131991e-7,4.69144220306455e-7,4.1709528908462956e-7,3.7084770232788766e-7,3.2975152329124573e-7,2.932300450840439e-7,2.607714869852698e-7,2.3192163907864245e-7,2.0627734603979427e-7,9.174036679846408e-8
0.032250155323814034,0.04861171321791857,0.039468683805579,0.03274549924088599,0.02750082885883698,0.02328489747810575,0.01983252846263872,0.016969305381491606,0.014572526414305231,0.01255187571710975,0.010838695514498453,0.00937952488269117,0.008131961996561937,0.007061884877862412,0.006141512323658671,0.0053480086433006085,0.004662453852897819,0.004069067325180045,0.003554611974476235,0.0031079300078482378,0.0027195764636864794,0.002381526685663979,0.0020869405379211683,0.001829970740208936,0.0016056059070694573,0.0014095411639319065,0.001238070876196616,0.0010879992532435954,0.0009565655060486226,0.0008413809305852921,0.0007403758207192527,0.0006517545251114362,0.000573957283469222,0.0005056277304358314,0.00044558515606633355,0.00039280077241464137,0.0003463773651391621,0.0003055318136373636,0.0002695800487103311,0.00023792408665793303,0.0002100408362068415,0.00018547242228571367,0.00016381781015602833,0.0001447255463440625,0.00012788746029052198,0.00011303319377680993,9.992544462072723e-5,8.835582751068761e-5,7.814126874921526e-5,6.912086344467057e-5,6.115313369899696e-5,5.4113634875584994e-5,4.789286429728024e-5,4.239443296660491e-5,3.753346623353634e-5,3.323520390831694e-5,2.9433774258743532e-5,2.607111971954549e-5,2.3096055056371094e-5,2.0463441256260125e-5,1.813346058345092e-5,1.607098013090599e-5,1.4244992828036317e-5,1.262812627697541e-5,1.1196211018865975e-5,9.927900896619744e-6,8.804339109218739e-6,7.808864354833547e-6,6.926752164905427e-6,6.144987142588619e-6,5.452062350648937e-6,4.8378025600234514e-6,4.293208476621824e-6,3.8103194180963217e-6,3.3820922234298638e-6,3.0022944482321703e-6,2.6654101369396715e-6,2.3665566710582322e-6,2.1014113738369037e-6,1.866146712043561e-6,1.6573730752201187e-6,1.4720882352738767e-6,1.3076326975155876e-6,1.1616502480996934e-6,1.0320530863280373e-6,9.169910032329996e-7,8.148241316363096e-7,7.240988495949576e-7,6.435264684580862e-7,5.719643806337015e-7,5.083993802632739e-7,4.519329039975688e-7,4.017679687806755e-7,3.5719760967241356e-7,3.1759464393554904e-7,2.8240260788554994e-7,2.5112773098243585e-7,2.2333182747323433e-7,1.9862599978056126e-7,1.766650601985435e-7,7.857129415870288e-8
0.027692396779214534,0.04174250320180084,0.0338919544987204,0.028119098755380212,0.02361571286789549,0.019995621302244082,0.01703114384629567,0.014572526414305231,0.012514416718220844,0.010779268837389444,0.009308132326124485,0.00805510467406323,0.006983778674306551,0.006064856188059034,0.005274483279052458,0.004593052255501939,0.0040043174891308125,0.003494728847478784,0.0030529201310599205,0.0026693104712907575,0.002335789687308319,0.002045467122645396,0.0017924691991764302,0.001571774851932585,0.0013790807604466028,0.0012106902574099132,0.001063421223413387,0.0009345293290447601,0.0008216437727156349,0.000722713258011938,0.0006359604107195362,0.0005598431883900492,0.0004930221107628929,0.00043433235653812796,0.0003827599442758284,0.00033742135306489077,0.000297546049690579,0.000262461478839981,0.0002315801462857642,0.00020438848500354233,0.00018043724354840484,0.0001593331768955813,0.00014073185385972842,0.0001243314234869882,0.00010986720640068824,9.71069969517885e-5,8.584697871127423e-5,7.590816990260887e-5,6.713332730858544e-5,5.938424729139743e-5,5.2539411158579723e-5,4.649192943706525e-5,4.114774585638897e-5,3.6424067201767116e-5,3.2247989777203345e-5,2.855529714464156e-5,2.5289407190019287e-5,2.2400449476359726e-5,1.984445634701566e-5,1.7582653414069415e-5,1.5580836927644385e-5,1.3808827146131292e-5,1.2239988227092595e-5,1.0850806370986009e-5,9.620519005303855e-6,8.530788711255026e-6,7.565416392538572e-6,6.710088874634914e-6,5.952156728344129e-6,5.280438636207316e-6,4.6850490770469105e-6,4.1572465041354845e-6,3.6892995414870714e-6,3.2743690268958564e-6,2.9064039975330546e-6,2.58004994582202e-6,2.2905678779658835e-6,2.0337628860871056e-6,1.805921100594656e-6,1.6037540270502892e-6,1.4243493917880763e-6,1.2651277257311712e-6,1.123804008822487e-6,9.98353778084657e-7,8.869831740441799e-7,7.881024629131709e-7,7.003026267007053e-7,6.223346621378289e-7,5.530912716538629e-7,4.915906673257949e-7,4.369622414460492e-7,3.8843388655285317e-7,3.4532077328911667e-7,3.070154168935391e-7,2.729788830518447e-7,2.4273300124786385e-7,2.1585346919969522e-7,1.919637455626824e-7,1.707296400092486e-7,1.5185452041761515e-7,6.753753311500789e-8
0.023850242964306656,0.03595170295628203,0.029190660375676303,0.024218901384492786,0.020340401784278428,0.017222595423369402,0.01466940860865057,0.01255187571710975,0.010779268837389444,0.009284806200714368,0.008017720003089174,0.006938479016729171,0.00601572916430132,0.005224238561961955,0.004543463785372251,0.003956518222516914,0.0034494106416121245,0.0030104711606465384,0.0026299107020763823,0.002299477725647356,0.0020121872638801386,0.0017621046243726443,0.0015441710458956905,0.0013540619763581022,0.0011880710107003319,0.0010430142190671413,0.0009161508253426598,0.0008051171025053906,0.0007078710290811512,0.0006226457637250257,0.0005479103879609641,0.00048233667085034217,0.0004247708465683134,0.00037420958289257397,0.00032977946697092426,0.0002907194534602789,0.00025636581579316364,0.00022613921866907697,0.00019953359307866864,0.0001761065468518638,0.0001554710862371766,0.00013728845922386743,0.00012126196052071126,0.0001071315624589916,9.466925639990795e-5,8.367500633855692e-5,7.39732307666011e-5,6.54097409649322e-5,5.784907417712452e-5,5.11721688165091e-5,4.527433626078689e-5,4.006349010046511e-5,3.5458599080356e-5,3.138833458929337e-5,2.7789887497164044e-5,2.460793251944681e-5,2.179372120461598e-5,1.930428714538515e-5,1.7101749170458306e-5,1.5152700144025703e-5,1.3427670602838063e-5,1.1900657859619066e-5,1.0548712407154652e-5,9.35157450160582e-6,8.291354712644571e-6,7.352253015698311e-6,6.520311688410635e-6,5.783197866766519e-6,5.130012137688126e-6,4.5511199970245825e-6,4.0380033951428545e-6,3.5831299370992842e-6,3.1798376049681503e-6,2.822233131867836e-6,2.5051023873702807e-6,2.2238313337370684e-6,1.9743362887112318e-6,1.7530023844240266e-6,1.5566292460563057e-6,1.382383032471295e-6,1.2277540843891975e-6,1.0905195162858135e-6,9.687101682864837e-7,8.605814037561923e-7,7.645873000689065e-7,6.793578340157734e-7,6.036787105010419e-7,5.364735251380065e-7,4.767879878434127e-7,4.2377596699282207e-7,3.7668714189009946e-7,3.3485607645876774e-7,2.976925490498713e-7,2.646729925913455e-7,2.3533291646876208e-7,2.0926019652798177e-7,1.8608913289710379e-7,1.6549518703884827e-7,1.4719031972140756e-7,1.3091886074711112e-7,5.8226924657722326e-8
0.020593023400850008,0.031042407580070597,0.025204965738828022,0.02091232435562712,0.017563568678898023,0.014871576503530659,0.012667066598145038,0.010838695514498453,0.009308132326124485,0.008017720003089174,0.006923627177173597,0.005991723595445919,0.005194938775356234,0.0045114878656237895,0.003923633837704846,0.0034167968169328267,0.0029788967022441187,0.0025998575778283725,0.002271227368202601,0.0019858814776148384,0.0017377888514088294,0.0015218252336000465,0.001333622644999307,0.0011694470252663972,0.0010260980283780322,0.0009008264220170363,0.0007912656030649758,0.0006953745238872048,0.0006113899092868528,0.0005377860866818945,0.0004732410913488947,0.0004166079708083775,0.000366890417216827,0.00032322201809616667,0.0002848485438179168,0.0002511127927599527,0.00022144159764388247,0.00019533466333277426,0.0001723549609414822,0.0001521204477321625,0.00013429691897369608,0.00011859182833749574,0.00010474893861384072,9.254368555899482e-5,8.177915522031352e-5,7.228258986047959e-5,6.390235000848445e-5,5.650527061973635e-5,4.997435820271786e-5,4.420678328277423e-5,3.911212896362255e-5,3.461086179717217e-5,3.063299581125057e-5,2.7116924530205095e-5,2.4008399228569424e-5,2.1259634577256933e-5,1.8828525358751053e-5,1.6677960091167148e-5,1.4775219262341973e-5,1.3091447490230052e-5,1.1601190309625019e-5,1.0281987493126256e-5,9.114015855234207e-6,8.079775390084905e-6,7.163813378274238e-6,6.352481778365625e-6,5.633723811734824e-6,4.996886161743667e-6,4.432553658425436e-6,3.932403710268519e-6,3.489078084286507e-6,3.0960699332797877e-6,2.74762422876617e-6,2.43864998426964e-6,2.1646428523969133e-6,1.9216168516291674e-6,1.7060441309888483e-6,1.5148018135820717e-6,1.3451250758046106e-6,1.1945657213990533e-6,1.0609555988048962e-6,9.423742884945855e-7,8.37120556152967e-7,7.436871275169092e-7,6.6073839404779e-7,5.8709070522452e-7,5.21694943998615e-7,4.6362111819366037e-7,4.1204473214250534e-7,3.6623473089304163e-7,3.255428336603405e-7,2.893940949280145e-7,2.5727855059119805e-7,2.2874382322861278e-7,2.0338857541632113e-7,1.8085671295172784e-7,1.6083225134951333e-7,1.4303476908853185e-7,1.272153799649139e-7,1.1315316481092432e-7,5.032600489055187e-8
0.01781899564606615,0.02686130165557188,0.021810417280597683,0.01809613365686641,0.015198529576344155,0.01286918212275312,0.010961626104922628,0.00937952488269117,0.00805510467406323,0.006938479016729171,0.005991723595445919,0.005185307641035072,0.004495808613224475,0.0039043771992257476,0.003395666350562751,0.002957060667976616,0.002578107629271187,0.0022500888005445724,0.0019656907566880516,0.0017187486655850376,0.0015040438801374248,0.0013171423647383752,0.001154264460011989,0.001012179015213676,0.0008881166879803233,0.0007796984752000743,0.0006848764573339355,0.0006018844155475534,0.0005291964873148248,0.0004654924091599469,0.0004096281887568283,0.0003606112754874274,0.0003175794757443321,0.0002797829989632473,0.00024656913119126475,0.0002173691216804897,0.00019168693945370444,0.00016908961455997483,0.00014919892595440486,0.00013168423654219465,0.00011625630768567633,0.00010266195176996144,9.067940323647912e-5,8.011430668582132e-5,7.079623582463318e-5,6.257566981414191e-5,5.5321364312338646e-5,4.8918063547639164e-5,4.326450744088824e-5,3.8271694293277804e-5,3.386136508667611e-5,2.9964680158508128e-5,2.6521063027248838e-5,2.3477189592986322e-5,2.0786103883951748e-5,1.840644404587055e-5,1.6301764448908883e-5,1.4439941658952028e-5,1.2792653630499628e-5,1.1334922876024458e-5,1.0044715563995712e-5,8.9025895429761e-6,7.891385189963174e-6,6.995953761344733e-6,6.202918604068564e-6,5.500465173176642e-6,4.878156315058638e-6,4.326769719123453e-6,3.838154830169315e-6,3.4051068515693122e-6,3.021255763272625e-6,2.6809685362569276e-6,2.379262949697971e-6,2.1117316128838826e-6,1.8744749658906832e-6,1.6640421823157286e-6,1.4773790291104892e-6,1.31178185351581e-6,1.1648569673089654e-6,1.0344847871916022e-6,9.187881673921072e-7,8.161044282780234e-7,7.249606446331095e-7,6.440518091463075e-7,5.722215328375682e-7,5.084449844900338e-7,4.518138064297438e-7,4.0152277536026473e-7,3.568580042325542e-7,3.171865053968779e-7,2.8194695635639364e-7,2.5064152824552993e-7,2.22828653592366e-7,1.9811662437435385e-7,1.7615792420870886e-7,1.5664420973274287e-7,1.393018661775384e-7,1.2388807089552677e-7,1.1018730628567047e-7,9.800827040174591e-8,4.359056976907784e-8
0.015447468467943981,0.023286790375477928,0.0189083099713776,0.015688452848887924,0.013176533624192022,0.011157210763396347,0.009503522983604767,0.008131961996561937,0.006983778674306551,0.00601572916430132,0.005194938775356234,0.004495808613224475,0.0038980346049250214,0.0033852769181239306,0.0029442316214829192,0.002563962694517051,0.0022354089999407772,0.00195101259698241,0.001704433485036419,0.001490327333901819,0.0013041700292675366,0.0011421176144692478,0.0010008933970295855,0.000877696177718084,0.000770125094397672,0.0006761176686553259,0.0005938984394423218,0.00052193615480799,0.00045890793168374897,0.0004036691256691493,0.0003552279072278732,0.0003127237373671682,0.0002754090894600599,0.00024263388496427365,0.00021383220685275428,0.00018851093144336062,0.00016623998125575795,0.00014664395160080045,0.00012939490453598964,0.00011420615728513538,0.00010082691974951314,8.903765853287269e-5,7.864608381138159e-5,6.94836711492221e-5,6.140264351342994e-5,5.427334982223918e-5,4.798198566636038e-5,4.242860968395985e-5,3.752541572674432e-5,3.319522658975051e-5,2.9370179870279287e-5,2.599058060926264e-5,2.300389884791473e-5,2.036389322186981e-5,1.8029844269234737e-5,1.5965883318710278e-5,1.4140404711971723e-5,1.2525550737305417e-5,1.1096760047693934e-5,9.83237154811493e-6,8.71327677482201e-6,7.72261469549968e-6,6.84550364008361e-6,6.06880574842116e-6,5.38091990980315e-6,4.771599679645228e-6,4.231793103520081e-6,3.753501763110556e-6,3.3296566964059483e-6,2.954009137364211e-6,2.621034275053296e-6,2.3258464556541334e-6,2.064124445461869e-6,1.8320455427485194e-6,1.6262274754672018e-6,1.4436771512075392e-6,1.2817454400372225e-6,1.1380872705419943e-6,1.0106264062581616e-6,8.975243465301421e-7,7.971528628008841e-7,7.080697400621078e-7,6.289973450939184e-7,5.58803688117676e-7,4.964856845267473e-7,4.411543583419632e-7,3.9202175962271116e-7,3.483893952627264e-7,3.0963799624824306e-7,2.752184654984737e-7,2.4464386868100904e-7,2.1748234670027533e-7,1.9335084280946524e-7,1.7190954982700254e-7,1.5285699406594184e-7,1.3592568230912428e-7,1.2087824678969903e-7,1.0750403073072626e-7,9.561606366029661e-8,8.504838165184002e-8,3.782682642515251e-8
0.013413511101555753,0.020221027409009662,0.016419215984480484,0.013623395518780612,0.011442256215954322,0.009688826644483478,0.008252871810757179,0.007061884877862412,0.006064856188059034,0.005224238561961955,0.0045114878656237895,0.0039043771992257476,0.0033852769181239306,0.002939999359028417,0.002556992811141044,0.0022267615349476355,0.0019414376914636475,0.0016944586251719101,0.0014803191896226274,0.0012943787607728012,0.0011327088973978536,0.000991971734131642,0.0008693219602106499,0.0007623271377794807,0.0006689024459594194,0.0005872568882400522,0.0005158486920717603,0.0004533481390699614,0.0003986064452886698,0.0003506295992713763,0.00030855628651579,0.0002716391997414202,0.00023922916769783444,0.00021076164039058286,0.0001857451520054054,0.00016375144955538224,0.00014440702905488354,0.0001273858645033407,0.00011240315049768036,9.9209908347676e-5,8.758832947067014e-5,7.734774963392304e-5,6.832116403046877e-5,6.036220686643978e-5,5.3342530557935535e-5,4.714952925648642e-5,4.168435950153168e-5,3.6860217606750974e-5,3.260083916688868e-5,2.8839190964653066e-5,2.5516329718816653e-5,2.2580405664095215e-5,1.9985791974661666e-5,1.7692323638819228e-5,1.5664631610198094e-5,1.3871559962211355e-5,1.228565541191667e-5,1.0882719988551833e-5,9.641418834368918e-6,8.542936177443835e-6,7.570673417475575e-6,6.709984052422969e-6,5.9479408519202466e-6,5.2731312707589946e-6,4.675477607065718e-6,4.146078852888544e-6,3.6770715712704206e-6,3.261507467664158e-6,2.893245616847486e-6,2.566857560851075e-6,2.277543714673347e-6,2.0210597105331147e-6,1.7936514805391336e-6,1.5919980250515776e-6,1.4131609435076003e-6,1.254539916885921e-6,1.1138334301835984e-6,9.890041098438843e-7,8.782481265274226e-7,7.799681803509651e-7,6.927496438842329e-7,6.153394891924004e-7,5.46627670288484e-7,4.856306714374926e-7,4.314769665298823e-7,3.833941651243219e-7,3.406976473228496e-7,3.0278051326371844e-7,2.691046935569416e-7,2.391930852638232e-7,2.1262259389227e-7,1.8901797604218965e-7,1.680463897142444e-7,1.49412570179008e-7,1.328545589686357e-7,1.1813992199963065e-7,1.0506240032851584e-7,9.343894363849063e-8,8.310708234247147e-8,7.392259934162445e-8,3.2878733502475585e-8
0.011664261917308433,0.01758435277561332,0.014278469853232223,0.011847320365254405,0.009950654561978356,0.008425897897024082,0.007177199181692545,0.006141512323658671,0.005274483279052458,0.004543463785372251,0.003923633837704846,0.003395666350562751,0.0029442316214829192,0.002556992811141044,0.0022239050948432496,0.0019367113640476816,0.0016885700149390434,0.0014737743425842845,0.0012875371850311068,0.0011258231186358214,0.0009852159962030205,0.0008628132072977385,0.0007561404464640868,0.0006630824278209858,0.0005818261429831051,0.0005108140864626826,0.00044870547380887124,0.00039434392078015884,0.00034673038316496846,0.00030500040749883387,0.00026840493502337283,0.0002362940497011518,0.00020810317704709428,0.00018334133195534305,0.00016158108621989282,0.00014244998448121118,0.0001256231840921565,0.00011081713220172963,9.778412425374928e-5,8.630761336142576e-5,7.619816080196417e-5,6.728993508452815e-5,5.943768132026439e-5,5.251409452859115e-5,4.640754044397423e-5,4.102007575308914e-5,3.626572671751988e-5,3.206899105727076e-5,2.8363532996130737e-5,2.509104562453126e-5,2.2200258354202558e-5,1.9646070325358446e-5,1.7388793254306605e-5,1.5393489466474994e-5,1.3629392788404315e-5,1.2069401625634438e-5,1.0689634979003899e-5,9.469043377235411e-6,8.38906775792582e-6,7.433340243922685e-6,6.587421545869971e-6,5.838570405942146e-6,5.175541087466408e-6,4.588405425897678e-6,4.068396401289183e-6,3.607770577720659e-6,3.1996870911434424e-6,2.838101157370331e-6,2.517670327009208e-6,2.2336719353420267e-6,1.9819303875724992e-6,1.7587530885636903e-6,1.5608739732734706e-6,1.3854037222834596e-6,1.2297858594410874e-6,1.0917580263898574e-6,9.693178150373458e-7,8.606926142975209e-7,7.643129930671939e-7,6.787891994357922e-7,6.02890406716312e-7,5.355263812401255e-7,4.757312860635204e-7,4.226493687221298e-7,3.755223114158595e-7,3.336780484331234e-7,2.9652087872681035e-7,2.635227221010656e-7,2.3421538533313936e-7,2.0818372045134764e-7,1.850595711945581e-7,1.645164159973146e-7,1.4626462661238702e-7,1.3004727094949405e-7,1.1563639711602192e-7,1.0282974299275966e-7,9.144782219563912e-8,8.133134301234704e-8,7.233892193688406e-8,6.434505790824678e-8,2.861916864846026e-8
0.010156272324923693,0.015311290616588646,0.012432919813667676,0.010316136542136894,0.008664705111850357,0.007337081244126936,0.0062498127001109766,0.0053480086433006085,0.004593052255501939,0.003956518222516914,0.0034167968169328267,0.002957060667976616,0.002563962694517051,0.0022267615349476355,0.0019367113640476816,0.001686622832973786,0.0014705390085870303,0.0012834910675396313,0.0011213107990195696,0.0009804845070841076,0.0008580376835549269,0.0007514429460881347,0.0006585458310981018,0.000577504470138027,0.0005067401869448557,0.00044489677254660673,0.00039080671916525995,0.0003434630793695669,0.00030199590538775457,0.00026565244169738777,0.00023378041125416468,0.00020581386498196887,0.00018126116509247945,0.00015969475239359376,0.00014074241088333226,0.00012407979345159742,0.00010942401322380996,9.652813799467777e-5,8.517645210169653e-5,7.518037208349487e-5,6.637492056272318e-5,5.861567777618124e-5,5.177614260357989e-5,4.574544531181523e-5,4.0426362877172195e-5,3.573359503145632e-5,3.1592265294643016e-5,2.7936616411023134e-5,2.47088739815871e-5,2.1858255789733232e-5,1.9340107468052213e-5,1.7115147841224778e-5,1.5148809567497225e-5,1.3410662666419454e-5,1.1873910199718682e-5,1.051494681176857e-5,9.31297207738783e-6,8.24965167162318e-6,7.308820294124867e-6,6.476221077309939e-6,5.739276889987576e-6,5.086889543906185e-6,4.5092634241428306e-6,3.997750508998762e-6,3.544714132272284e-6,3.143409176297791e-6,2.787876676716931e-6,2.4728510727027155e-6,2.1936785584706e-6,1.946245184528643e-6,1.7269135246790425e-6,1.5324668716847939e-6,1.3600600525995886e-6,1.2071760663860567e-6,1.0715878445232626e-6,9.513245204316604e-7,8.446416686750602e-7,7.499950404618687e-7,6.660173791158382e-7,5.914979497302638e-7,5.253644612756709e-7,4.6666709805792264e-7,4.1456441156690813e-7,3.6831085335552156e-7,3.2724575593030145e-7,2.9078359164945247e-7,2.5840535974511667e-7,2.29650969481152e-7,2.0411250301677762e-7,1.8142825539144672e-7,1.6127746106900854e-7,1.4337562720812994e-7,1.2747040320404002e-7,1.133379242920025e-7,1.0077957432518545e-7,8.961911923883911e-8,7.97001683896606e-8,7.08839259569224e-8,6.304719897665522e-8,5.6080632485006645e-8,2.494357283825382e-8
0.008853546397835282,0.013347595279091906,0.010838530072056152,0.008993314814296716,0.007553733612814834,0.006396408358576633,0.005448597175118433,0.004662453852897819,0.0040043174891308125,0.0034494106416121245,0.0029788967022441187,0.002578107629271187,0.0022354089999407772,0.0019414376914636475,0.0016885700149390434,0.0014705390085870303,0.0012821519699187552,0.0011190775059156423,0.0009776821002824322,0.0008549027665013045,0.000748146521937075,0.0006552101409605538,0.0005742154712150109,0.0005035568513834243,0.0004418580479589023,0.00038793675627008754,0.00034077516717442857,0.0002994954370429308,0.00026333915008953674,0.0002316500522966192,0.0002038594819650224,0.00017947403458572903,0.00015806508771870056,0.00013925988093925002,0.0001227339009452844,0.00010820436595921582,9.542463904428384e-5,8.41794286445788e-5,7.428065810649001e-5,6.556390511169093e-5,5.788532772389569e-5,5.1119006811625994e-5,4.515464544277252e-5,3.9895574881910817e-5,3.525702435731154e-5,3.116461811346425e-5,2.755306859655198e-5,2.4365039113290014e-5,2.155015311778425e-5,1.9064130510081697e-5,1.686803407648747e-5,1.492761154419926e-5,1.3212720716762713e-5,1.1696826869933124e-5,1.0356563051293707e-5,9.17134518188485e-6,8.123034940140696e-6,7.19564433849322e-6,6.37507670320678e-6,5.648899462424488e-6,5.006144742348531e-6,4.437134290856225e-6,3.933325695461423e-6,3.4871772502425078e-6,3.092029163911944e-6,2.741999093698194e-6,2.4318902447734386e-6,2.1571104953084866e-6,1.913601200873278e-6,1.697774499826124e-6,1.5064580874139814e-6,1.336846554377751e-6,1.1864584975220858e-6,1.053098707029541e-6,9.348248208041779e-7,8.299179103473219e-7,7.368565281713187e-7,6.542938039183814e-7,5.810372261767107e-7,5.160307910535344e-7,4.583392369763511e-7,4.071341188715903e-7,3.616815046393931e-7,3.2133110265070273e-7,2.8550665196045717e-7,2.5369742699720975e-7,2.2545072603344762e-7,2.0036522834355348e-7,1.7808511852282945e-7,1.5829488851315195e-7,1.4071473836386257e-7,1.2509650611177754e-7,1.1122006534153399e-7,9.889013617714235e-8,8.793346184057154e-8,7.819630849316408e-8,6.954225102603016e-8,6.185021182353552e-8,5.501272334751792e-8,4.8934388794960205e-8,2.1765259036267644e-8
0.007726063003946737,0.011648024440019167,0.009458573216651306,0.007848388217024355,0.0065921561797421535,0.005582220149000838,0.004755107099257264,0.004069067325180045,0.003494728847478784,0.0030104711606465384,0.0025998575778283725,0.0022500888005445724,0.00195101259698241,0.0016944586251719101,0.0014737743425842845,0.0012834910675396313,0.0011190775059156423,0.000976753936997251,0.0008533496062784023,0.0007461916055251615,0.0006530171559924001,0.0005719035864437099,0.0005012118910704168,0.0004395408468062176,0.00038568943664502725,0.0003386258733208249,0.00029746191573745,0.0002614314639009085,0.00022987263749432284,0.0002022127091952262,0.00017795539103395786,0.00015667007040214096,0.00013798266909540282,0.0001215678593081749,0.00010714241851812745,9.445954362572394e-5,8.33039756782054e-5,7.348781154073122e-5,6.484689933774416e-5,5.7237731216867134e-5,5.05347607499102e-5,4.4628083681390166e-5,3.942143018805704e-5,3.483042469684292e-5,3.078107588439655e-5,2.720846502132616e-5,2.4055605476593707e-5,2.1272450118031737e-5,1.881502667327859e-5,1.664468393306021e-5,1.4727434075284258e-5,1.3033378432491366e-5,1.1536205765152752e-5,1.0212753598190662e-5,9.042624455412278e-6,8.007849921619337e-6,7.092596406389545e-6,6.282907295137815e-6,5.566476871365428e-6,4.932451999989804e-6,4.3712580808337925e-6,3.874446234595374e-6,3.4345590742370003e-6,3.0450127530817485e-6,2.6999932754808427e-6,2.3943653111773902e-6,2.123591977084153e-6,1.883664242491213e-6,1.6710387827102295e-6,1.482583252711831e-6,1.3155280798010825e-6,1.1674239861470174e-6,1.0361045494383933e-6,9.196531948729556e-7,8.163740863128573e-7,7.247664492132092e-7,6.435019150994401e-7,5.714045272583164e-7,5.074330907937359e-7,4.506655886600139e-7,4.0028541881104045e-7,3.55569236997689e-7,3.15876215729184e-7,2.806385524391548e-7,2.4935307994403626e-7,2.2157384979595604e-7,1.9690557444549853e-7,1.7499782774833696e-7,1.5553991519136982e-7,1.382563357512637e-7,1.2290276644865027e-7,1.0926250882721948e-7,9.714334372479856e-8,8.637474697931875e-8,7.680542428597445e-8,6.830112829267075e-8,6.07427253420878e-8,5.4024483072873434e-8,4.8052553430079874e-8,4.274362860745381e-8,1.9011875027426485e-8
