0.061341554748327365,0.0936731053225972,0.07677654683048174,0.06424576354545852,0.054394267090465576,0.04641604187486226,0.03983539160578109,0.03433888938122209,0.029705519234026645,0.02577212945881957,0.022414277404179284,0.019534702921837677,0.017055952004546793,0.014915424515931752,0.013061919609346107,0.011453149603351725,0.010053904138930925,0.00883466500917321,0.007770541835768113,0.0068404414956954596,0.006026411275565663,0.005313113406492223,0.004687400475295492,0.00413796933415507,0.003655076821238723,0.0032303046639698962,0.002856363884042472,0.002526931193738806,0.002236511495314758,0.00198032182144757,0.0017541929944997273,0.0015544860083477156,0.0013780207034040821,0.001222014752622954,0.0010840313310008856,0.0009619341251356703,0.0008538485685095978,0.0007581283734194918,0.0006733265822176475,0.0005981704847021554,0.0005315398507723026,0.00047244801236306054,0.0004200253992080183,0.0003735051919592589,0.0003322108054449836,0.0002955449565106901,0.00026298010594856275,0.00023405009362558512,0.000208342811166419,0.000185493777968471,0.00016518050460959935,0.00014711754336596636,0.0001310521389133938,0.00011676040382634654,0.00010404395337710844,9.272694264261762e-5,8.265345630130753e-5,7.368520786296424e-5,6.569951056656256e-5,5.858748697897356e-5,5.2252488440769846e-5,4.660869912688655e-5,4.157990261931168e-5,3.709839161025394e-5,3.310400373907128e-5,2.9543268639975755e-5,2.6368653097702034e-5,2.3537892783092912e-5,2.1013400437284036e-5,1.876174158816572e-5,1.6753169943584914e-5,1.4961215542895457e-5,1.3362319569085223e-5,1.1935510441926249e-5,1.0662116448477936e-5,9.525510720005486e-6,8.510884856865444e-6,7.605047934364153e-6,6.796247999698652e-6,6.074013506942021e-6,5.429012431426702e-6,4.8529270643442914e-6,4.338342719792011e-6,3.878648787002399e-6,3.4679507410508953e-6,3.100991883598023e-6,2.7730837239537634e-6,2.4800440355340184e-6,2.2181417312979268e-6,1.9840477993895617e-6,1.7747916249201163e-6,1.5877221003549104e-6,1.4204729940308475e-6,1.2709321055365402e-6,1.1372137897969274e-6,1.0176344781914287e-6,9.106908666300376e-7,8.150404773316625e-7,7.294843334374266e-7,6.529515147455351e-7,2.922426942785396e-7
0.0936731053225972,0.1430504724578352,0.11725011709564725,0.09811571197260038,0.08307226154366476,0.07088910954033922,0.06083994245717572,0.05244620468836203,0.04537043628016879,0.03936352603850346,0.034235464859191156,0.029837746730926318,0.026052106361110994,0.022782957963020933,0.019952120744337387,0.01749502305089151,0.015357899368831751,0.01349567541794433,0.011870343116284904,0.010449692436012598,0.009206308507526906,0.00811676931613961,0.007160997417428844,0.006321731504750072,0.005584092350529105,0.004935223840447006,0.004363994319786263,0.003860746785028263,0.0034170889305693147,0.0030257159326175856,0.002680260287142071,0.002375164127186205,0.002105570310359725,0.0018672292500433105,0.001656419005423737,0.0014698765791623103,0.001304738721292411,0.0011584908207891154,0.0010289226979324495,0.0009140903001752139,0.0008122824603834268,0.0007219920059417153,0.0006418906149097351,0.0005708069054674511,0.0005077073200864275,0.0004516794294806836,0.000401917334920069,0.00035770889269344346,0.0003184245230553294,0.00028350739869806296,0.00025246483570755436,0.0002248607338677308,0.00020030893357213427,0.0001784673742231454,0.00015903295409849978,0.00014173700465140498,0.00012634130347195186,0.00011263455985015746,0.00010042931526729531,8.955920846874998e-5,7.987656105287581e-5,7.125024504063202e-5,6.356379866966533e-5,5.671376081215385e-5,5.06081980576232e-5,4.516540166885714e-5,4.031273439866897e-5,3.5985609560251655e-5,3.212658687689902e-5,2.868457149243569e-5,2.5614104143765744e-5,2.2874731928191922e-5,2.0430450351470464e-5,1.8249208439496207e-5,1.6302469667696493e-5,1.4564822306419793e-5,1.3013633532805947e-5,1.162874231862003e-5,1.0392186679510844e-5,9.287961385668903e-6,8.301802683524629e-6,7.420996974442706e-6,6.634210749850803e-6,5.931339388507242e-6,5.303372697419801e-6,4.742275319683328e-6,4.240880344415828e-6,3.7927946445946806e-6,3.3923146343649323e-6,3.034351286541846e-6,2.7143633804407023e-6,2.4282980670767217e-6,2.1725379412272e-6,1.9438539002977314e-6,1.7393631510729182e-6,1.5564917964523814e-6,1.3929414978214465e-6,1.246659764960368e-6,1.1158134748780267e-6,9.987652655003485e-7,4.470262447066737e-7
0.07677654683048174,0.11725011709564725,0.09610473120776475,0.0804223628662517,0.06809272509596775,0.0581072574157484,0.049870722654723365,0.04299092800297444,0.03719131226532457,0.03226771836182496,0.028064424937838006,0.024459723562370195,0.021356688954145497,0.01867698240034693,0.01635652917984709,0.014342407776319566,0.01259055275894877,0.011064021566996013,0.009731662752839293,0.008567076703645982,0.007547793738642339,0.006654616595475726,0.0058710891376589774,0.0051830632831244144,0.004578343274001556,0.004046391486669451,0.0035780836690786633,0.0031655042080575985,0.002801774059067362,0.002480905505151239,0.002197679087667735,0.00194753895977344,0.001726503622907563,0.001531089566027502,0.0013582457711762384,0.001205297404371787,0.0010698972974689525,0.0009499840584389699,0.0008437458373773271,0.0007495889309210059,0.0006661105357299961,0.0005920750679172526,0.0005263935535691471,0.0004681056692977508,0.00041636407339450815,0.00037042072029035145,0.0003296148948967797,0.00029336274044886295,0.0002611480850619593,0.0002325143990196902,0.00020705773768958918,0.00018442054455606455,0.00016428620557379326,0.00014637426048727618,0.00013043618913713764,0.00011625170141732564,0.00010362546877708918,9.238424312196097e-5,8.237431584143273e-5,7.345927569589743e-5,6.55180294435796e-5,5.8443053620944744e-5,5.213884980696348e-5,4.652057910768247e-5,4.151285458263779e-5,3.704867293033323e-5,3.306846902840902e-5,2.951927889532208e-5,2.6353998388791897e-5,2.353072647721347e-5,2.101218324816848e-5,1.87651939913524e-5,1.6760231720572467e-5,1.4971011398621104e-5,1.3374129924935256e-5,1.1948746637956392e-5,1.06762997007108e-5,9.540254278334628e-6,8.525878888419755e-6,7.620046726833921e-6,6.811059140287217e-6,6.0884887418032675e-6,5.443039955030368e-6,4.866425024401501e-6,4.35125375425765e-6,3.890935438239637e-6,3.4795916139828992e-6,3.1119784344246586e-6,2.7834175829353225e-6,2.489734781766718e-6,2.227205049404198e-6,1.9925039582605433e-6,1.7826642281428768e-6,1.595037065081223e-6,1.4272577216309372e-6,1.2772148129904494e-6,1.143022975378367e-6,1.022998499238029e-6,9.156376104081606e-7,8.195971089213015e-7,3.6683855364507574e-7
0.06424576354545852,0.09811571197260038,0.0804223628662517,0.0672999952068758,0.0569829232608241,0.048627280102440995,0.041735027437089456,0.03597801444448101,0.03112483932972132,0.027004680833661587,0.02348724389169765,0.020470692100328924,0.01787392519080766,0.015631394371316776,0.013689485643737453,0.012003917020163735,0.010537816530840127,0.00926027204691024,0.008145217000615546,0.007170560820127819,0.006317501240825335,0.005569974159643831,0.004914209097682351,0.004338366843775088,0.003832241809057696,0.003387015872057128,0.002995053579493756,0.0026497308401988717,0.0023452909478123216,0.0020767230516392163,0.001839659178855313,0.0016302866712748568,0.001445273493345084,0.0012817043361524998,0.0011370258135744611,0.0010089993440749838,0.0008956605514878514,0.0007952842120708889,0.0007063539339721651,0.0006275358852469697,0.000557655993638103,0.0004956801302142093,0.000440696862805328,0.00039190242692317863,0.00034858761341768126,0.00031012631574366904,0.0002759655164174882,0.0002456165232405348,0.00021864729229924447,0.00019467569718010103,0.00017336362298148254,0.0001544117800984235,0.00013755514674111072,0.0001225589612326521,0.00010921519548624152,9.733944996785236e-5,8.6768218173593e-5,7.735647531183286e-5,6.897555163160279e-5,6.15112558635751e-5,5.4862218547751434e-5,4.89384288149356e-5,4.365994146671344e-5,3.8955734048830314e-5,3.4762696110794146e-5,3.102473501663896e-5,2.7691984578380024e-5,2.4720104433242646e-5,2.2069659548881e-5,1.970557051360149e-5,1.7596626379866255e-5,1.571505281113629e-5,1.403612914185735e-5,1.253784871285018e-5,1.1200617510613906e-5,1.0006986718170751e-5,8.941415301112532e-6,7.990059204604933e-6,7.140584132246414e-6,6.381999230673863e-6,5.704509312305504e-6,5.099383520520626e-6,4.558838584098286e-6,4.0759350178703845e-6,3.644484815783664e-6,3.2589693484426618e-6,2.914466322609704e-6,2.606584790936116e-6,2.331407313946523e-6,2.0854384786456293e-6,1.8655590669168826e-6,1.6689852471100372e-6,1.4932322325185658e-6,1.3360819125180608e-6,1.1955540178193676e-6,1.0698804300299198e-6,9.574822893289954e-7,8.569495926703619e-7,7.670230088862371e-7,6.865776676382536e-7,3.073043530570303e-7
0.054394267090465576,0.08307226154366476,0.06809272509596775,0.0569829232608241,0.04824806518834235,0.04117375143075519,0.03533835294386323,0.030464063238751837,0.026354981095983554,0.022866491223494323,0.019888286777661912,0.017334153320858803,0.015135431150440748,0.013236626118681427,0.011592347855536395,0.010165106328874185,0.00892368474174135,0.007841911853029793,0.006897718657965596,0.006072402235897237,0.005350043568611573,0.004717041798040986,0.004161737888452421,0.0036741078604109745,0.0032455108070756356,0.0028684805008616157,0.0025365520107150583,0.0022441166738151885,0.0019863002032043664,0.0017588597995874117,0.001558096968397326,0.001380783386630384,0.0012240976663440081,0.0010855712580040838,0.0009630420512358392,0.0008546144822709524,0.0007586251604258104,0.0006736131901286524,0.0005982944994960947,0.0005315395965108764,0.0004723542644980601,0.0004198627838413998,0.00037329332939653806,0.00033196524533189546,0.0002952779427811379,0.0002627012026208903,0.0002337666967619119,0.00020806056758376767,0.00018521692752062387,0.0001649121597939278,0.00014685991749460552,0.00013080673209661534,0.00011652815432342759,0.0001038253605199894,9.252216644915073e-5,8.246239797151896e-5,7.350757460623499e-5,6.55348676095336e-5,5.8435299077343314e-5,5.211215283236004e-5,4.6479571503264404e-5,4.14613174150682e-5,3.6989677684634505e-5,3.300449632855464e-5,2.9452318305507727e-5,2.6285632254307092e-5,2.3462200303127573e-5,2.094446472206428e-5,1.8699022430017755e-5,1.6696159444580766e-5,1.4909438304518943e-5,1.3315332325736988e-5,1.1892901279586228e-5,1.0623503719503795e-5,9.490541746107927e-6,8.479234491245551e-6,7.576417038436062e-6,6.7703618799764425e-6,6.050620345562406e-6,5.407881736189295e-6,4.833848158326977e-6,4.3211232836128934e-6,3.8631134646748575e-6,3.453939815636632e-6,3.0883600261092617e-6,2.7616988179400478e-6,2.469786077121526e-6,2.20890180402872e-6,1.9757271214779307e-6,1.767300666773866e-6,1.5809797691122788e-6,1.4144058816478413e-6,1.2654737970743844e-6,1.1323042281314314e-6,1.0132193816075003e-6,9.067211956877112e-7,8.11471947428972e-7,7.262769698432949e-7,6.500692468309312e-7,5.818956800976509e-7,2.6045242250872193e-7
0.04641604187486226,0.07088910954033922,0.0581072574157484,0.048627280102440995,0.04117375143075519,0.035137111877568517,0.030157607017560095,0.02599819824782179,0.022491732135103082,0.019514814635926025,0.016973325180913823,0.014793699919757763,0.012917353513025254,0.01129693410730681,0.00989371090486571,0.00867569410092009,0.007616246573924262,0.006693036378919187,0.005887231867160628,0.005182873568414834,0.004566377446469955,0.0040261375049526205,0.00355220467632561,0.0031360250721271105,0.00277022497560888,0.00244843302742085,0.002165132283816519,0.001915536468105522,0.0016954859627571414,0.0015013600168000893,0.0013300023537803664,0.001178657914512861,0.0010449188975155885,0.0009266785981449192,0.0008220918156778417,0.0007295408123774456,0.0006476059818205371,0.0005750405238515305,0.0005107485382721821,0.0004537660432763248,0.00040324450198047507,0.00035843650460287615,0.0003186833071835435,0.00028340397234071033,0.0002520858948057078,0.000224276525988526,0.00019957613834089682,0.0001776314926745584,0.00015813029068627478,0.00014079631114314282,0.00012538514201035833,0.00011168043264647232,9.949060029364708e-5,8.86459338203375e-5,7.899604515409706e-5,7.040762527598136e-5,6.276246722732178e-5,5.595572339172185e-5,4.98943684702029e-5,4.4495843197568706e-5,3.968685696029595e-5,3.5402330216556814e-5,3.158445998700679e-5,2.8181893744190153e-5,2.51489988331746e-5,2.2445216125402357e-5,2.0034487985299784e-5,1.7884751821038822e-5,1.5967491548026435e-5,1.4257340213362686e-5,1.2731727832464366e-5,1.137056919846952e-5,1.0155987046275253e-5,9.072066496790086e-6,8.104637188420099e-6,7.241079921289754e-6,6.470155012604922e-6,5.781849888269479e-6,5.1672437214185486e-6,4.618387183630455e-6,4.128195597527526e-6,3.690353975980526e-6,3.299232608407223e-6,2.9498120065202526e-6,2.637616158649854e-6,2.3586531616545775e-6,2.109362404522695e-6,1.886567572306396e-6,1.6874348212429893e-6,1.5094355498957903e-6,1.3503132553305012e-6,1.208054021334802e-6,1.0808602365052283e-6,9.671271848934757e-7,8.654221921545575e-7,7.744660453713786e-7,6.931164362573931e-7,6.20353205347976e-7,5.552651893415595e-7,4.970384958525142e-7,2.2247302466154074e-7
0.03983539160578109,0.06083994245717572,0.049870722654723365,0.041735027437089456,0.03533835294386323,0.030157607017560095,0.025884066767994707,0.02231431727478289,0.019304915175397508,0.016749968965410922,0.014568708004897624,0.012698002302288014,0.011087575623318857,0.009696791732920679,0.008492412563380958,0.00744698485662576,0.006537648798974172,0.005745239112002989,0.005053594350091659,0.004449017884532017,0.003919851623812393,0.00345613499005204,0.003049329356870155,0.002692093427389533,0.002378098723719038,0.0021018769932962533,0.0018586932501046122,0.0016444395771910772,0.0014555458695628652,0.0012889044922349407,0.0011418064380036008,0.0010118870406109065,0.0008970796668060915,0.0007955761009682122,0.0007057925661288281,0.0006263405095517684,0.000556001429691479,0.0004937051415634993,0.00043851097602730024,0.00038959148906027655,0.0003462183234714507,0.0003077499205973045,0.0002736208252955225,0.00024333236582791372,0.00021644452218691056,0.00019256882346046535,0.00017136213758372305,0.00015252123604065975,0.00013577803246448252,0.00012089540798950263,0.0001076635480744795,9.58967256806532e-5,8.543047435731021e-5,7.611910227966665e-5,6.783350470322431e-5,6.045923782018836e-5,5.389482179166062e-5,4.80502448590265e-5,4.284564400387975e-5,3.821014074124093e-5,3.408081330179703e-5,3.040178881067823e-5,2.712344110258403e-5,2.4201681580367077e-5,2.1597332073090424e-5,1.9275569996485145e-5,1.7205437301024502e-5,1.535940571573889e-5,1.3712991703237955e-5,1.2244415330733334e-5,1.0934297951001559e-5,9.765394196116218e-6,8.722354319972466e-6,7.791513392313898e-6,6.960704260183321e-6,6.219091551909191e-6,5.557024318809703e-6,4.965905190213777e-6,4.438074162493841e-6,3.966705361767566e-6,3.545715311289741e-6,3.169681403225507e-6,2.833769424945847e-6,2.5336691203393813e-6,2.265536884035567e-6,2.0259447893424996e-6,1.8118352409096796e-6,1.620480624277432e-6,1.4494473950462481e-6,1.2965641139017624e-6,1.1598929888276724e-6,1.0377045356188612e-6,9.284550114308722e-7,8.307663146163437e-7,7.434080786528051e-7,6.652817182104692e-7,5.954062124734181e-7,5.329054347866179e-7,4.769968587765557e-7,4.269814900667791e-7,1.9111744471865105e-7
0.03433888938122209,0.05244620468836203,0.04299092800297444,0.03597801444448101,0.030464063238751837,0.02599819824782179,0.02231431727478289,0.01923708740490343,0.016642867639150682,0.01444038443686585,0.012560016948759967,0.010947349530081474,0.009559045739066102,0.008360078280004068,0.0073217966862411665,0.006420536707979624,0.005636593430340259,0.004953446469430231,0.004357164628775126,0.0038359412994447006,0.003379727031213073,0.0029799355888194615,0.002629206431636326,0.002321211100387209,0.002050494177367912,0.0018123417569851155,0.00160267201198281,0.0014179436546787605,0.0012550789998438429,0.0011113990216880046,0.0009845683230217221,0.0008725483407074769,0.000773557428567051,0.0006860367090058377,0.0006086207830089171,0.0005401125470321216,0.0004794614934498908,0.0004257449748353657,0.0003781519972198893,0.00033596917693216096,0.0002985685528234987,0.00026539699317307004,0.00023596697602068593,0.00020984855466592116,0.00018666234762261882,0.00016607341562529946,0.0001477859078963216,0.00013153837644487966,0.00011709967129259384,0.00010426534150505566,9.285447713781913e-5,8.270693596573037e-5,7.368090633742743e-5,6.565076395470115e-5,5.850518590981568e-5,5.2145490073253215e-5,4.6484172051649035e-5,4.144361549551984e-5,3.6954954610142086e-5,3.2957070408508576e-5,2.939570454764894e-5,2.6222676616901404e-5,2.3395192498603323e-5,2.0875232945121423e-5,1.8629012851356305e-5,1.662650286294139e-5,1.4841005979549947e-5,1.3248782694514228e-5,1.1828718994148611e-5,1.0562032220613694e-5,9.432010396252788e-6,8.423781132240295e-6,7.52410670403812e-6,6.721202278482002e-6,6.004574633547972e-6,5.3648790215061895e-6,4.793792102105159e-6,4.283899114181802e-6,3.828593665394274e-6,3.4219887085476167e-6,3.05883743796487e-6,2.734462984773198e-6,2.4446959196843456e-6,2.185818684233531e-6,1.9545161726598263e-6,1.7478317753349306e-6,1.563128272421722e-6,1.398053036411318e-6,1.2505070630336577e-6,1.11861740478766e-6,1.0007126288420084e-6,8.953009639783763e-7,8.010508388617167e-7,7.167735471312464e-7,6.414078045980377e-7,5.740059899138972e-7,5.137218834120558e-7,4.5979973947928283e-7,4.1156454599124204e-7,3.684133407033451e-7,1.6490373445657966e-7
0.029705519234026645,0.04537043628016879,0.03719131226532457,0.03112483932972132,0.026354981095983554,0.022491732135103082,0.019304915175397508,0.016642867639150682,0.014398640000226726,0.012493280290523406,0.01086656592950197,0.009471426717279435,0.008270375891397258,0.007233114061689777,0.006334857780511932,0.005555136680709227,0.004876905235229448,0.004285872560485432,0.003769987450150031,0.0033190365001567884,0.0029243262850711937,0.0025784290978910288,0.0022749774952086563,0.002008496821315195,0.0017742676379053912,0.001568211949864784,0.0013867985435901536,0.001226963804339034,0.0010860451639093036,0.0009617249231781318,0.0008519826486672495,0.0007550546935210338,0.0006693996675266618,0.0005936688971319663,0.0005266810880228227,0.0004674005402394623,0.0004149183766482354,0.00036843633520909115,0.00032725274889131885,0.00029075039716582214,0.00025838596248464914,0.00022968086623437363,0.00020421329277691726,0.00018161123872852299,0.00016154644845828032,0.00014372911694851857,0.00012790325812406592,0.00011384265108361612,0.00010134728888364867,9.024026489200883e-5,8.036504057669066e-5,7.158304617318383e-5,6.377157213805656e-5,5.682191488261788e-5,5.063774506710336e-5,4.5133670852813665e-5,4.0233972079948524e-5,3.587148441826205e-5,3.1986615196651666e-5,2.8526474940929105e-5,2.5444110640722396e-5,2.269782852018997e-5,2.0250595602746787e-5,1.8069510677888546e-5,1.612533643328501e-5,1.439208551974765e-5,1.2846654198376574e-5,1.146849798202895e-5,1.0239344359927964e-5,9.142938282891177e-6,8.164816600620144e-6,7.292108096603443e-6,6.513356163849563e-6,5.8183615127319315e-6,5.198042610417893e-6,4.64431181925258e-6,4.149965440196867e-6,3.7085860765739896e-6,3.314455916190247e-6,2.9624796932176323e-6,2.648116233967288e-6,2.367317616493808e-6,2.1164750861971804e-6,1.892370966823071e-6,1.6921358938383203e-6,1.5132107739245392e-6,1.3533129416236903e-6,1.2104060447088427e-6,1.0826732424982772e-6,9.68493348705687e-7,8.664195915215566e-7,7.751607007592202e-7,6.93564064443928e-7,6.20600725957816e-7,5.553520186327226e-7,4.969976572480281e-7,4.4480512608320884e-7,3.981202210511337e-7,3.563586191625503e-7,3.189983627292111e-7,1.4278657909712657e-7
0.02577212945881957,0.03936352603850346,0.03226771836182496,0.027004680833661587,0.022866491223494323,0.019514814635926025,0.016749968965410922,0.01444038443686585,0.012493280290523406,0.010840163918584916,0.00942879064283611,0.008218325616501626,0.007176247740688146,0.006276271062453043,0.005496894799254484,0.004820359848732789,0.004231878234317296,0.003719051704660331,0.003271424995981792,0.0028801372013514195,0.0025376460547538587,0.0022375073565996037,0.001974196738038718,0.0017429643721520727,0.0015397156283982263,0.0013609123703115025,0.0012034908334762236,0.0010647929317148357,0.0009425085202445574,0.0008346266591814089,0.0007393943151667772,0.0006552812435739689,0.0005809500316560027,0.0005152304706588159,0.00045709757379117956,0.00040565267615243726,0.00036010714886977775,0.00031976833744519484,0.0002840273979975508,0.00025234875720077897,0.00022426096464544815,0.00019934874198440904,0.000177246062828605,0.00015763012211539914,0.00014021607434508898,0.0001247524375712376,0.00011101707474752169,9.881367646222923e-5,8.796867969011594e-5,7.832856618481465e-5,6.975749181123013e-5,6.213520469139345e-5,5.535521564528829e-5,4.932318925443199e-5,4.395552802858953e-5,3.917812572769167e-5,3.4925268988511256e-5,3.1138669077186015e-5,2.776660789553505e-5,2.4763184384613934e-5,2.208764919689693e-5,1.9703817029995455e-5,1.757954732966384e-5,1.568628521323698e-5,1.3998655466793944e-5,1.2494103340798585e-5,1.115257663393917e-5,9.956244216740591e-6,8.889246733623159e-6,7.937475732822753e-6,7.0883779195182815e-6,6.330781621516807e-6,5.654742901882302e-6,5.051409054891416e-6,4.512897489106782e-6,4.032188233803657e-6,3.6030285121245182e-6,3.2198480058161455e-6,2.8776835950266878e-6,2.572112498353557e-6,2.299192862188601e-6,2.055410957576142e-6,1.8376342401776733e-6,1.643069613310746e-6,1.4692263100204865e-6,1.3138828767551489e-6,1.1750577996081662e-6,1.0509833666217118e-6,9.400824053296891e-7,8.409475758281858e-7,7.523229353280765e-7,6.730875223728383e-7,6.02240737145908e-7,5.388893192277383e-7,4.822357465335089e-7,4.3156789874457885e-7,3.862498460700509e-7,3.4571363968814477e-7,3.0945199386314604e-7,2.7701176201941246e-7,1.239940599428863e-7
0.022414277404179284,0.034235464859191156,0.028064424937838006,0.02348724389169765,0.019888286777661912,0.016973325180913823,0.014568708004897624,0.012560016948759967,0.01086656592950197,0.00942879064283611,0.008201256524695083,0.00714845138929468,0.0062420929805546005,0.0054593213578754685,0.004781437954628834,0.004192998128238534,0.003681141062985227,0.003235084166163374,0.00284573457069949,0.0025053859541353113,0.0022074787662026765,0.0019464084088391814,0.0017173702351487574,0.0015162331998645959,0.0013394360708011595,0.0011839015922901416,0.0010469650673453797,0.0009263146174513515,0.0008199409709236972,0.0007260950783174753,0.0006432521963344266,0.0005700813466378799,0.0005054192628699394,0.00044824810236078483,0.00039767632847787643,0.00035292227322988954,0.00031329997335492396,0.0002782069407342401,0.00024711358335481083,0.00021955403836520972,0.00019511821609879357,0.00017344488492628636,0.00015421565254540234,0.0001371497208440607,0.00012199930945198034,0.00010854565830537141,9.659553234798177e-5,8.597816230009742e-5,7.654256464409621e-5,6.815519179636446e-5,6.0697870111045896e-5,5.4065989078285696e-5,4.8166909956715216e-5,4.2918566294582704e-5,3.824823240531326e-5,3.409143896951838e-5,3.0391017629274506e-5,2.709625876390581e-5,2.416216864274364e-5,2.1548813903223658e-5,1.9220742805456652e-5,1.7146474037699503e-5,1.5298044990680955e-5,1.3650612413168442e-5,1.2182099232750448e-5,1.0872882083744683e-5,9.705514749462852e-6,8.664483301699141e-6,7.735989230941607e-6,6.907757305021163e-6,6.168865281765373e-6,5.509592943917237e-6,4.92128822467777e-6,4.396248454904169e-6,3.9276149955803046e-6,3.509279721355084e-6,3.135802001111724e-6,2.8023349793847505e-6,2.504560100410315e-6,2.238628939861991e-6,2.001111517055786e-6,1.7889503553656622e-6,1.5994196432955456e-6,1.4300889220436327e-6,1.278790791496688e-6,1.1435921845351283e-6,1.0227688103217115e-6,9.147824129431655e-7,8.182605315125332e-7,7.319784836009291e-7,6.548433248931447e-7,5.85879565997234e-7,5.242164519051585e-7,4.6907663129334013e-7,4.1976606231291484e-7,3.756650185542395e-7,3.3622007411430967e-7,3.009369601913517e-7,2.693741975020464e-7,2.4113741950499046e-7,1.079371554185364e-7
0.019534702921837677,0.029837746730926318,0.024459723562370195,0.020470692100328924,0.017334153320858803,0.014793699919757763,0.012698002302288014,0.010947349530081474,0.009471426717279435,0.008218325616501626,0.00714845138929468,0.006230856094578935,0.005440892352930771,0.004758638101381996,0.004167797746494117,0.0036549113674858164,0.0032087707600104293,0.0028199788272516013,0.0024806110230665215,0.002183951143760285,0.0019242823770297124,0.001696720138879372,0.0014970769962813456,0.001321752558109967,0.0011676430268137243,0.001032066394338893,0.0009127002032755759,0.0008075294845092916,0.000714802998601936,0.0006329962981193732,0.0005607804270058424,0.0004969953039995513,0.00044062701737268735,0.00039078840049379567,0.00034670237052513483,0.0003076876029075191,0.00027314618715023296,0.00024255296836329931,0.00021544632723177921,0.00019142019062655825,0.00017011709757680732,0.00015122217233372662,0.00013445787869122974,0.00011957944849059045,0.00010637089290331829,9.464151834129731e-5,8.422287999673857e-5,7.496611543345607e-5,6.673960868339764e-5,5.942694211824367e-5,5.292509918359569e-5,4.714288606568482e-5,4.199954461079963e-5,3.742353249068357e-5,3.335144975441973e-5,2.972709361439901e-5,2.650062566161718e-5,2.362783773040845e-5,2.106950438119455e-5,1.87908114974803e-5,1.676085180304178e-5,1.4952179258524516e-5,1.3340415293295444e-5,1.1903900695075419e-5,1.0623387739502828e-5,9.481767802359113e-6,8.463830277048994e-6,7.556049121627617e-6,6.746393804718293e-6,6.024161806830354e-6,5.379830171627653e-6,4.80492390038586e-6,4.29189924443898e-6,3.834040179359979e-6,3.4253665473423937e-6,3.0605525304693227e-6,2.734854274594191e-6,2.4440456211459455e-6,2.1843610244278464e-6,1.9524448394235477e-6,1.745306259026214e-6,1.5602792623768463e-6,1.3949870098302176e-6,1.2473101840385531e-6,1.1153588342610978e-6,9.974473315160106e-7,8.920720864644909e-7,7.978917217509332e-7,7.13709425161958e-7,6.384572411401781e-7,5.711820852342028e-7,5.110332905048546e-7,4.5725151632362306e-7,4.0915886890836884e-7,3.6615009990621124e-7,3.2768476418324335e-7,2.9328023126991995e-7,2.625054566756942e-7,2.3497542963536957e-7,2.1034622316713907e-7,9.41552902686256e-8
0.017055952004546793,0.026052106361110994,0.021356688954145497,0.01787392519080766,0.015135431150440748,0.012917353513025254,0.011087575623318857,0.009559045739066102,0.008270375891397258,0.007176247740688146,0.0062420929805546005,0.005440892352930771,0.004751127222086968,0.004155404336287041,0.0036394965003922197,0.0031916521856686364,0.0028020857176479924,0.002462592610339702,0.0021662539947585324,0.0019072059558683727,0.0016804571105562272,0.0014817426676597273,0.0013074064997480178,0.0011543050129240694,0.0010197281810360066,0.0009013342378077667,0.0007970953388214408,0.0007052521079437771,0.0006242754332170027,0.0005528342177074583,0.0004897680517365176,0.0004340639744941921,0.00038483665043153106,0.00034131140998445216,0.0003028097026713406,0.00026873658947523197,0.00023856996503449253,0.00021185125160393461,0.00018817734888273334,0.00016719365828534892,0.00014858802863195473,0.00013208549381049,0.00011744369254980186,0.00010444887682273078,9.291242907594568e-5,8.266782005538539e-5,7.356794873355577e-5,6.548281406817589e-5,5.829747533430351e-5,5.191026372275832e-5,4.623121297677314e-5,4.118068118880126e-5,3.668813959013665e-5,3.269110737283106e-5,2.9134214331196667e-5,2.5968375473654792e-5,2.3150063805393634e-5,2.0640669250175073e-5,1.840593320619774e-5,1.6415449564729395e-5,1.464222416371454e-5,1.3062285655510088e-5,1.1654341638059443e-5,1.039947465553278e-5,9.280873337710925e-6,8.283594524154694e-6,7.394352725506766e-6,6.601333712321462e-6,5.894029410415721e-6,5.263091619787447e-6,4.700202369313871e-6,4.197958980240379e-6,3.749772139864641e-6,3.3497754867252346e-6,2.992745385619575e-6,2.6740297246481936e-6,2.3894847036070514e-6,2.1354187031919085e-6,1.908542429488068e-6,1.7059246220399077e-6,1.5249526957932818e-6,1.363297759479386e-6,1.218883517483371e-6,1.0898586181019878e-6,9.7457206141043e-7,8.715513240643867e-7,7.794828970260573e-7,6.971949669878433e-7,6.236420025174431e-7,5.578910331704173e-7,4.991094334349377e-7,4.465540447154564e-7,3.995614872647157e-7,3.575395304866454e-7,3.199594048486237e-7,2.863489516099615e-7,2.5628651817935245e-7,2.293955171886135e-7,2.053395764079793e-7,1.8381821476587241e-7,8.228149345520624e-8
0.014915424515931752,0.022782957963020933,0.01867698240034693,0.015631394371316776,0.013236626118681427,0.01129693410730681,0.009696791732920679,0.008360078280004068,0.007233114061689777,0.006276271062453043,0.0054593213578754685,0.004758638101381996,0.004155404336287041,0.00363441045853323,0.003183215360991032,0.002791542741978993,0.0024508353147563514,0.0021539184473143916,0.0018947417078327491,0.001668177167187146,0.0014698598842451949,0.0012960602917023271,0.0011435810758912979,0.0010096731171836924,0.0008919664392851787,0.0007884131013000811,0.0006972396820815619,0.0006169075333576166,0.000546079371983331,0.00048359107938341327,0.0004284278044104084,0.0003797036421041436,0.0003366442984663199,0.00029857225992824515,0.00026489407230994005,0.00023508940303252745,0.0002087016159697426,0.0001853296333025928,0.00016462089558399572,0.00014626526137011134,0.0001299897126086219,0.00011555375258924788,0.0001027454003894074,9.137770007038937e-5,8.128567483980313e-5,7.232366651497581e-5,6.436300913668252e-5,5.728999277325691e-5,5.1004079687267745e-5,4.541634024045815e-5,4.044808035407268e-5,3.602963614553244e-5,3.209931460728733e-5,2.8602461997907563e-5,2.5490644018321936e-5,2.2720923912902943e-5,2.0255226427482126e-5,1.8059777102366408e-5,1.6104607713368093e-5,1.4363119840257656e-5,1.2811699542025323e-5,1.1429376998906975e-5,1.0197525742083912e-5,9.099596753721622e-6,8.120883300032425e-6,7.248312864437058e-6,6.4702629906779655e-6,5.7763982288216705e-6,5.1575257169292365e-6,4.605467226820073e-6,4.112945760483238e-6,3.6734850117797248e-6,3.2813202078188085e-6,2.9313190192219987e-6,2.618911383302473e-6,2.3400272187587627e-6,2.0910411304099816e-6,1.8687233075749231e-6,1.6701959115375176e-6,1.4928943295981795e-6,1.3345327449263642e-6,1.1930735346440182e-6,1.0667000649597134e-6,9.537925010313477e-7,8.529062932431075e-7,7.627530401593926e-7,6.821834622344718e-7,6.101722507816458e-7,5.458045831640696e-7,4.882641189800499e-7,4.368223126741089e-7,3.908288966726724e-7,3.497034055021963e-7,3.129276257915927e-7,2.8003887002010903e-7,2.506239832156826e-7,2.2431400196032443e-7,2.007793940466777e-7,1.797258150356028e-7,1.6089032508284826e-7,7.201900783935007e-8
0.013061919609346107,0.019952120744337387,0.01635652917984709,0.013689485643737453,0.011592347855536395,0.00989371090486571,0.008492412563380958,0.0073217966862411665,0.006334857780511932,0.005496894799254484,0.004781437954628834,0.004167797746494117,0.0036394965003922197,0.003183215360991032,0.0027880597450031033,0.0024450307164948643,0.002146634628581473,0.0018865885879418703,0.0016595941375021003,0.0014611606384573803,0.0012874655896639095,0.001135242880750082,0.001001692493394199,0.0008844068930375162,0.0007813105631727137,0.0006906099973644532,0.0006107520908079523,0.0005403893346746583,0.0004783505613760366,0.0004236162495681751,0.0003752975975079972,0.000332618727713215,0.00029490150639148015,0.00026155255616765877,0.0002320521160489716,0.0002059444629552076,0.00018282965784820627,0.00016235641887967465,0.00014421595623777868,0.0001281366297735554,0.00011387931223378386,0.00010123335897847374,9.001310005904255e-5,8.005478307479118e-5,7.121390569851086e-5,6.336288562279512e-5,5.638902313468189e-5,5.019271782285119e-5,4.468590629136751e-5,3.979069231052157e-5,3.5438144724601385e-5,3.156724176736354e-5,2.8123943277472314e-5,2.506037476180062e-5,2.2334109358669845e-5,1.990753556296599e-5,1.77473001446906e-5,1.582381704632696e-5,1.4110834213432665e-5,1.2585051334304499e-5,1.1225782340265963e-5,1.0014657289266176e-5,8.935358921874083e-6,7.973389758277126e-6,7.115866112841307e-6,6.3513358445127705e-6,5.669617049104008e-6,5.061655234998703e-6,4.519396821433774e-6,4.035677057433038e-6,3.6041206855346467e-6,3.2190538742085315e-6,2.875426117792075e-6,2.5687409558883267e-6,2.2949944997570498e-6,2.050620871088302e-6,1.8324437635832246e-6,1.6376334297939598e-6,1.463668476110257e-6,1.3083019206497581e-6,1.169531031619707e-6,1.0455705190843248e-6,9.348287024617601e-7,8.35886318867042e-7,7.474776759627271e-7,6.684738867674423e-7,5.978679534912257e-7,5.347614941156351e-7,4.783529286111096e-7,4.279269625399309e-7,3.8284522388802786e-7,3.425379253199463e-7,3.0649643838055363e-7,2.742666788188654e-7,2.4544321356096045e-7,2.19664009795369e-7,1.966057555266425e-7,1.759796888254498e-7,1.57527879928649e-7,1.410199165780833e-7,6.312497424218074e-8
0.011453149603351725,0.01749502305089151,0.014342407776319566,0.012003917020163735,0.010165106328874185,0.00867569410092009,0.00744698485662576,0.006420536707979624,0.005555136680709227,0.004820359848732789,0.004192998128238534,0.0036549113674858164,0.0031916521856686364,0.002791542741978993,0.0024450307164948643,0.0021442258348924395,0.0018825576189869173,0.0016545171503824577,0.0014554586446751186,0.0012814445997274167,0.001129123328905808,0.0009956309853027048,0.0008785123907208703,0.0007756564980726591,0.0006852433766058562,0.0006057003660184107,0.0005356655949404956,0.0004739574638321052,0.00041954899471961793,0.00037154617875546046,0.00032916962774903486,0.00029173897113523445,0.00025865954550661346,0.0002294110071820116,0.0002035375644004198,0.00018063957867366347,0.00016036632753513172,0.00014240975545244455,0.00012649906795711733,0.00011239604719110287,9.989098613552225e-5,8.879915461375851e-5,7.895772331051581e-5,7.022308304443256e-5,6.246850571432565e-5,5.5582101107935376e-5,4.946503029926424e-5,4.4029941881281636e-5,3.919960198883071e-5,3.49056930616775e-5,3.10877597076714e-5,2.7692282946527812e-5,2.4671866606112806e-5,2.1984521796210472e-5,1.959303722967869e-5,1.746442474779864e-5,1.5569430782875625e-5,1.3882105678194874e-5,1.237942381046033e-5,1.1040948355466615e-5,9.848535305585115e-6,8.786072023812336e-6,7.839246203446076e-6,6.995341610604479e-6,6.2430574322011264e-6,5.572348439309896e-6,4.974283515872546e-6,4.4409203968774245e-6,3.965194721118617e-6,3.5408217306812583e-6,3.162209147533027e-6,2.8243799327643253e-6,2.522903787416489e-6,2.253836388104283e-6,2.0136654695360667e-6,1.799262969386373e-6,1.6078425430835394e-6,1.4369218367753991e-6,1.2842889772732222e-6,1.1479728007981552e-6,1.0262163974368552e-6,9.174535967659744e-7,8.202880634180379e-7,7.334747088886799e-7,6.559031596880534e-7,5.865830515712052e-7,5.246309455569944e-7,4.6925868481630296e-7,4.1976303183395564e-7,3.755164435398214e-7,3.359588579733984e-7,3.005903803868056e-7,2.689647692579172e-7,2.406836337814153e-7,2.1539126436131393e-7,1.9277002634311736e-7,1.7253625502281012e-7,1.5443659687458263e-7,1.3824474801295443e-7,1.237585463737289e-7,5.539868945999261e-8
0.010053904138930925,0.015357899368831751,0.01259055275894877,0.010537816530840127,0.00892368474174135,0.007616246573924262,0.006537648798974172,0.005636593430340259,0.004876905235229448,0.004231878234317296,0.003681141062985227,0.0032087707600104293,0.0028020857176479924,0.0024508353147563514,0.002146634628581473,0.0018825576189869173,0.001652836718599629,0.001452636165349075,0.0012778778335970215,0.0011251053122997151,0.0009913764089837067,0.0008741771506193367,0.0007713522903326706,0.0006810486585752101,0.0006016686284489852,0.0005318316290319307,0.00047034212279522397,0.00041616281831329503,0.0003683921548747167,0.0003262452962196844,0.0002890380243785618,0.00025617304336024004,0.00022712829518104286,0.00020144696388160396,0.00017872890121204896,0.0001586232541375067,0.00014082211179883893,0.0001250550198725344,0.00011108423510082076,9.870061308009295e-5,8.772003913037982e-5,7.798032596056698e-5,6.93385133860515e-5,6.166851500723257e-5,5.485906481724921e-5,4.881192352648581e-5,4.3440310129508504e-5,3.866752908592496e-5,3.442576761928057e-5,3.0655041144856494e-5,2.7302267830513942e-5,2.4320455858282204e-5,2.166798914129557e-5,1.930799914063642e-5,1.7207812046103577e-5,1.5338461977904114e-5,1.367426207433606e-5,1.2192426372524914e-5,1.0872736289061039e-5,9.69724629356646e-6,8.650024042243423e-6,7.716920832010529e-6,6.885368748766208e-6,6.144201329389765e-6,5.483494948078455e-6,4.894428477630463e-6,4.369159074766419e-6,3.9007121968290585e-6,3.4828841863056385e-6,3.110155958925491e-6,2.7776165051116003e-6,2.480895068335201e-6,2.216100998588833e-6,1.9797703970650396e-6,1.768818772507436e-6,1.5804990204336942e-6,1.4123641172925436e-6,1.2622339924655361e-6,1.1281661029501504e-6,1.0084292908918407e-6,9.014805524914972e-7,8.059443894414246e-7,7.205944520697152e-7,6.443372163199356e-7,5.761974663710737e-7,5.15305380718408e-7,4.6088504234120674e-7,4.1224421410269145e-7,3.687652383716502e-7,3.2989693591440384e-7,2.951473930389146e-7,2.640775385637294e-7,2.3629542321857917e-7,2.1145112382576422e-7,1.8923220335311687e-7,1.693596655808767e-7,1.5158434997283707e-7,1.3568371840470328e-7,1.2145899073569398e-7,1.0873259101140156e-7,4.867293515983324e-8
0.00883466500917321,0.01349567541794433,0.011064021566996013,0.00926027204691024,0.007841911853029793,0.006693036378919187,0.005745239112002989,0.004953446469430231,0.004285872560485432,0.003719051704660331,0.003235084166163374,0.0028199788272516013,0.002462592610339702,0.0021539184473143916,0.0018865885879418703,0.0016545171503824577,0.001452636165349075,0.0012766964140139316,0.0011231143937616636,0.0009888528896504073,0.0008713265221734628,0.0007683261832413402,0.0006779579750030695,0.0005985934344472955,0.0005288286448139144,0.0004674504183982981,0.0004134081590544368,0.0003657903247180896,0.0003238046434699826,0.000286761412930216,0.0002540593478653815,0.00022517354525002347,0.00019964521751107862,0.00017707290896253189,0.0001571049614276683,0.000139433035878296,0.00012378652985450128,0.00010992775705921795,9.764777733626065e-5,8.676278309189341e-5,7.711096292390817e-5,6.854977542833677e-5,6.0953576295347906e-5,5.421155028638154e-5,4.8225906766558046e-5,4.2910303458085436e-5,3.818846812227953e-5,3.3992992135674555e-5,3.0264273556901097e-5,2.694959036231748e-5,2.4002287158471282e-5,2.138106093204934e-5,1.9049333319541876e-5,1.697469853954777e-5,1.5128437553648473e-5,1.3485090245787552e-5,1.2022078471618405e-5,1.0719373744907056e-5,9.559204118707228e-6,8.525795509871386e-6,7.605143307732644e-6,6.784810629365223e-6,6.053750034562403e-6,5.402145905651046e-6,4.821275040837219e-6,4.3033833085632915e-6,3.8415764726496785e-6,3.429723524930856e-6,3.06237106342433e-6,2.7346674292183835e-6,2.4422954681931807e-6,2.181412918821387e-6,1.9485995456376733e-6,1.740810241550672e-6,1.5553334139007307e-6,1.3897540489028871e-6,1.2419209201773496e-6,1.109917469333442e-6,9.920359409944263e-7,8.867544032774893e-7,7.92716327242689e-7,7.087124362868743e-7,6.336645698784173e-7,5.666113349841689e-7,5.066953446232229e-7,4.531518658462964e-7,4.0529871948256427e-7,3.625272920300856e-7,3.2429453574872777e-7,2.901158471290391e-7,2.595587261562179e-7,2.322371298547439e-7,2.078064432971414e-7,1.8595899982316359e-7,1.6642008989893376e-7,1.4894440477084032e-7,1.3331286708791296e-7,1.193298059952043e-7,1.0682043888816e-7,9.562862623875133e-8,4.280743481275131e-8
