0.06134155474827563,0.06964181493159805,0.04588339726676727,0.031414797538076744,0.021958418554721415,0.01555522219756067,0.011124520997760429,0.00801318495873457,0.00580476753877901,0.004224342974192219,0.0030859787656693435,0.0022616942771132575,0.0016622143816609966,0.0012246108221808452,0.0009041547180937519,0.0006688353158705463,0.0004956132064881762,0.0003678262355005825,0.00027337469596198666,0.00020344073552836048,0.00015157819201653796,0.00011306174555022683,8.44190654125756e-5,6.30929762171857e-5,4.719654606102073e-5,3.5334921233475935e-5,2.6475317880590428e-5,1.985189367786043e-5,1.4895970072532514e-5,1.1184735681436797e-5,8.403459919339003e-6,6.317607421724045e-6,4.752224400496826e-6,3.576676979676535e-6,2.693335807785214e-6,2.0291754288529734e-6,1.5295299138600374e-6,1.153445957404401e-6,8.702210555210324e-7,6.568219414772693e-7,4.95957628911266e-7,3.7463979054640264e-7,2.831063173202672e-7,2.1401579500745876e-7,1.6184425841956476e-7,1.2243310428723194e-7,9.265005468560124e-8,7.013473561573565e-8,5.3107634242271246e-8,4.02265613875045e-8,3.047874517630688e-8,2.309966671159089e-8,1.7511978491031648e-8,1.3279513357830026e-8,1.0072639073255354e-8,7.642147513887941e-9,5.799567251172324e-9,4.4023129272646315e-9,3.3424784603970603e-9,2.5383766113131675e-9,1.9281493988647844e-9,1.4649406729473322e-9,1.1132475943054944e-9,8.461621490116558e-10,6.432848672387452e-10,4.891464175185246e-10,3.720130582463488e-10,2.8298231327399487e-10,2.1529815255837172e-10,1.6383224539317654e-10,1.2469090042050945e-10,9.491715713027562e-11,7.226493370048755e-11,5.5027757582033935e-11,4.190885432253616e-11,3.192258283954886e-11,2.4319635355658818e-11,1.8530258729450173e-11,1.4121145380411143e-11,1.07626954581046e-11,8.204149668610857e-12,6.25469648775377e-12,4.769115404170011e-12,3.636864892902709e-12,2.7737869454478222e-12,2.11579951342919e-12,1.614099572124824e-12,1.2315143420457233e-12,9.397253492845762e-13,7.171561543834465e-13,5.47364800929922e-13,4.178201750209554e-13,3.1897043609720756e-13,2.435336890005375e-13,1.859577919241453e-13,1.4200890638134046e-13,1.0845805873588899e-13,8.284233022957498e-14,6.328288007202913e-14,4.834625631512588e-14,1.8469341279241647e-14
0.06964181493159805,0.07907646108629263,0.05210495432023188,0.035678024788548535,0.02494072666904762,0.01766952258187321,0.01263775184144278,0.0091040179834245,0.006595562617695255,0.004800262353490792,0.003507012270331039,0.002570494028599754,0.001889330389999569,0.001392056907832128,0.0010278731829935876,0.0007604203708185906,0.0005635274395727127,0.00041826588952984314,0.0003108891119402877,0.00023137822282892542,0.00017240845791133275,0.00012860999860614744,9.603658655224891e-5,7.178178400714928e-5,5.370076112370232e-5,4.0207889521844966e-5,3.012903339146228e-5,2.2593460919112887e-5,1.6954553710573934e-5,1.2731512238948561e-5,9.566411153162944e-6,7.192504408418295e-6,5.4107938124559984e-6,4.072679741560196e-6,3.067096893753657e-6,2.310962998257881e-6,1.7420785572004697e-6,1.3138425797074644e-6,9.91315619946036e-7,7.482836500074944e-7,5.65066267607318e-7,4.2687908352618844e-7,3.2260913759052564e-7,2.438984417140429e-7,1.8445760127015092e-7,1.3955138412884742e-7,1.0561289860769604e-7,7.995403939562697e-8,6.054804621054158e-8,4.5866118702250214e-8,3.4754579346851155e-8,2.6342471051250972e-8,1.9972012486684517e-8,1.5146230528237125e-8,1.1489508127904881e-8,8.717848476462667e-9,6.61645249341748e-9,5.022803688525016e-9,3.813902371890807e-9,2.896627489914314e-9,2.200456988520232e-9,1.6719674899418523e-9,1.270676865811884e-9,9.659007337002116e-10,7.343747878850157e-10,5.584557934876671e-10,4.247599755088911e-10,3.23132137151333e-10,2.458649387617738e-10,1.8710745801005413e-10,1.4241701319382885e-10,1.0841945303546143e-10,8.255159266329321e-11,6.286588044235206e-11,4.788222195608694e-11,3.6475548471452316e-11,2.7790486537072757e-11,2.117658077747413e-11,1.6139107963733905e-11,1.2301721282575034e-11,9.378073177410612e-12,7.150254112614747e-12,5.452406718908419e-12,4.1582705197883786e-12,3.171712498903679e-12,2.419526325898215e-12,1.845955679801975e-12,1.408528091512227e-12,1.074885133513696e-12,8.203702496400074e-13,6.261928163143166e-13,4.780305447893454e-13,3.649653909248177e-13,2.7867325598488793e-13,2.128068497367861e-13,1.6252559570217472e-13,1.24137488905552e-13,9.482620395874761e-14,7.244313045061418e-14,5.534886520224569e-14,2.1146191436087888e-14
0.04588339726676727,0.05210495432023188,0.03433566660878373,0.023512538329261645,0.01643761785079051,0.011646218568582334,0.00833028386690568,0.006001400151159922,0.004348110289997292,0.0031647738613188037,0.002312298074733321,0.001694930129579858,0.0012458668925775344,0.0009180136536895249,0.0006778912003281446,0.0005015363530449582,0.0003716994078415588,0.0002759035542760947,0.00020508709300353853,0.00015264521592181588,0.00011374887685666095,8.485766043473775e-5,6.336956805550993e-5,4.736809657535383e-5,3.543885870759564e-5,2.653616215036287e-5,1.988563811046424e-5,1.4912983790239765e-5,1.1191686866902353e-5,8.404590148461779e-6,6.315575149961792e-6,4.748662200003805e-6,3.572558586924693e-6,2.6892168939942276e-6,2.0253506532449405e-6,1.5261346078548972e-6,1.1505213151567542e-6,8.677553830247639e-7,6.547762964533054e-7,4.942813665206119e-7,3.7327965113665974e-7,2.8201144115110677e-7,2.131402177045851e-7,1.6114789053822835e-7,1.218818352789986e-7,9.221538364744525e-8,6.979317635133611e-8,5.2840042319162156e-8,4.0017467339232546e-8,3.0315738235474915e-8,2.2972849150429622e-8,1.741349627933349e-8,1.320316077820444e-8,1.001353080677833e-8,7.596449962182019e-9,5.764280510389623e-9,4.3750952475892905e-9,3.321505827652184e-9,2.5222310316821807e-9,1.9157304298139075e-9,1.4553956394126474e-9,1.1059167318777128e-9,8.405356096793018e-10,6.389691106698226e-10,4.858379997688872e-10,3.6947823158994e-10,2.810411780648337e-10,2.1381236560305913e-10,1.6269550084553046e-10,1.2382156772904496e-10,9.425259419433667e-11,7.175709890891928e-11,5.46398275157479e-11,4.161261905446278e-11,3.169644178691285e-11,2.41470564314231e-11,1.8398594554809384e-11,1.4020724436292121e-11,1.0686124756963708e-11,8.14578003153206e-12,6.210212736093671e-12,4.73522244357021e-12,3.6110473688143908e-12,2.754125309747629e-12,2.1008293215460533e-12,1.6027038938064656e-12,1.2228415234411246e-12,9.331261757786123e-13,7.121358534603019e-13,5.435463925228939e-13,4.149164951276247e-13,3.1676278746986157e-13,2.4185555374046367e-13,1.846824091524075e-13,1.4103980031235424e-13,1.0772181821032878e-13,8.2283105882243e-14,6.285819154237164e-14,4.8023798343733396e-14,3.6693892535354583e-14,1.401983730580045e-14
0.031414797538076744,0.035678024788548535,0.023512538329261645,0.01610213799009097,0.011257755023735244,0.0079767515501723,0.005705959534626465,0.004111013415517326,0.0029786812007710148,0.0021681689056817707,0.0015842402004019249,0.0011613300067533049,0.0008536935511502738,0.0006290800185222815,0.0004645613123640483,0.00034372542844506027,0.0002547576474302947,0.00018911182837103415,0.00014058069698125696,0.00010463969293330894,7.798053447937207e-5,5.817761513056104e-5,4.3448152983406076e-5,3.247896353579982e-5,2.430085522044193e-5,1.819723881334905e-5,1.363742628939928e-5,1.0227815500905461e-5,7.676076581065517e-6,5.764818690440034e-6,4.332188467717654e-6,3.25754925842211e-6,2.4508927886695908e-6,1.8449983651402585e-6,1.3896183531815753e-6,1.0471605749026299e-6,7.894783047001971e-7,5.954809887128974e-7,4.493539385180376e-7,3.392304493309382e-7,2.5620043169196806e-7,1.9356961674245237e-7,1.4630553500601906e-7,1.1062284795604463e-7,8.367274637673078e-8,6.331013149487614e-8,4.7918980824109404e-8,3.6281272252598685e-8,2.747854069587476e-8,2.0817899222331007e-8,1.5776413305318807e-8,1.1959252264223268e-8,9.068189154283487e-9,6.877878207839066e-9,5.217980884704639e-9,3.959692348591974e-9,3.0055804753472724e-9,2.2819196860043847e-9,1.7329046430910202e-9,1.3162810837298457e-9,1.0000454332144915e-9,7.599508189212427e-10,5.776217673707197e-10,4.3912852723108464e-10,3.339085962952976e-10,2.53950625857298e-10,1.9317667163940187e-10,1.4697443878275853e-10,1.1184299416282798e-10,8.512434245855791e-11,6.479999829762386e-11,4.933677353850417e-11,3.756984154452396e-11,2.861404437378746e-11,2.179660430107394e-11,1.660606141301777e-11,1.2653515084375004e-11,9.643197659583153e-12,7.350128192210513e-12,5.6031389434181785e-12,4.271980026421953e-12,3.257520260447923e-12,2.484299270892087e-12,1.8948655120388838e-12,1.4454711109515112e-12,1.1027977504070593e-12,8.414661940971296e-13,6.421415416907745e-13,4.900914510586272e-13,3.740888443497306e-13,2.855766451799941e-13,2.1803186657321858e-13,1.6648139042837518e-13,1.2713319375425113e-13,9.70954524115799e-14,7.41625480753965e-14,5.665201869291779e-14,4.328030618028779e-14,3.306805577617411e-14,2.5267928260028115e-14,9.654782696781955e-15
0.021958418554721415,0.02494072666904762,0.01643761785079051,0.011257755023735244,0.007871325284374758,0.005577624811470963,0.003990052790149051,0.002874916562582805,0.0020831786683235265,0.0015164271383776955,0.001108090514801794,0.00081233559313253,0.0005971828632340831,0.00044008505043045126,0.000325011743436604,0.0002404877018355291,0.00017825164737958173,0.00013232748245811882,9.837438031964083e-5,7.322808317525038e-5,5.457481148355044e-5,4.0718026087753186e-5,3.041072874125758e-5,2.2734338401316574e-5,1.701086165724168e-5,1.2738984037160444e-5,9.547423980741271e-6,7.160793069275865e-6,5.374547882040036e-6,4.036571448173625e-6,3.0336022849857425e-6,2.2812167900484854e-6,1.7164221380426632e-6,1.2921709229950878e-6,9.732931471976266e-7,7.33475335614119e-7,5.530144782004459e-7,4.171461463849969e-7,3.1479866757522036e-7,2.376638474367269e-7,1.7950315316485002e-7,1.356292343991867e-7,1.0251814502638332e-7,7.751908692471697e-8,5.863698571704872e-8,4.436950637862349e-8,3.358479429433028e-8,2.542970585084732e-8,1.926088213207975e-8,1.4592948900821419e-8,1.1059565329406777e-8,8.384118454610559e-9,6.357663208539172e-9,4.822308278313659e-9,3.6586973731618266e-9,2.7765719949247588e-9,2.107654013069742e-9,1.6002754886107234e-9,1.2153251298949532e-9,9.231873460515695e-10,7.0142994098208e-10,5.330566908333536e-10,4.051863269604292e-10,3.080535214751521e-10,2.3425312837903514e-10,1.7816825954632506e-10,1.3553733976176358e-10,1.0312626643304413e-10,7.848008301518797e-11,5.973482580231913e-11,4.547492244183453e-11,3.4625084131446954e-11,2.6368325741171682e-11,2.0083782816051333e-11,1.5299532752226937e-11,1.1656790856918851e-11,8.882732196718102e-12,6.7698562522826815e-12,5.160315663588036e-12,3.934012215567619e-12,2.9995524667134245e-12,2.287374590706641e-12,1.744524113983381e-12,1.3306821621086686e-12,1.0151453266492801e-12,7.745287001878229e-13,5.910185850977189e-13,4.510430899253039e-13,3.4426048618474473e-13,2.6278923634251653e-13,2.006218583224195e-13,1.531786584467847e-13,1.1696789976716568e-13,8.932697867055829e-14,6.822526783005288e-14,5.2113909668777155e-14,3.981136219888524e-14,3.041617436856483e-14,2.3240503074037715e-14,1.775943229066232e-14,6.786166470721113e-15
0.01555522219756067,0.01766952258187321,0.011646218568582334,0.0079767515501723,0.005577624811470963,0.003952548991305926,0.002827695865343212,0.0020375349638952073,0.0014764946084850038,0.0010748607712757763,0.0007854726239123443,0.0005758591944562946,0.00042336313704953617,0.00031200897654396365,0.00023043805154024377,0.00017051892619011737,0.00012639728925227132,9.383798417290641e-5,6.976457726807009e-5,5.1934372840702764e-5,3.8707370667914786e-5,2.88810037165154e-5,2.157130763468792e-5,1.6127089148297417e-5,1.2067684441330697e-5,9.037667073874615e-6,6.773788245339156e-6,5.080779443186859e-6,3.813598067451085e-6,2.8643714965321705e-6,2.1527768459779628e-6,1.6189392704217523e-6,1.2181806318506034e-6,9.17130401081021e-7,6.908413003607214e-7,5.206472799937321e-7,3.9257081887579996e-7,2.9613731420187003e-7,2.234915618793903e-7,1.6873869263002727e-7,1.2745207603394003e-7,9.630556492368424e-8,7.279843092848362e-8,5.504946478269547e-8,4.164273345620544e-8,3.151195132116385e-8,2.385373928553899e-8,1.806251234392989e-8,1.3681572234976137e-8,1.0366350282133546e-8,7.856766213527385e-9,5.956430826589809e-9,4.51698981188423e-9,3.4263319134285413e-9,2.5997033249788062e-9,1.9730089373968604e-9,1.4977599684732095e-9,1.137261693274788e-9,8.637356958573608e-10,6.561466856539732e-10,4.985607409552298e-10,3.789045593774759e-10,2.8802742654586397e-10,2.1899179613937607e-10,1.6653658250381553e-10,1.266709836506824e-10,9.636699030669229e-11,7.332653142965373e-11,5.580508658868573e-11,4.24780328367744e-11,3.2339343618723037e-11,2.4624787275426605e-11,1.875368421697009e-11,1.4284726552217895e-11,1.0882456289935944e-11,8.291824377785791e-12,6.318877909689218e-12,4.816095892960306e-12,3.671252104961592e-12,2.7989547905651556e-12,2.13421840511393e-12,1.627578288154909e-12,1.2413771537115389e-12,9.46941743516569e-13,7.224358354830456e-13,5.512272634868518e-13,4.206456527042519e-13,3.210372103663175e-13,2.4504540809506596e-13,1.8706347382536496e-13,1.4281758401359307e-13,1.0904950170228271e-13,8.327489355777149e-14,6.35992493308616e-14,4.857765254364222e-14,3.710793960933515e-14,2.8349285226546965e-14,2.1660153765585467e-14,1.6551003156582142e-14,1.2648228600866231e-14,4.833335561713938e-15
0.011124520997760429,0.01263775184144278,0.00833028386690568,0.005705959534626465,0.003990052790149051,0.002827695865343212,0.002023083419645917,0.0014578455117216192,0.0010564851376589461,0.0007691457252507524,0.0005620981993887837,0.0004121184190794599,0.00030300040760798674,0.00022331690525323727,0.00016494264095755,0.00012206059511646631,9.048252516784716e-5,6.717839132701787e-5,4.994704505911578e-5,3.7183781618157987e-5,2.7715077648404513e-5,2.068037503945167e-5,1.5447074413743914e-5,1.1549131653658563e-5,8.642528354955493e-6,6.472866863597982e-6,4.851715946008748e-6,3.6392966374669333e-6,2.731777641375933e-6,2.051932339096678e-6,1.54225406984748e-6,1.1598735419023029e-6,8.728003311934699e-7,6.571392178123854e-7,4.95025569395596e-7,3.7309200584195285e-7,2.813282299906389e-7,2.1223223795514675e-7,1.6017776612857176e-7,1.2094241194298037e-7,9.135528266595771e-8,6.903366083049634e-8,5.2186031709388976e-8,3.9464631720756985e-8,2.985498425102191e-8,2.259308540268366e-8,1.7103276296519804e-8,1.2951604194463745e-8,9.81078923135139e-9,7.4338931909771516e-9,5.634517545580385e-9,4.271903609565757e-9,3.239715396445995e-9,2.457590711014507e-9,1.8647742442644145e-9,1.4153173904974898e-9,1.0744576402443192e-9,8.158865077965287e-10,6.196870796507757e-10,4.70776436874042e-10,3.577289047444129e-10,2.7188668372974547e-10,2.0668743434769662e-10,1.5715571295686093e-10,1.1951820088154816e-10,9.091249718226427e-11,6.916665279537855e-11,5.263220924826919e-11,4.0057718787819174e-11,3.0492902668106386e-11,2.3216005156826658e-11,1.7678714122634028e-11,1.346438914477216e-11,1.0256373640938331e-11,7.81395051619714e-12,5.954093071130702e-12,4.537611014000564e-12,3.4586305747637645e-12,2.6366044930396997e-12,2.010242119494549e-12,1.532897188804342e-12,1.1690624574763016e-12,8.917050196355342e-13,6.802402706167409e-13,5.189911463262561e-13,3.960161773297235e-13,3.0221790425320024e-13,2.306644585533346e-13,1.7607324999755434e-13,1.3441795613511356e-13,1.0262931568500639e-13,7.836729802791161e-14,5.984759311280074e-14,4.570944896084779e-14,3.491498758956376e-14,2.6672489879080442e-14,2.037793440221404e-14,1.5570440128119518e-14,1.1898301256514369e-14,9.093092519557765e-15,3.474962277020333e-15
0.00801318495873457,0.0091040179834245,0.006001400151159922,0.004111013415517326,0.002874916562582805,0.0020375349638952073,0.0014578455117216192,0.0010505923644782353,0.0007613965469665147,0.0005543457413835964,0.00040514332133407237,0.00029705904133891636,0.00021841783363390176,0.00016098688676446146,0.0001189120210493529,8.800191450983904e-5,6.523866763925574e-5,4.8438827480864035e-5,3.601615913215682e-5,2.681418827301036e-5,1.9987138929407485e-5,1.4914761362360242e-5,1.1141083806793367e-5,8.330168337454324e-6,6.234023622509502e-6,4.669253288437755e-6,3.5000093054637384e-6,2.6255138272049557e-6,1.970902631260808e-6,1.4804910245061667e-6,1.112811329439005e-6,8.369491618386646e-7,6.29834022269062e-7,4.742325208298804e-7,3.5725989485980234e-7,2.692744964318478e-7,2.0305570461707965e-7,1.5319189761613114e-7,1.1562432097939701e-7,8.73067996426928e-8,6.595163259716349e-8,4.9839673989662026e-8,3.767826774579633e-8,2.849489344391623e-8,2.155748644915746e-8,1.6314699392159755e-8,1.2351083714256707e-8,9.353443010257314e-9,7.085557706598639e-9,5.3691870006554745e-9,4.06978095490236e-9,3.0857291141678403e-9,2.3402660635609075e-9,1.7753742720304489e-9,1.3471891800761997e-9,1.0225347944193822e-9,7.763104777642977e-10,5.895189475337299e-10,4.477775294551856e-10,3.4019378911312504e-10,2.5851602831705467e-10,1.9649121147846026e-10,1.4937949580616948e-10,1.1358703997678752e-10,8.638817954636992e-11,6.571514960704616e-11,4.9998880963232806e-11,3.804842722766708e-11,2.895962143012066e-11,2.2045855947945087e-11,1.6785612530400902e-11,1.2782678137881846e-11,9.735971370727349e-12,7.416651861495707e-12,5.650750309851991e-12,4.3059844350468585e-12,3.28174967144703e-12,2.5015183265450905e-12,1.907066340369373e-12,1.454087219206277e-12,1.1088591075517976e-12,8.457115871516703e-13,6.450999090216382e-13,4.921407041056168e-13,3.75498365248121e-13,2.8653795623398664e-13,2.186807362825994e-13,1.6691374547623353e-13,1.2741655528149116e-13,9.727714184421094e-14,7.427556415797633e-14,5.671923800171064e-14,4.331747849565206e-14,3.3085934596948037e-14,2.5273781800021807e-14,1.9308244701668358e-14,1.475231807000093e-14,1.127254158103198e-14,8.614433928122374e-15,6.583763125728796e-15,2.516132240032205e-15
0.00580476753877901,0.006595562617695255,0.004348110289997292,0.0029786812007710148,0.0020831786683235265,0.0014764946084850038,0.0010564851376589461,0.0007613965469665147,0.0005518386222940815,0.0004017965752005047,0.000293669169310575,0.00021533590759239326,0.0001583381825753451,0.00011671101006016996,8.621260081433102e-5,6.380587537181508e-5,4.730391754983478e-5,3.5124410169356255e-5,2.611777210457058e-5,1.9445836283909894e-5,1.449558578130335e-5,1.0817441343240506e-5,8.08088110790695e-6,6.042379906746884e-6,4.522156695986856e-6,3.3872515644849414e-6,2.5391713947112938e-6,1.9048460082241156e-6,1.4299913913301638e-6,1.0742285045568326e-6,8.074860367675152e-7,6.073444980387428e-7,4.5707201480294886e-7,3.441694302602952e-7,2.592911092525819e-7,1.9544336726713232e-7,1.4738837122258704e-7,1.1120033299921282e-7,8.39347328108055e-8,6.338153740650714e-8,4.788090982164609e-8,3.618546343781626e-8,2.7357218412419146e-8,2.069045646066969e-8,1.5653921198033015e-8,1.1847481710762218e-8,8.969618023826505e-9,6.793010160800983e-9,5.146199753658066e-9,3.89980539417276e-9,2.9561550657249887e-9,2.241484348637989e-9,1.7000623522858354e-9,1.2897668380452446e-9,9.7874939544215e-10,7.429209739221932e-10,5.640551176932811e-10,4.2835654225080916e-10,3.253804387746811e-10,2.47216243304274e-10,1.8787091217827573e-10,1.4280276475506745e-10,1.0856900584935503e-10,8.255911154126655e-11,6.279309332378464e-11,4.776880253524019e-11,3.634631675004928e-11,2.7660375559916387e-11,2.1054040560341867e-11,1.6028420371609534e-11,1.2204559480422799e-11,9.29453990082209e-12,7.079562677389767e-12,5.3933190158591624e-12,4.109371261958269e-12,3.13157441733791e-12,2.3868038159437973e-12,1.8194324138305974e-12,1.3871357942935642e-12,1.0577049762665216e-12,8.066243810654365e-13,6.152308697871733e-13,4.693141546390269e-13,3.580525469509617e-13,2.7320353535097115e-13,2.084880565361895e-13,1.591220194510808e-13,1.2145980067641004e-13,9.272289932375227e-14,7.07933724757304e-14,5.40565582428543e-14,4.12813057897323e-14,3.1528752623163856e-14,2.4082833588525877e-14,1.8397336081892574e-14,1.4055555441997974e-14,1.0739547157632331e-14,8.206689587287059e-15,6.271816449575146e-15,4.793593502063582e-15,1.8320649002528086e-15
0.004224342974192219,0.004800262353490792,0.0031647738613188037,0.0021681689056817707,0.0015164271383776955,0.0010748607712757763,0.0007691457252507524,0.0005543457413835964,0.0004017965752005047,0.0002925664290149045,0.00021384572196954908,0.00015681314709904692,0.00011531222314110695,8.500120332830853e-5,6.279245221717114e-5,4.647514154068979e-5,3.4457234693293986e-5,2.5586773755201047e-5,1.9026798280344446e-5,1.4167043640762053e-5,1.0561152782245103e-5,7.881755945824006e-6,5.8881648959794615e-6,4.403033832471701e-6,3.2954314986282252e-6,2.4685206256669376e-6,1.8505630811920833e-6,1.3883349643275062e-6,1.0422940759783696e-6,7.830255305677239e-7,5.88622180572586e-7,4.4275044312992483e-7,3.332197894650856e-7,2.5092310302143253e-7,1.890506336000487e-7,1.4250613330554683e-7,1.0747263623198928e-7,8.108915745051089e-8,6.120971905800306e-8,4.622355822349027e-8,3.492085646705294e-8,2.6392375281678953e-8,1.9954372806835563e-8,1.509238867275395e-8,1.141912370022046e-8,8.642857794601546e-9,6.543753281493572e-9,4.956063268349499e-9,3.754765247524763e-9,2.845513306727933e-9,2.1570807118710757e-9,1.6356725217908345e-9,1.2406432722482275e-9,9.412709894029547e-10,7.143257931990635e-10,5.422365253287122e-10,4.1170769398001784e-10,3.126756779213377e-10,2.375206428686853e-10,1.8047128607070562e-10,1.3715505332556637e-10,1.0425814937918776e-10,7.9268447440436e-11,6.028101626672329e-11,4.585096339008387e-11,3.488204545574353e-11,2.6542325294851952e-11,2.0200288583765402e-11,1.537644246873994e-11,1.170663337866725e-11,8.914238584981045e-12,6.789079022451674e-12,5.1714245385355384e-12,3.9398585936865865e-12,3.002068794218429e-12,2.287856096123107e-12,1.7438268888962385e-12,1.3293618907663833e-12,1.013554014529361e-12,7.728817667254842e-13,5.894411155525047e-13,4.496014872312621e-13,3.4298394048782693e-13,2.6168412969543714e-13,1.9968129755576223e-13,1.5238867283082947e-13,1.1631137539957259e-13,8.878607359064582e-14,6.778282103494988e-14,5.1754195524752006e-14,3.952042883732475e-14,3.018192632474821e-14,2.3052634363106395e-14,1.760927906558054e-14,1.3452689725258973e-14,1.0278325388695194e-14,7.853811244484164e-15,6.001815091881654e-15,4.5869925293881906e-15,3.5060326711347214e-15,1.3400334742854419e-15
0.0030859787656693435,0.003507012270331039,0.002312298074733321,0.0015842402004019249,0.001108090514801794,0.0007854726239123443,0.0005620981993887837,0.00040514332133407237,0.000293669169310575,0.00021384572196954908,0.00015631491597486785,0.00011463202278699488,8.429898174278582e-5,6.214346107119443e-5,4.590934319747468e-5,3.398110753378709e-5,2.519534500168032e-5,1.8710199186783457e-5,1.3913984245249593e-5,1.0360670421146335e-5,7.724007945092415e-6,5.76470460224502e-6,4.306819379810064e-6,3.2207074033785773e-6,2.410649266807214e-6,1.8058469032318026e-6,1.3538496319354401e-6,1.0157412962891366e-6,7.626080267229615e-7,5.729401061831527e-7,4.3071705641500887e-7,3.2399368398991793e-7,2.4385427089294534e-7,1.8363785906988068e-7,1.3836353527719173e-7,1.0430351927661021e-7,7.866565323050097e-8,5.9356985717530654e-8,4.480754915792383e-8,3.383887264877745e-8,2.5565780924095556e-8,1.932298760270452e-8,1.4610176324065223e-8,1.1050880751256099e-8,8.361673080222263e-9,6.329060213133166e-9,4.792147650364058e-9,3.6296227614544743e-9,2.749975169427279e-9,2.084144853149538e-9,1.579992164543425e-9,1.198135997281579e-9,9.088199819460988e-10,6.895515883183329e-10,5.23322650795384e-10,3.972675061948245e-10,3.016506729771752e-10,2.2910281230814604e-10,1.7404383746481477e-10,1.3224715547522775e-10,1.0051038618095672e-10,7.640644763659615e-11,5.8095324793105786e-11,4.418167732679223e-11,3.3607086897031503e-11,2.5568490235620785e-11,1.9456414661254658e-11,1.4808193925761215e-11,1.1272520369385087e-11,8.582578593472737e-12,6.535677355540855e-12,4.9778036637216425e-12,3.791906402851326e-12,2.8890066347655458e-12,2.201450890588963e-12,1.677789580668199e-12,1.2788881285259233e-12,9.749734248473708e-13,7.433901286028871e-13,5.668958298754461e-13,4.3236537395980893e-13,3.2980593732048026e-13,2.5160816931679434e-13,1.919767035490187e-13,1.4649698936961166e-13,1.1180574818982032e-13,8.534021729427808e-14,6.51473092241354e-14,4.9738344167642e-14,3.79784528712035e-14,2.900236076145308e-14,2.2150249583633766e-14,1.6918901861025782e-14,1.292448055675229e-14,9.874168449864094e-15,7.54455494607976e-15,5.765162495967539e-15,4.4058885510066565e-15,3.3674309898839674e-15,2.5739871746368885e-15,9.838429738006657e-16
0.0022616942771132575,0.002570494028599754,0.001694930129579858,0.0011613300067533049,0.00081233559313253,0.0005758591944562946,0.0004121184190794599,0.00029705904133891636,0.00021533590759239326,0.00015681314709904692,0.00011463202278699488,8.406882355983217e-5,6.182650386850124e-5,4.5579653968683695e-5,3.3674393476955475e-5,2.4926382062111316e-5,1.8482680168388575e-5,1.3726059659313172e-5,1.0208025051251188e-5,7.6015253435209745e-6,5.667325984543719e-6,4.229948309591514e-6,3.160364037376812e-6,2.3634918370900212e-6,1.7691276910154722e-6,1.3253431404904431e-6,9.936650831958348e-7,7.455466786521612e-7,5.597771620810417e-7,4.205765411671291e-7,3.161912534676689e-7,2.3785716210157208e-7,1.7903251347364642e-7,1.348296990257458e-7,1.015936923237669e-7,7.658888678757373e-8,5.7766173415314344e-8,4.3589500031662854e-8,3.290658353993415e-8,2.4852438051894338e-8,1.8777321414167913e-8,1.4192871490132103e-8,1.0731806318730085e-8,8.117748486789814e-9,6.142613212177998e-9,4.649652086637786e-9,3.5207292103406132e-9,2.666767071913079e-9,2.020568077412237e-9,1.531417817388888e-9,1.1610255295468115e-9,8.804687661570823e-10,6.678926558891714e-10,5.067765244378095e-10,3.846273343454631e-10,2.9199438906629864e-10,2.217259749284077e-10,1.6840829187891582e-10,1.279417954020496e-10,9.72211679164514e-11,7.389347737057981e-11,5.617535231557433e-11,4.2714721489583006e-11,3.248621831759598e-11,2.471202632163789e-11,1.8801957626241007e-11,1.4308076742716297e-11,1.0890328235640294e-11,8.290491934236199e-12,6.312442346476157e-12,4.807182062049877e-12,3.661491474517488e-12,2.7893187052513708e-12,2.1252464708310098e-12,1.6195336224382618e-12,1.234350879500422e-12,9.409224557278798e-13,7.173550566961612e-13,5.469885724326203e-13,4.171428196849651e-13,3.1816502152265307e-13,2.427057031943278e-13,1.8516811484549792e-13,1.4128951117286648e-13,1.078226465014749e-13,8.229345293489964e-14,6.281664436405035e-14,4.7955373435322324e-14,3.661439766430206e-14,2.795873944845856e-14,2.1351745593135768e-14,1.6307911593594745e-14,1.2456945235351204e-14,9.516387371467299e-15,7.270748929608554e-15,5.5556108180902705e-15,4.245504310200362e-15,3.244671665692094e-15,2.480021469272257e-15,1.8957565862552068e-15,7.2463851547818e-16
0.0016622143816609966,0.001889330389999569,0.0012458668925775344,0.0008536935511502738,0.0005971828632340831,0.00042336313704953617,0.00030300040760798674,0.00021841783363390176,0.0001583381825753451,0.00011531222314110695,8.429898174278582e-5,6.182650386850124e-5,4.5471325994341383e-5,3.352409347753241e-5,2.476901745727695e-5,1.8335430841404077e-5,1.3596264325400377e-5,1.0097717616104515e-5,7.51002995749757e-6,5.59272173554814e-6,4.169875627381712e-6,3.1124496687914263e-6,2.325555376460575e-6,1.7392656059750985e-6,1.3019465141519816e-6,9.754036874054572e-7,7.313379663639692e-7,5.4875046445771e-7,4.1203788325958587e-7,3.0959138572310944e-7,2.3276381656712387e-7,1.7510703263198136e-7,1.318077503502457e-7,9.926959119052139e-8,7.480299550382162e-8,5.639486054796699e-8,4.2537194565239215e-8,3.209952130490469e-8,2.42337619852902e-8,1.8303256669214636e-8,1.3829748727623746e-8,1.0453751022043522e-8,7.90489115685493e-9,5.979705572448073e-9,4.524998873205089e-9,3.4253646853285635e-9,2.5938209316365622e-9,1.964777685750353e-9,1.488753324185001e-9,1.128401966617086e-9,8.555250865781545e-10,6.488222485522835e-10,4.921972773076039e-10,3.734820616731307e-10,2.8347455635054087e-10,2.152132901208727e-10,1.63429991044693e-10,1.241364208736505e-10,9.431238262472113e-11,7.167003218329106e-11,5.4475763143441357e-11,4.1415550585534764e-11,3.1493113129479815e-11,2.395286774937258e-11,1.8221621618185303e-11,1.3864429650965534e-11,1.0551165552094177e-11,8.031198292726246e-12,6.114202926750205e-12,4.655615506249549e-12,3.5456050045841633e-12,2.7007095153632257e-12,2.0574913545826306e-12,1.5677224680889952e-12,1.1947301221479626e-12,9.10622566823822e-13,6.941822608568169e-13,5.292656515030128e-13,4.0358743285113675e-13,3.0779669824436456e-13,2.347747506313744e-13,1.7910127456979928e-13,1.3664841781611624e-13,1.0427207141347482e-13,7.957702712676945e-14,6.073829853051387e-14,4.636514815014603e-14,3.5397594311639334e-14,2.7027625014702832e-14,2.0639209879885317e-14,1.576261709738767e-14,1.2039618255615821e-14,9.196981688814847e-15,7.026276667874619e-15,5.3684834735432005e-15,4.102263899038778e-15,3.135020204616206e-15,2.396078609931532e-15,1.8314917403836733e-15,1.4000749515758126e-15,5.351915953871623e-16
0.0012246108221808452,0.001392056907832128,0.0009180136536895249,0.0006290800185222815,0.00044008505043045126,0.00031200897654396365,0.00022331690525323727,0.00016098688676446146,0.00011671101006016996,8.500120332830853e-5,6.214346107119443e-5,4.5579653968683695e-5,3.352409347753241e-5,2.4717209160693486e-5,1.8263079996811988e-5,1.3520075265649933e-5,1.0026058607694329e-5,7.446572446371185e-6,5.538566027474471e-6,4.124784531697924e-6,3.075554765747548e-6,2.2957517901154895e-6,1.7154238247515458e-6,1.2830179941907604e-6,9.604660076316134e-7,7.196067021497256e-7,5.395737479910129e-7,4.0488288110730487e-7,3.040278871793889e-7,2.2844772724557203e-7,1.7176516221725403e-7,1.2922447772952293e-7,9.727554461300507e-8,7.32656534301926e-8,5.521087114667017e-8,4.162617444294701e-8,3.1399094705131555e-8,2.369562114289327e-8,1.7890051368997234e-8,1.3512642202290548e-8,1.0210506960096486e-8,7.718381287088155e-9,5.83674854618004e-9,4.415458994417842e-9,3.341453716349533e-9,2.529558131051371e-9,1.9155728262012684e-9,1.4510850856266118e-9,1.099570160818511e-9,8.334599449015748e-10,6.319377530646391e-10,4.792784458577069e-10,3.635983816945321e-10,2.759135384026375e-10,2.0942949007146693e-10,1.5900591678924042e-10,1.2075256436638934e-10,9.172425492768767e-11,6.969057023560735e-11,5.2961855305516764e-11,4.0257719069002534e-11,3.0607615296985846e-11,2.3275650273077296e-11,1.7703693577493385e-11,1.3468322028572997e-11,1.0248222357996904e-11,7.799504189709595e-12,5.936997936319468e-12,4.520082404299798e-12,3.441941849211824e-12,2.6214202982879774e-12,1.996843500585059e-12,1.521331952238567e-12,1.159244192272258e-12,8.834771136695071e-13,6.734162755200022e-13,5.133793393530893e-13,3.914337123534741e-13,2.984982291819818e-13,2.276604844475373e-13,1.7365793308755235e-13,1.3248338742018615e-13,1.0108502657608308e-13,7.713822919558467e-14,5.887199911159901e-14,4.493689607184411e-14,3.430452775676574e-14,2.619104655788954e-14,1.999890739696265e-14,1.527251989593503e-14,1.1664474383760522e-14,8.909816269929488e-15,6.8064476045985105e-15,5.200194064078435e-15,3.973424948223439e-15,3.0363794731680172e-15,2.3205547662332043e-15,1.7736647545410301e-15,1.355796170049551e-15,1.0364769722138967e-15,3.9622015105165486e-16
0.0009041547180937519,0.0010278731829935876,0.0006778912003281446,0.0004645613123640483,0.000325011743436604,0.00023043805154024377,0.00016494264095755,0.0001189120210493529,8.621260081433102e-5,6.279245221717114e-5,4.590934319747468e-5,3.3674393476955475e-5,2.476901745727695e-5,1.8263079996811988e-5,1.349495211250783e-5,9.99077242919136e-6,7.409224049128801e-6,5.503276647969389e-6,4.093404022376498e-6,3.048672722002685e-6,2.2732917965708166e-6,1.6969879377737491e-6,1.268081858858439e-6,9.484851917320148e-7,7.100708614794836e-7,5.320307175969106e-7,3.989459576434565e-7,2.9937419010847085e-7,2.2481225554443047e-7,1.6893318161993893e-7,1.2702368306771335e-7,9.556873569455237e-8,7.194425265446013e-8,5.4189380269163207e-8,4.083754471141368e-8,3.0790924885861245e-8,2.3227074774848115e-8,1.752938148663875e-8,1.323521906310009e-8,9.997256234958055e-9,7.554553493995263e-9,5.7109534855546545e-9,4.318910731547818e-9,3.2673819147952433e-9,2.472750214153161e-9,1.87201863870989e-9,1.4177016055774546e-9,1.073988559987808e-9,8.138610991544761e-10,6.169253281333333e-10,4.677810754677398e-10,3.5479433713315875e-10,2.691727640307445e-10,2.0426903246605017e-10,1.5505567376180114e-10,1.1772897870240774e-10,8.941011971329085e-11,6.791953252693429e-11,5.160652952475273e-11,3.922057234859794e-11,2.981398042397015e-11,2.266837101009011e-11,1.723902195036017e-11,1.3112775513051304e-11,9.976176822439824e-12,7.591350644623235e-12,5.777731234128335e-12,4.3982207999586146e-12,3.348699946600017e-12,2.5500760191697416e-12,1.9422536000688343e-12,1.4795612492941933e-12,1.1272818425444465e-12,8.590195015910724e-13,6.547008909154277e-13,4.990576700736446e-13,3.804739923342929e-13,2.9011103113437874e-13,2.212417918511972e-13,1.6874558583807777e-13,1.2872375961559902e-13,9.820753263301108e-14,7.493581919942453e-14,5.718623626076442e-14,4.364653966893102e-14,3.3316798144142115e-14,2.5434941879737718e-14,1.9420090142044545e-14,1.482940442256558e-14,1.1325233295930359e-14,8.650089793849254e-15,6.607590834375909e-15,5.0479357420137005e-15,3.856841124139863e-15,2.9471080959441847e-15,2.2521946298943186e-15,1.7213155116681404e-15,1.315706292740641e-15,1.0057743186261835e-15,7.689258980866151e-16,2.9395445707248744e-16
0.0006688353158705463,0.0007604203708185906,0.0005015363530449582,0.00034372542844506027,0.0002404877018355291,0.00017051892619011737,0.00012206059511646631,8.800191450983904e-5,6.380587537181508e-5,4.647514154068979e-5,3.398110753378709e-5,2.4926382062111316e-5,1.8335430841404077e-5,1.3520075265649933e-5,9.99077242919136e-6,7.396892520083591e-6,5.485868467888945e-6,4.074894164790444e-6,3.0311109599546156e-6,2.2576165269505813e-6,1.6835135654480796e-6,1.2567884346258105e-6,9.391881779928167e-7,7.025184190055723e-7,5.259574511061396e-7,3.9410080164833597e-7,2.955332166469775e-7,2.217829429827813e-7,1.6655407323423e-7,1.2516176014963882e-7,9.411584900316544e-8,7.08133606356637e-8,5.3310985627171694e-8,4.015651111725303e-8,3.026373580041226e-8,2.2819531108829316e-8,1.721470213366306e-8,1.2992494583544139e-8,9.810202888234507e-9,7.41051736113629e-9,5.600119627582929e-9,4.233678476970069e-9,3.2018735236447615e-9,2.4224258461068887e-9,1.8333755476280401e-9,1.3880397458335053e-9,1.0512283478658374e-9,7.964019948471297e-10,6.035362760035031e-10,4.575157474795759e-10,3.4692564642957334e-10,2.631423230014323e-10,1.9964818244073535e-10,1.515154625497325e-10,1.1501704887199548e-10,8.733292869727757e-11,6.632868257223747e-11,5.038826302321628e-11,3.8287703336332364e-11,2.909969986252738e-11,2.2121492450580407e-11,1.6820333874722358e-11,1.2792243575692217e-11,9.730798533037213e-12,7.403510729054728e-12,5.633941087741766e-12,4.2881525142632775e-12,3.2644461938891884e-12,2.4855830703205162e-12,1.8928870322797075e-12,1.4417733294590808e-12,1.0983568081127511e-12,8.368785134421033e-13,6.377526908325452e-13,4.860842410751682e-13,3.705430230642151e-13,2.8250890417914783e-13,2.1542228616640352e-13,1.6429060976090717e-13,1.2531329388279932e-13,9.559662379836747e-14,7.293696995290394e-14,5.565592685686685e-14,4.2474911420866684e-14,3.2419757203788055e-14,2.474811551472365e-14,1.889420088835228e-14,1.442672946266929e-14,1.1016894441982664e-14,8.41397920371464e-15,6.4267833035874105e-15,4.909473414936243e-15,3.750803252584108e-15,2.865898972727947e-15,2.189998516816525e-15,1.6736793885039688e-15,1.2792204452387908e-15,9.778278178569039e-16,7.475194065578402e-16,5.715113747277935e-16,2.1849367352398233e-16
0.0004956132064881762,0.0005635274395727127,0.0003716994078415588,0.0002547576474302947,0.00017825164737958173,0.00012639728925227132,9.048252516784716e-5,6.523866763925574e-5,4.730391754983478e-5,3.4457234693293986e-5,2.519534500168032e-5,1.8482680168388575e-5,1.3596264325400377e-5,1.0026058607694329e-5,7.409224049128801e-6,5.485868467888945e-6,4.068776089996443e-6,3.0224348912722784e-6,2.2483534407156285e-6,1.674692067824094e-6,1.248887624479125e-6,9.323753645359734e-7,6.967917905320111e-7,5.212305236212869e-7,3.902513193451655e-7,2.924304933366985e-7,2.1930227642330128e-7,1.6458354518912086e-7,1.2360467409667545e-7,9.289077727190996e-8,6.985297935605365e-8,5.2560386209193434e-8,3.957137715853963e-8,2.980859292987833e-8,2.2466169468619802e-8,1.694080885414306e-8,1.2780499075562694e-8,9.646319972844655e-9,7.283965349986503e-9,5.5024881888028915e-9,4.158421890731756e-9,3.1439071963079175e-9,2.37780680974266e-9,1.7990506143126876e-9,1.3616477442306984e-9,1.030945325569928e-9,7.808203819069837e-10,5.915707787995976e-10,4.48330207181656e-10,3.3987629061211664e-10,2.5773380299142845e-10,1.9549956089850395e-10,1.483339298100582e-10,1.1257763265229965e-10,8.546284472678306e-11,6.489527433625001e-11,4.928971409318817e-11,3.7445889437542415e-11,2.8454690816637726e-11,2.1627325320095045e-11,1.6441764859830214e-11,1.2502253039268574e-11,9.508675223571764e-12,7.23338122230553e-12,5.5036413096161415e-12,4.18836199589969e-12,3.1880240472133633e-12,2.4270587895702413e-12,1.8480700956400726e-12,1.407453934709137e-12,1.072076503067424e-12,8.167544205798213e-13,6.223428198180297e-13,4.742842958410158e-13,3.6150734663223615e-13,2.7558992028867973e-13,2.1012411340508853e-13,1.6023353379049566e-13,1.222065576192767e-13,9.321758913729002e-14,7.111515976275943e-14,5.426080471641126e-14,4.140652394051738e-14,3.16015685464976e-14,2.412152066463092e-14,1.8414324438625216e-14,1.405920876297156e-14,1.0735416489974135e-14,8.198394674695571e-15,6.2616624917953074e-15,4.7830005362307584e-15,3.653929822594612e-15,2.7916955523115573e-15,2.1331583412857064e-15,1.6301382908784633e-15,1.245865822928915e-15,9.522757784848212e-16,7.279441181598681e-16,5.565143887350513e-16,4.25497528858265e-16,1.6267815340818524e-16
0.0003678262355005825,0.00041826588952984314,0.0002759035542760947,0.00018911182837103415,0.00013232748245811882,9.383798417290641e-5,6.717839132701787e-5,4.8438827480864035e-5,3.5124410169356255e-5,2.5586773755201047e-5,1.8710199186783457e-5,1.3726059659313172e-5,1.0097717616104515e-5,7.446572446371185e-6,5.503276647969389e-6,4.074894164790444e-6,3.0224348912722784e-6,2.2452889481716534e-6,1.6703285119321849e-6,1.2442114990461584e-6,9.279070176384693e-7,6.927773069636728e-7,5.177589012053837e-7,3.8732541622804537e-7,2.900093948705887e-7,2.1732605743546683e-7,1.6298726407013807e-7,1.2232585442058114e-7,9.187301845608773e-8,6.904732649943121e-8,5.1925455892265347e-8,3.9072840140774147e-8,2.9418368464496898e-8,2.216153398030483e-8,1.6703528978405928e-8,1.2596043418958258e-8,9.503171423940586e-9,7.173037463357657e-9,5.416639530360021e-9,4.092057753995539e-9,3.0926566036428237e-9,2.3382628594680344e-9,1.7685632157622845e-9,1.3381591187435036e-9,1.0128600668817436e-9,7.669032214010171e-10,5.80866417266913e-10,4.4010062888218066e-10,3.335518667210203e-10,2.528752313078413e-10,1.9176829439835101e-10,1.454692373224319e-10,1.1037882903682443e-10,8.377554247156012e-11,6.360075802743764e-11,4.829673629129466e-11,3.668434154442801e-11,2.787072413119654e-11,2.1179592537239534e-11,1.609852646440832e-11,1.22391507716218e-11,9.307019668585309e-12,7.078835382378529e-12,5.385208990843977e-12,4.097610704157382e-12,3.118488220088053e-12,2.3737816478431954e-12,1.807252005849267e-12,1.3761825839267104e-12,1.0481198951360448e-12,7.984020978033782e-13,6.082840957875196e-13,4.635148866125413e-13,3.5325778710114343e-13,2.6927068966907407e-13,2.0528357423250216e-13,1.5652569562795695e-13,1.19366372838815e-13,9.104202238600702e-14,6.944868275537049e-14,5.298428257260575e-14,4.04287005219631e-14,3.08525433319255e-14,2.3547751555239653e-14,1.7974799675038852e-14,1.3722514530933384e-14,1.0477490697192523e-14,8.00080637669533e-15,6.110293977174325e-15,4.667037853984368e-15,3.565089570711997e-15,2.723632636134874e-15,2.0810123475300117e-15,1.5901860338014914e-15,1.215255212664653e-15,9.288219768458024e-16,7.099734026499046e-16,5.427445581281638e-16,4.1494629722199875e-16,3.172711350242925e-16,1.213055699914657e-16
