0.06134155474841907,0.10422404583007028,0.09228209890379802,0.0827783460631113,0.07481766114668642,0.06797307991041679,0.061992050707300184,0.05670708376283695,0.05199881834283793,0.04777787521293597,0.043974865732588686,0.04053442401931451,0.037411415371879864,0.03456840781629267,0.03197391873766442,0.029601159133971877,0.027427109576826703,0.025431824399304248,0.02359789723693223,0.021910043357320552,0.02035476827932814,0.018920101319723603,0.017595378784838578,0.016371065677230234,0.015238607675487348,0.014190307186856432,0.013219218750632922,0.01231906014733547,0.01148413637131443,0.01070927422236756,0.009989765731867328,0.009321318990251348,0.008700015213274542,0.00812227109996505,0.007584805703129721,0.007084611167490457,0.006618926799902614,0.0061852160210301155,0.005781145820449002,0.005404568395529205,0.005053504701043321,0.004726129677044152,0.004420758955175949,0.004135836872025497,0.003869925640045707,0.003621695547164558,0.0033899160730818667,0.003173447823568251,0.002971235196882062,0.0027822997066511146,0.002605733894441735,0.0024406957734089962,0.0022864037504665147,0.00214213198076324,0.002007206113445126,0.0018809993916773168,0.0017629290741662876,0.0016524531488053065,0.0015490673119120772,0.0014523021896181848,0.0013617207798012204,0.0012769160954062796,0.0011975089919164864,0.0011231461631321833,0.0010534982911032352,0.0009882583372728057,0.0009271399632835645,0.0008698760706476981,0.0008162174496562369,0.0007659315288123195,0.0007188012166583178,0.0006746238286951187,0.0006332100927135039,0.0005943832263725218,0.0005579780815028797,0.000523840349910723,0.0004918258259957314,0.00046179972192911603,0.00043363603135098024,0.0004072169379780496,0.00038243226577578705,0.0003591789675797801,0.0003373606493916317,0.00031688712767178554,0.0002976740172337608,0.00027964234755649756,0.0002627182054154992,0.000246832401968918,0.00023192016252335506,0.00021792083740074328,0.00020477763237181697,0.0001924373572847241,0.0001808501916274385,0.0001699694658130516,0.00015975145710533023,0.00015015519915974936,0.00014114230423446306,0.0001326767972124011,0.00012472496060201947,0.00011725518976863584,5.5118928855570634e-5
0.10422404583007028,0.17708689023128876,0.15679774214103848,0.14065090650976586,0.12712563776227181,0.1154965589914374,0.10533460599298605,0.09635522758551418,0.08835563974970495,0.08118399445482405,0.07472240594373325,0.06887681188512307,0.0635705318102251,0.0587399714900414,0.054331644118263966,0.05030003691145857,0.04660604125087198,0.04321577056207715,0.04009965231933643,0.03723171846337292,0.03458904241718108,0.03215128640763676,0.029900333129277423,0.027819982841404856,0.02589570189632684,0.02411441216495308,0.022464313337418995,0.020934731906250004,0.019515992003191762,0.01819930427664118,0.01697666977799639,0.015840796422148862,0.014785026046976846,0.013803270462884487,0.012889955168684852,0.01203996963817941,0.011248623267591878,0.01051160621829289,0.009824954512586637,0.009185018839509063,0.008588436606754318,0.008032106843806452,0.007513167616782224,0.0070289756638033385,0.006577087996972375,0.00615524525198477,0.005761356595109179,0.005393486019877519,0.00504983988757883,0.004728755583030292,0.004428691172177188,0.0041482159619579545,0.003886001873136702,0.0036408155475931014,0.0034115111203788517,0.003197023593638132,0.0029963627567373835,0.0028086076026951207,0.002632901195838408,0.0024684459508637624,0.0023144992865893957,0.0021703696218605753,0.002035412684316916,0.0019090281051116,0.0017906562755322791,0.0016797754435376039,0.0015758990305881904,0.0014785731504260748,0.0013873743134512062,0.00130190730188837,0.0012218032019318328,0.0011467175804626695,0.0010763287949898392,0.0010103364263404947,0.0009484598247183201,0.000890436760253268,0.0008360221700812603,0.0007849869947257788,0.0007371170969165917,0.0006922122567140226,0.0006500852372539456,0.0006105609158210176,0.0005734754755358663,0.0005386756531070014,0.000506018038577416,0.0004753684233565515,0.00044660119297073274,0.00041959876136546913,0.00039425104374331277,0.0003704549652553306,0.00034811400293882026,0.00032713775857126214,0.0003074415602973444,0.0002889460909717362,0.0002715770413780584,0.00025526478658293925,0.0002399440838186228,0.00022555379043489188,0.00021203660050588165,0.00019933879882077978,9.370501554705184e-5
0.09228209890379802,0.15679774214103848,0.138834047960537,0.12453780634057798,0.11256260963419829,0.10226623807772484,0.09326881543707422,0.08531841150447494,0.07823548939437353,0.07188560885004613,0.06616439839842303,0.060988578826077555,0.05629026008377114,0.05201313812070585,0.048109857565330816,0.04454012290411147,0.041269308596837084,0.038267412478872775,0.03550825186189166,0.03296883530138717,0.03062886415577004,0.028470331805403926,0.026477197544476194,0.024635118404605194,0.022931226513251468,0.021353942660778946,0.019892818973544057,0.01853840521046063,0.01728213440777443,0.016116224496125153,0.015033593205791118,0.014027784104471697,0.013092902018916275,0.01222355641590206,0.011414811570620492,0.010662142552439358,0.009961396222510216,0.009308756565428566,0.00870071378635029,0.008134036692774183,0.0076057479502907865,0.0071131018626547915,0.006653564375607546,0.006224795046655268,0.005824630755986868,0.005451070964671512,0.005102264351681263,0.0047764966813022,0.004472179771757595,0.0041878414512507844,0.003922116400987802,0.003673737797030091,0.003441529671917673,0.003224399926554544,0.0030213339306546655,0.0028313886560583854,0.0026536872936447284,0.0024874143096526233,0.002331810901505166,0.002186170817879911,0.0020498365105215063,0.0019221955889880543,0.0018026775523990665,0.001690750774359033,0.001585919719763955,0.001487722374025502,0.001395727867340376,0.00130953427776263,0.0012287665986014003,0.0011530748570353008,0.0010821323717139161,0.0010156341383633083,0.0009532953333476375,0.0008948499259130889,0.0008400493908081313,0.0007886615134210413,0.0007404692803857256,0.0006952698492564569,0.0006528735911733325,0.0006131032010899002,0.0005757928705295394,0.0005407875181847894,0.0005079420741856463,0.00047712081400887695,0.0004481967384249927,0.000421050996198399,0.0003955723463828567,0.0003716566574083419,0.00034920644028881356,0.00032813041357619265,0.00030834309775202174,0.00028976443699378195,0.0002723194464182843,0.0002559378829805562,0.0002405539383994893,0.00022610595256858292,0.0002125361460293589,0.0001997903702154278,0.00018781787421479155,0.00017657108692502787,8.300270678522734e-5
0.0827783460631113,0.14065090650976586,0.12453780634057798,0.11171427398092426,0.10097263620136676,0.09173684791581294,0.08366617561712641,0.07653464816620525,0.07018122825049766,0.06448532835462117,0.05935333139635235,0.05471053915433011,0.050496056828782665,0.046659381761866014,0.043158037874551525,0.03995588147524454,0.037021854593669135,0.0343290462286826,0.0318539712863074,0.02957600708330721,0.027476946268180424,0.0255406373388255,0.023752692138423737,0.022100245313488642,0.02057175461456945,0.01915683367445392,0.017846110893131095,0.016631109511911157,0.015504145041975226,0.01445823701931409,0.013487032678528743,0.012584740611987277,0.01174607284583648,0.010966194055167272,0.010240676867156101,0.009565462382110507,0.00893682518989769,0.008351342273808876,0.007805865291856451,0.007297495804259396,0.006823563078739936,0.006381604160018789,0.00596934593391045,0.0055846889547896544,0.005225692834780832,0.004890563020787386,0.0045776388082660185,0.004285382458606449,0.0040123693042508485,0.003757278739487696,0.003518886006830285,0.003296054699914258,0.0030877299120012427,0.002892931967743567,0.002710750682866206,0.0025403401018153846,0.0023809136691759353,0.0022317397952246742,0.002092137779825573,0.001961474063043027,0.001839158773318722,0.0017246425473724097,0.0016174135985659172,0.0015169950123602657,0.001422942249766898,0.001334840841333125,0.0012523042560801528,0.0011749719308241577,0.0011025074468952907,0.0010345968424960855,0.0009709470497299977,0.0009112844464484356,0.0008553535139039017,0.000802915591890576,0.0007537477239224055,0.0007076415853991755,0.0006644024884378558,0.0006238484576291618,0.0005858093712672544,0.0005501261631833641,0.0005166500806683804,0.00048524199428135774,0.0004557717557999545,0.00042811760069977334,0.0004021655919303757,0.0003778091020419389,0.00035494833082985906,0.0003334898559822861,0.000313346214335093,0.0002944355116042919,0.0002766810585250199,0.0002600110315466326,0.000244358156381754,0.00022965941277530884,0.00021585575903252004,0.00020289187492304045,0.0001907159216852231,0.00017927931797161222,0.00016853653061219215,0.00015844487918593607,7.44821767379594e-5
0.07481766114668642,0.12712563776227181,0.11256260963419829,0.10097263620136676,0.09126424666333333,0.08291682311230164,0.07562241755017562,0.06917680186308539,0.06343443377685554,0.05828632868410377,0.05364787727060727,0.04945156867182099,0.0456423672473909,0.04217462954042839,0.03900996633382303,0.03611571147825832,0.03346379518403009,0.031029895598796653,0.02879278712894362,0.02673383116514061,0.024836572023287817,0.023086412053285543,0.021470347281120572,0.01997675001309407,0.018595188352631353,0.01731627506943695,0.016131540063271277,0.015033321977935887,0.014014675499737728,0.013069291603758804,0.012191428572074003,0.011375852036461853,0.01061778262803692,0.009912850079055041,0.009257052826860845,0.008646722333634671,0.008078491468941351,0.007549266405637023,0.007056201568207049,0.00659667724378904,0.006168279522952402,0.005768782286800653,0.005396130996740911,0.005048428077943756,0.004723919714248279,0.004420983897363923,0.0041381195938120785,0.003873936909281714,0.003627148145681547,0.0033965596586464503,0.0031810644340764804,0.0029796353122523364,0.0027913187954375362,0.002615229382621806,0.0024505443813878855,0.002296499151757038,0.0021523827420692407,0.0020175338810784066,0.001891337293913102,0.001773220313321916,0.0016626497598544662,0.0015591290676245269,0.0014621956346332204,0.0013714183783379297,0.001286395479206101,0.001206752296473712,0.0011321394420261977,0.0010622309992341268,0.0009967228750078008,0.000935331274443809,0.0008777912881493266,0.0008238555833408254,0.0007732931905714419,0.0007258883785690659,0.0006814396104517229,0.0006397585749490144,0.0006006692869152414,0.0005640072519462833,0.0005296186901727201,0.0004973598148284106,0.0004670961615138563,0.0004387019643556523,0.00041205957567824573,0.00038705892592244204,0.00036359702088937986,0.00034157747364738176,0.0003209100685413555,0.00030151035503173107,0.0002832992691977976,0.0002662027809803534,0.00025015156529193533,0.00023508069532219168,0.0002209293564999007,0.00020764057963486467,0.00019516099191912257,0.0001834405845376778,0.000172432495735432,0.00016209280829287444,0.0001523803603950915,0.00014325656898171333,6.734263237099343e-5
0.06797307991041679,0.1154965589914374,0.10226623807772484,0.09173684791581294,0.08291682311230164,0.07533319944616279,0.06870621635636098,0.06285033935879891,0.05763334808658871,0.05295623357215651,0.048742130964797514,0.044929708762272424,0.0414689687671963,0.038318445250339894,0.03544326270306808,0.03281374482144939,0.030404390931986103,0.028193105230555515,0.026160604756085726,0.024289956733441642,0.022566211500745337,0.020976107357817964,0.019507830406932658,0.01815081705694216,0.01689559006111091,0.015733621220445027,0.014657215521837907,0.013659412673442839,0.012733902888785953,0.011874954433453822,0.011077350957671095,0.010336337027271852,0.00964757056525789,0.009007081154895846,0.008411233341292373,0.007856694217082766,0.007340404699012842,0.006859553996266254,0.00641155685180389,0.0059940332026471865,0.005604789956653838,0.005241804628297722,0.004903210612102721,0.004587283903883188,0.004292431104229666,0.004017178561476237,0.0037601625300948266,0.0035201202352034555,0.003295881748059157,0.003086362588735646,0.00289055698201883,0.0027075317016041975,0.0025364204443741947,0.0023764186835670276,0.002226778955398606,0.002086806538124958,0.0019558554872577544,0.0018333249943920868,0.0017186560402583928,0.0016113283160336042,0.0015108573889747907,0.0014167920911590942,0.0013287121122324726,0.0012462257786206854,0.0011689680035216338,0.0010965983933433933,0.0010287994977944484,0.0009652751916639328,0.0009057491776300365,0.0008499636004423196,0.0007976777634713036,0.0007486669395365981,0.0007027212686136659,0.000659644735589061,0.0006192542219472363,0.0005813786256005891,0.000545858043671436,0.000512543013512768,0.00048129380749121174,0.00045197977753412034,0.00042447874573361966,0.0003986764375565003,0.00037446595458578893,0.0003517472838273387,0.00033042684092744745,0.00031041704488249996,0.00029163592191467757,0.0002740067364486159,0.00025745764722206067,0.0002419213867815139,0.00022733496266243505,0.0002136393787345401,0.0002007793753145198,0.0001887031867044307,0.0001773623149561197,0.00016671131872611966,0.0001567076161732889,0.00014731130094753709,0.00013848497034709036,0.0001301935648153848,6.120210900911922e-5
0.061992050707300184,0.10533460599298605,0.09326881543707422,0.08366617561712641,0.07562241755017562,0.06870621635636098,0.0626624413865744,0.05732189247129904,0.05256398980072108,0.04829844103041425,0.0444551483548179,0.04097817974860063,0.03782193869501438,0.03494860993606186,0.032326388222048696,0.029928209762488667,0.027730818769029164,0.025714064553791993,0.023860361626498794,0.022154267770976954,0.02058214929069313,0.019131911843323468,0.01779278142597468,0.016555124267573607,0.015410297302541953,0.014350522962240098,0.013368783514016047,0.012458731265753337,0.011614611764630217,0.01083119772281757,0.010103731867463828,0.009427877267241258,0.008799673961031484,0.00821550093206505,0.007672042640443133,0.0071662594625737375,0.00669536149653277,0.006256785278150323,0.005848173025957054,0.005467354092097809,0.005112328343389622,0.004781251237708728,0.004472420393844392,0.004184263481688946,0.003915327281779499,0.003664267783997671,0.0034298412122957395,0.003210895875761177,0.0030063647592655576,0.002815258777277223,0.0026366606233825737,0.0024697191563164203,0.00231364426940512,0.0021677021967417068,0.0020312112146546185,0.0019035377010689636,0.0017840925196675808,0.001672327699176239,0.0015677333809722069,0.0014698350113375794,0.0013781907565277168,0.0012923891213069173,0.0012120467535348609,0.0011368064188023927,0.0010663351308160193,0.0010003224244577238,0.0009384787598529266,0.0008805340465374012,0.0008262362779999921,0.000775350267796869,0.0007276564790233368,0.0006829499397668914,0.000641039237792634,0.0006017455882324826,0.0005649019686995646,0.0005303523165489914,0.0004979507835507543,0.0004675610436763889,0.0004390556499169265,0.00041231543648595145,0.0003872289630268795,0.00036369199767713814,0.0003416070361856559,0.0003208828543780958,0.0003014340915494197,0.00028318086257773153,0.00026604839663808225,0.00024996670063293785,0.0002348702455453877,0.00022069767412006593,0.00020739152832098193,0.0001948979951804891,0.0001831666697647374,0.00017215033403193388,0.00016180475048930328,0.00015208846961315336,0.0001429626500764748,0.00013439089091616101,0.000126339074798496,0.00011877522162690064,5.583467589970409e-5
0.05670708376283695,0.09635522758551418,0.08531841150447494,0.07653464816620525,0.06917680186308539,0.06285033935879891,0.05732189247129904,0.0524366936847831,0.048084448540455904,0.04418256652111252,0.04066692904476976,0.03748637495729146,0.034599196983142955,0.03197080535421859,0.02957210764856999,0.027378348450152967,0.025368255517193683,0.023523396839491006,0.021827686790559908,0.020267000195375084,0.018828866131478605,0.017502221724246703,0.016277211814834436,0.015145024216395186,0.014097752942901498,0.01312828368134128,0.012230197144028288,0.01139768693301571,0.010625489290252782,0.009908822659618871,0.00924333541195585,0.0086250604088694,0.008050375331062593,0.0075159678961236875,0.007018805245841003,0.006556106907147752,0.0061253208318598484,0.0057241020988366975,0.005350293929276162,0.005001910719795444,0.0046771228410053545,0.0043742429867938,0.004091713889676385,0.0038280972438535094,0.0035820636978689813,0.003352383797783784,0.003137919777383563,0.002937618104236754,0.002750502702249698,0.0025756687808175596,0.0024122772088703004,0.00225954937966439,0.0021167625177534594,0.001983245385438967,0.0018583743507981781,0.001741569783078066,0.0016322927451860106,0.0015300419561329777,0.0014343509989143306,0.0013447857521700184,0.001260942025656294,0.0011824433818315092,0.0011089391276255176,0.0010401024617556487,0.000975628764509049,0.000915234018032552,0.0008586533464587411,0.0008056396658888965,0.0007559624353394925,0.0007094065005986642,0.00066577102347949,0.0006248684897226207,0.0005865237893753379,0.0005505733639494335,0.0005168644152552526,0.00048525417108325614,0.0004556092034025908,0.000427804795144978,0.00040172435183948897,0.00037725885476309635,0.00035430635251437834,0.00033277148813142844,0.00031256505918955506,0.00029360360840383244,0.0002758090425225247,0.00025910827749346926,0.00024343290796294964,0.00022871889938435794,0.00021490630109571515,0.00020193897890697764,0.0001897643657785904,0.00017833322932365179,0.00016759945496771893,0.0001575198436469037,0.0001480539230434342,0.00013916377141137692,0.00013081385311840927,0.0001229708651097252,0.00011560359352444068,0.00010868277977293603,5.109049772083086e-5
0.05199881834283793,0.08835563974970495,0.07823548939437353,0.07018122825049766,0.06343443377685554,0.05763334808658871,0.05256398980072108,0.048084448540455904,0.04409359241631616,0.040515691984597924,0.037291955180174696,0.0343754709228129,0.03172799662398951,0.02931781590978988,0.027118253055198882,0.02510660904005857,0.023263378650529187,0.02157166094987617,0.020016706457988642,0.01858556328132127,0.017266796352258862,0.016050261678531186,0.01492692265434098,0.01388869900318801,0.012928341369390084,0.012039326305043424,0.011215767651641811,0.010452341228149725,0.00974422041736131,0.009087020748970276,0.008476751967457924,0.007909776370586513,0.0073827724335056855,0.00689270291609681,0.006436786793438148,0.0060124744630015575,0.005617425774855536,0.005249490503095866,0.004906690938234981,0.004587206329740301,0.0042893589473890215,0.004011601564500145,0.0037525061937423165,0.0035107539303135954,0.0032851257758624436,0.003074494333957234,0.0028778162822206965,0.0026941255375218243,0.0025225270414643494,0.002362191102078165,0.0022123482351394455,0.0020722844554684552,0.0019413369736740113,0.001818890259192317,0.0017043724348668812,0.0015972519717007902,0.0014970346560260438,0.0014032608042016843,0.001315502702362005,0.0012333622513561147,0.0011564687985698568,0.0010844771404028633,0.0010170656807936447,0.0009539347323719548,0.0008948049482443848,0.0008394158734482786,0.0007875246062887531,0.0007389045604088724,0.0006933443194380266,0.0006506465768342917,0.0006106271540314914,0.0005731140907041191,0.0005379468014898772,0.0005049752939455393,0.00047405944305734665,0.00044506831787830166,0.00041787955632161845,0.0003923787845051367,0.00036845907722253025,0.0003460204564830994,0.00032496942528446177,0.0003052185339782829,0.0002866859768775841,0.00026929521683626695,0.00025297463577073163,0.0002376572092732546,0.00022328020353782046,0.00020978489301875115,0.00019711629731747164,0.00018522293595950486,0.00017405659976097235,0.00016357213762217522,0.0001537272576791586,0.00014448234178680982,0.00013580027241580535,0.0001276462710947078,0.00011998774759573077,0.00011279415913613552,0.00010603687888953309,9.968907317295253e-5,4.68627933643929e-5
0.04777787521293597,0.08118399445482405,0.07188560885004613,0.06448532835462117,0.05828632868410377,0.05295623357215651,0.04829844103041425,0.04418256652111252,0.040515691984597924,0.03722823862188285,0.03426618935363923,0.0315864431045203,0.029153863228358556,0.026939309227407726,0.024918271845272177,0.023069895537530638,0.021376259161355993,0.0198218343289423,0.018393069366089643,0.0170780641843582,0.01586631232459207,0.01474849354247909,0.01371630503947785,0.012762322675007653,0.01187988574407492,0.011063000493748226,0.01030625870266022,0.009604768486155962,0.008954095114522997,0.008350210097174932,0.007789447143701139,0.007268463886189791,0.006784208457838947,0.0063338901906523914,0.0059149538257209505,0.005525056734082143,0.005162048731284577,0.004823954134891187,0.0045089557706656375,0.004215380678628547,0.003941687306442732,0.0036864540091837567,0.0034483686999474406,0.003226219517883974,0.003018886397314423,0.002825333437606034,0.0026446019866305376,0.002475804360988182,0.0023181181361476913,0.0021707809476144216,0.002033085751147537,0.0019043764964088716,0.0017840441731283296,0.0016715231938154856,0.0015662880810853666,0.001467850430778423,0.0013757561253738976,0.0012895827748293752,0.0012089373641940952,0.0011334540897499634,0.001062792366858606,0.0009966349946050612,0.0009346864638176446,0.0008766713961329588,0.0008223331030864957,0.0007714322551542682,0.000723745651755002,0.0006790650838061386,0.000637196281341049,0.0005979579394027462,0.0005611808158845783,0.000526706895633321,0.0004943886156141778,0.000464088146337702,0.00043567672524965663,0.0004090340380159922,0.00038404764405434305,0.00036061244299988304,0.0003386301789592462,0.00031800897974273816,0.00029866292846934036,0.00028051166511906984,0.0002634800158721187,0.0002474976481496938,0.00023249874949126965,0.00021842172856815622,0.0002052089366985357,0.0001928064084125657,0.00018116361968505482,0.00017023326260642022,0.000159971035296789,0.0001503354459952205,0.00014128763034170324,0.00013279118090884666,0.00012481198814002885,0.00011731809189587886,0.00011027954287260583,0.00010366827322329762,9.745797573369871e-5,9.162399096982973e-5,4.3071600931845404e-5
0.043974865732588686,0.07472240594373325,0.06616439839842303,0.05935333139635235,0.05364787727060727,0.048742130964797514,0.0444551483548179,0.04066692904476976,0.037291955180174696,0.03426618935363923,0.03153991648666976,0.029073468111896372,0.026834505871046077,0.024796209995034235,0.02293602310345466,0.021234750529861013,0.019675898300648142,0.018245174627957994,0.01693010700405867,0.01571974296854345,0.014604412697060976,0.013575538106655738,0.012625477528549534,0.01174739797430302,0.010935169090514313,0.010183274359882144,0.009486736165570192,0.008841052107479347,0.008242140534082593,0.007686293681848699,0.007170137143801131,0.006690594640475972,0.0062448572603702734,0.00583035649139646,0.0054447404851496045,0.005085853091963161,0.004751715283085517,0.004440508637147456,0.004150560620103327,0.003880331429650677,0.003628402208515444,0.0033934644600724095,0.0031743105231407664,0.0029698249831721715,0.0027789769127523414,0.002600812849084866,0.002434450428223975,0.002279072605358347,0.0021339223996203055,0.0019982981092231886,0.0018715489490880519,0.001753071068975591,0.001642303914467326,0.001538726897690218,0.0014418563483966015,0.0013512427188746602,0.0012664680192197124,0.001187143461920545,0.0011129072967531635,0.0010434228191893505,0.0009783765368377682,0.0009174764801961367,0.0008604506453625052,0.000807045557356903,0.0007570249439113642,0.0007101685104560981,0.0006662708080274818,0.0006251401863604494,0.0005865978252694946,0.0005504768380739967,0.0005166214412421332,0.00048488618502180204,0.0004551352402720251,0.00042724173707707827,0.00040108715118689076,0.0003765607345395123,0.0003535589865078957,0.00033198516282238223,0.000311748819273195,0.00029276538760687667,0.00027495578121868296,0.00025824602840852917,0.00024256693121201423,0.00022785374788746125,0.00021404589734211506,0.00020108668393286223,0.00018892304113669964,0.00017750529275516874,0.0001667869303802619,0.00015672440599043833,0.00014727693857669163,0.0001384063338157192,0.0001300768158860226,0.0001222548705589301,0.00011490909878844645,0.00010801008006530635,0.00010153024485740243,9.544375552092053e-5,8.972639508533667e-5,8.435546337597901e-5,3.965483999145592e-5
0.04053442401931451,0.06887681188512307,0.060988578826077555,0.05471053915433011,0.04945156867182099,0.044929708762272424,0.04097817974860063,0.03748637495729146,0.0343754709228129,0.0315864431045203,0.029073468111896372,0.02679998269485817,0.024736179893556698,0.02285733932761036,0.02114266933378378,0.019574477720166183,0.018137561570054084,0.01681874775967307,0.01560654002783013,0.014490843168261158,0.01346274420393695,0.012514336436502183,0.011638576278803991,0.010829165520675699,0.01008045358538251,0.009387355682300452,0.008745283737606163,0.008150087696011499,0.007598005316612921,0.007085618980760433,0.00660981833357685,0.00616776781276894,0.005756878297026993,0.005374782248645044,0.005019311835865556,0.004688479609097115,0.004380461377371803,0.004093580987486814,0.003826296756214431,0.003577189344512871,0.0033449508934393496,0.003128375268272199,0.002926349278890003,0.002737844763237317,0.0025619114351816755,0.0023976704116583022,0.0022443083451513315,0.0021010720963481333,0.001967263890257906,0.0018422369058405663,0.0017253912550519446,0.0016161703126084323,0.0015140573617630007,0.0014185725255783065,0.0013292699566100144,0.001245735260551481,0.0011675831322080117,0.0010944551844021336,0.0010260179522904624,0.0009619610576140081,0.0009019955186119928,0.0008458521929514164,0.0007932803422877506,0.0007440463079962205,0.0006979322887256875,0.0006547352112287082,0.0006142656868411388,0.000576347046479634,0.0005408144478008959,0.0005075140487672391,0.00047630224224882826,0.00044704494684034805,0.0004196169494803479,0.00039390129580127616,0.0003697887245633783,0.0003471771427213848,0.0003259711380289689,0.000306081526371022,0.0002874249311546626,0.00026992339237531457,0.0002535040031475455,0.00023809857164295341,0.00022364330660229817,0.00021007852465290949,0.00019734837784896823,0.0001854005999923883,0.00017418627034733849,0.00016365959351710225,0.0001537776943103834,0.00014450042655422086,0.0001357901948395284,0.00012761178829320862,0.00011993222554343777,0.00011272061007801823,0.00010594799528041571,9.95872584663559e-5,9.361298329615964e-5,8.800134999533923e-5,8.27300328332739e-5,7.777810436566121e-5,3.6562972993947206e-5
0.037411415371879864,0.0635705318102251,0.05629026008377114,0.050496056828782665,0.0456423672473909,0.0414689687671963,0.03782193869501438,0.034599196983142955,0.03172799662398951,0.029153863228358556,0.026834505871046077,0.024736179893556698,0.022831376076557774,0.02109727964828295,0.01951470168306435,0.018067313783279693,0.016741084924373484,0.015523857395077223,0.01440502107535696,0.013375258891559327,0.012426344860671151,0.011550981704377572,0.010742668718875109,0.009995593117216262,0.009304539821168606,0.008664815923808827,0.008072186945018073,0.007522822658473177,0.007013250757901657,0.006540316994765233,0.006101150699846375,0.005693134815339673,0.005313879728929688,0.004961200332699436,0.0046330958320400795,0.0043277319115400115,0.0040434249314850595,0.003778627880353727,0.0035319178529371192,0.0033019848592874546,0.0030876217980985235,0.0028877154528572785,0.0027012383889890856,0.002527241647550117,0.0023648481443818425,0.002213246696184612,0.0020716866052608723,0.0019394727427886407,0.0018159610782882904,0.0017005546091801993,0.0015926996497387796,0.001491882443729331,0.001397626068695628,0.001309487603736538,0.001227055535772948,0.0011499473817412585,0.0010778075067491358,0.0010103051202907387,0.0009471324343523907,0.0008880029691241062,0.0008326499931468369,0.0007808250862230501,0.0007322968145833421,0.0006868495086553017,0.0006442821348070053,0.000604407253177671,0.0005670500545568065,0.0005320474697298582,0.0004992473454242651,0.0004685076815441249,0.00043969592473774334,0.0004126883138475257,0.0003873692731705576,0.00036363084977172975,0.00034137219148368085,0.0003204990624085203,0.00030092339306483137,0.0002825628625865899,0.00026534051051064957,0.0002491843759528439,0.0002340271621327182,0.0002198059243478127,0.00020646177970591768,0.0001939396369826673,0.00018218794514403367,0.0001711584592025677,0.00016080602212733934,0.00015108836167114763,0.00014196590103248384,0.00013340158238979221,0.0001253607023721532,0.00011781075863016898,0.0001107213067378706,0.00010406382668716983,9.78115983146133e-5,9.193958503548542e-5,8.64243253085623e-5,8.124383130776822e-5,7.637749429296428e-5,7.180599622359286e-5,3.375561359864065e-5
0.03456840781629267,0.0587399714900414,0.05201313812070585,0.046659381761866014,0.04217462954042839,0.038318445250339894,0.03494860993606186,0.03197080535421859,0.02931781590978988,0.026939309227407726,0.024796209995034235,0.02285733932761036,0.02109727964828295,0.019494950869995753,0.018032623048230223,0.016695209256419985,0.0154697452525146,0.014344997664286763,0.013311163034971263,0.012359632633913237,0.011482805857527256,0.010673940191207015,0.009927029126360426,0.00923670176513175,0.008598139471734295,0.008007006078947748,0.007459388990774918,0.00695174912876706,0.00648087812150297,0.006043861473398471,0.005638046708015973,0.005261015678890382,0.004910560393229291,0.004584661815219923,0.004281471210220017,0.003999293666697448,0.0037365734943681783,0.0034918812447990027,0.0032639021416228098,0.0030514257403836537,0.002853336664267847,0.0026686062848332096,0.002496285235219241,0.0023354966593343365,0.0021854301128614653,0.002045336043512057,0.0019145207874686834,0.0017923420264505524,0.0016782046570445394,0.0015715570297052117,0.0014718875198241506,0.0013787213978706248,0.0012916179690072652,0.0012101679561608812,0.0011339911034503082,0.0010627339791236846,0.0009960679595586719,0.0009336873777844555,0.0008753078215857982,0.0008206645679909898,0.0007695111419747658,0.0007216179885915237,0.0006767712488305426,0.0006347716302732946,0.0005954333645814165,0.0005585832445275298,0.000524059734065432,0.0004917121453581353,0.0004613998773436694,0.00043299171093076627,0.0004063651562453783,0.00038140584781602097,0.00035800698393569867,0.00033606880672811066,0.00031549811980822323,0.0002962078405943612,0.00027811658463242767,0.0002611482795361062,0.00024523180626693977,0.00023030066572153444,0.00021629266874105546,0.00020314964778825068,0.00019081718872900532,0.00017924438120994583,0.0001683835862825991,0.00015819022004420714,0.00014862255211238592,0.00013964151788362295,0.00013121054357535106,0.0001232953831622934,0.00011586396634235283,0.00010888625675936365,0.00010233411977198653,9.618119908639936e-5,9.040280164271733e-5,8.497579017766586e-5,7.987848293065903e-5,7.50905600093233e-5,7.059297594527118e-5,6.636787801854709e-5,3.119926498228534e-5
0.03197391873766442,0.054331644118263966,0.048109857565330816,0.043158037874551525,0.03900996633382303,0.03544326270306808,0.032326388222048696,0.02957210764856999,0.027118253055198882,0.024918271845272177,0.02293602310345466,0.02114266933378378,0.01951470168306435,0.018032623048230223,0.016680034877156413,0.01544298314817022,0.014309477113145508,0.01326912690784604,0.012312865199149287,0.011432729658416851,0.010621690376095116,0.009873511091559706,0.009182636278665113,0.00854409829023256,0.007953440268939543,0.007406651595370434,0.00690011341391128,0.006430552338140549,0.005995000855399377,0.005590763261632339,0.005215386197131508,0.004866633036806081,0.004542461529499664,0.004241004193137693,0.003960551059931275,0.0036995344357741017,0.0034565153949299293,0.003230171775333718,0.0030192874776386047,0.0028227429015455913,0.0026395063772168686,0.00246862647071662,0.0023092250594118277,0.002160491088077629,0.002021674927868776,0.0018920832710379032,0.0017710745030768693,0.0016580545008884548,0.0015524728122634224,0.0014538191772650692,0.0013616203567457935,0.0012754372374759008,0.001194862186511228,0.0011195166307337162,0.0010490488402017627,0.0009831318960283296,0.0009214618257258299,0.0008637558907187426,0.0008097510122063931,0.0007592023231688064,0.0007118818352606932,0.0006675772106187593,0.0006260906296031189,0.0005872377462228916,0.0005508467238729813,0.0005167573446416864,0.0004848201861740054,0.00045489586046575624,0.0004268543095754737,0.0004005741537147535,0.00037594208748185746,0.0003528523204352962,0.0003312060585277084,0.0003109110231884092,0.0002918810051782848,0.00027403545049504204,0.0002572990758877222,0.00024160151176415897,0.00022687697038619326,0.00021306393747252787,0.00020010488546590068,0.0001879460068415148,0.0001765369660111536,0.00016583066842765313,0.00015578304564162941,0.00014635285517284984,0.00013750149410224387,0.00012919282541336502,0.00012139301615813995,0.00011407038662434232,0.00010719526970499101,0.00010073987975497273,9.467819027753218e-5,8.89858198094872e-5,8.363992544090375e-5,7.861910343508801e-5,7.390329645604607e-5,6.947370695577215e-5,6.531271628738497e-5,6.140380915416557e-5,2.8865751518660442e-5
0.029601159133971877,0.05030003691145857,0.04454012290411147,0.03995588147524454,0.03611571147825832,0.03281374482144939,0.029928209762488667,0.027378348450152967,0.02510660904005857,0.023069895537530638,0.021234750529861013,0.019574477720166183,0.018067313783279693,0.016695209256419985,0.01544298314817022,0.01429771748149633,0.013248311772171228,0.012285147548188324,0.011399830666030758,0.010584989936515743,0.009834117354795946,0.0091414396346724,0.008501813678699233,0.007910640617744574,0.007363794446209854,0.006857562263450578,0.006388593844697643,0.00595385878409227,0.005550609839440723,0.005176351396575782,0.004828812192971196,0.004505921609653019,0.004205788970891744,0.003926685395082299,0.0036670278211696633,0.0034253648996980385,0.0032003644902911244,0.0029908025483132636,0.0027955532184639822,0.0026135799812023533,0.002443927720363455,0.002285715599899235,0.0021381306534047073,0.0020004220038020715,0.0018718956411246795,0.0017519096962655759,0.0016398701566982601,0.001535226976593293,0.001437470539926846,0.001346128440109392,0.0012607625439409673,0.0011809663116400942,0.001106362347605347,0.0010366001596309078,0.0009713541067993964,0.0009103215182016573,0.0008532209666895253,0.0007997906834986829,0.0007497871009498613,0.0007029835119278793,0.0006591688357194033,0.0006181464809750983,0.0005797332974838854,0.0005437586091217896,0.0005100633211500265,0.0004784990956223645,0.0004489275893331656,0.00042121974909908183,0.000395255159733399,0.0003709214405108333,0.00034811368620200206,0.0003267339491566778,0.0003066907592145056,0.00028789867846995294,0.00027027788822877284,0.000253753805636062,0.00023825672771597695,0.00022372150077144565,0.00021008721319488131,0.00019729690994936978,0.00018529732710646047,0.00017403864493794772,0.00016347425822338217,0.00015356056248159566,0.00014425675497072282,0.00013552464940361046,0.00012732850336577561,0.00011963485753682104,0.00011241238585881462,0.00010563175589013186,9.926549860429052e-5,9.328788697215702e-5,8.767482271893707e-5,8.240373067164232e-5,7.745346017466238e-5,7.280419307892317e-5,6.84373578483605e-5,6.433554936929138e-5,6.048245406090557e-5,5.686277992586583e-5,2.6731095605169505e-5
0.027427109576826703,0.04660604125087198,0.041269308596837084,0.037021854593669135,0.03346379518403009,0.030404390931986103,0.027730818769029164,0.025368255517193683,0.023263378650529187,0.021376259161355993,0.019675898300648142,0.018137561570054084,0.016741084924373484,0.0154697452525146,0.014309477113145508,0.013248311772171228,0.012275964422278351,0.011383523356740727,0.010563211222890556,0.009808198447030486,0.0091124552060389,0.00847063240273968,0.007877964818019834,0.007330191467724595,0.006823489482563727,0.0063544187412644115,0.005919875147585907,0.0055170509229584,0.005143400645064036,0.0047966120297720655,0.004474580659302979,0.004175388016445375,0.0038972823055022643,0.0036386616369307317,0.003398059227639194,0.0031741303288708306,0.002965640642456552,0.002771456024153511,0.002590533305215574,0.0024219120894185264,0.0022647074035762743,0.0021181030977172124,0.0019813459056617633,0.001853740089446762,0.0017346426008340993,0.001623458702335219,0.0015196379977274674,0.0014226708279821351,0.0013320849942436049,0.0012474427740681755,0.001168338201095031,0.0010943945819729857,0.0010252622270643108,0.0009606163742843163,0.0009001552877535429,0.000843598514724108,0.0007906852861469041,0.0007411730477575769,0.0006948361098298855,0.0006514644051261488,0.0006108623453914656,0.0005728477678360634,0.000537250963904317,0.0005039137832541646,0.0004726888066231942,0.000443438581799932,0.0004160349175410683,0.0003903582306100991,0.00036629694163750354,0.00034374691590901337,0.00032261094544935344,0.00030279826913921,0.00028422412788086954,0.0002668093520577456,0.0002504799788207177,0.0002351668968665196,0.00022080551661432784,0.00020733546387957224,0.00019470029523919455,0.00018284723347575943,0.00017172692160502502,0.00016129319409482427,0.00015150286403530118,0.00014231552506366058,0.0001336933669728274,0.0001256010040282616,0.000118005315054499,0.0001108752944583625,0.00010418191339528916,9.789799037317605e-5,9.199807060770635e-5,8.645831351609848e-5,8.125638778540755e-5,7.637137347400041e-5,7.17836706621705e-5,6.747491419372819e-5,6.342789408578047e-5,5.962648122273366e-5,5.6055557962248186e-5,5.270095331863056e-5,2.4774691208648454e-5
0.025431824399304248,0.04321577056207715,0.038267412478872775,0.0343290462286826,0.031029895598796653,0.028193105230555515,0.025714064553791993,0.023523396839491006,0.02157166094987617,0.0198218343289423,0.018245174627957994,0.01681874775967307,0.015523857395077223,0.014344997664286763,0.01326912690784604,0.012285147548188324,0.011383523356740727,0.010555991253834024,0.009795339941430642,0.009095236909594434,0.00845009118372167,0.00785494296425443,0.007305373828811884,0.006797432886691879,0.006327575471982511,0.005892611807139167,0.00548966368119172,0.005116127632869311,0.004769643461386974,0.004448067135288891,0.004149447360249303,0.0038720052122570986,0.003614116354665506,0.003374295446865072,0.003151182421881657,0.0029435303657968717,0.00275019477718981,0.00257012401996852,0.0024023508130299534,0.00224598462436483,0.002100204856522715,0.001964254727164945,0.0018374357619443948,0.0017191028287308827,0.0016086596512797993,0.0015055547489664853,0.0014092777562038881,0.0013193560806727019,0.0012353518647955607,0.0011568592191241456,0.0010835016999829125,0.0010149300070987008,0.0009508198794467466,0.0008908701701744459,0.0008348010836135358,0.0007823525590461618,0.0007332827876569466,0.000687366850504037,0.0006443954665205295,0.0006041738408382354,0.0005665206044830704,0.0005312668375092658,0.0004982551684315824,0.00046733894339431696,0.0004383814592136843,0.0004112552549329941,0.00038584145710682076,0.0003620291743408931,0.00033971493710075774,0.0003188021791791871,0.0002992007574540807,0.0002808265069121109,0.00026360082817074304,0.00024745030494436205,0.0002323063491669877,0.000218104871606741,0.0002047859760305852,0.00019229367515674655,0.00018057562672042652,0.0001695828881575828,0.00015926968852020447,0.00014959321633224894,0.00014051342223651972,0.00013199283532272336,0.00012399639214402854,0.00011649127751735657,0.00010944677623726676,0.00010283413493101081,9.662643331890598e-5,9.07984642258173e-5,8.532662170758747e-5,8.018879672397707e-5,7.536427983527395e-5,7.083367042057058e-5,6.657879196889593e-5,6.258261301836702e-5,5.882917335133463e-5,5.530351508948824e-5,5.199161834372316e-5,4.888034110860464e-5,2.2978681558665675e-5
