0.06134155474823966,0.09207504907124742,0.07452985083987462,0.06166360156356698,0.051652014101764454,0.04362352393239266,0.03706446777117389,0.03163719481487082,0.02710436001791805,0.023291434728341776,0.020065892461141654,0.017324669438359974,0.014986132688959097,0.01298468454220747,0.011266998157059033,0.009789309058089418,0.00851541652462337,0.007415177381543181,0.006463350570885956,0.005638697369961795,0.0049232716134824245,0.004301853555719173,0.003761493943624336,0.0032911437585793485,0.002881351315592473,0.002524012859542825,0.0022121660330359297,0.0019398179753973982,0.001701801596174328,0.0014936549161998595,0.0013115194037329504,0.0011520540327671774,0.0010123624150178458,0.000889930849318158,0.000782575522579175,0.0006883974088144427,0.0006057436643020931,0.0005331745203059225,0.00046943484084920224,0.00041342964876604424,0.0003642030348526568,0.0003209199572666802,0.00028285051485766894,0.0002493563418814095,0.00021987882470718163,0.0001939288858478572,0.00017107811816729655,0.00015095108371365436,0.00013321861840861994,0.00011759200647317065,0.00010381790771132882,9.167393716127655e-5,8.09648105595446e-5,7.151898101498823e-5,6.318570248940703e-5,5.583246441559324e-5,4.934274930026958e-5,4.36140716119453e-5,3.855626179784602e-5,3.4089964074957404e-5,3.0145320750785934e-5,2.666081940853112e-5,2.3582282372387156e-5,2.0861980533484325e-5,1.8457855932079597e-5,1.6332839494938875e-5,1.4454252070063994e-5,1.2793278405577656e-5,1.1324505038090154e-5,1.0025514197852144e-5,8.876526830007083e-6,7.86008869885964e-6,6.9607942973393285e-6,6.165043941030887e-6,5.46083000215379e-6,4.837548738386295e-6,4.285834611021005e-6,3.797414369965401e-6,3.3649785165689914e-6,2.982068049298929e-6,2.6429746532842204e-6,2.342652718788184e-6,2.076641771152292e-6,1.8409980658921424e-6,1.6322342543966632e-6,1.4472661581037132e-6,1.283365804664396e-6,1.1381199821003031e-6,1.0093936560266602e-6,8.952976740069384e-7,7.941602496790621e-7,7.045017802670143e-7,6.250126043285424e-7,5.545333533201222e-7,4.920375919344969e-7,4.3661647828975984e-7,3.8746520701059023e-7,3.438710263251352e-7,3.0520264491005296e-7,2.7090086606153757e-7,1.2023515296430652e-7
0.09207504907124742,0.1382118294097281,0.11187812728056512,0.09256662262244153,0.07753946850797822,0.06548864021861234,0.055643240698142415,0.04749652665010928,0.040692290180046053,0.034968596058838175,0.030126544541230205,0.026011452677269342,0.022500800399160248,0.01949613319621757,0.01691741257279683,0.014698951307639374,0.01278641402274866,0.011134556721007882,0.009705492755311768,0.008467342457082722,0.007393167911845383,0.006460123301747639,0.005648770646900919,0.004942524114076377,0.004327195412609938,0.003790619476785745,0.0033223444887729853,0.0029133738753640073,0.0025559505888124306,0.002243376007572455,0.0019698573451717785,0.0017303786553962627,0.0015205914590400264,0.0013367217561607511,0.0011754907737007055,0.0010340472670791814,0.000909909571906016,0.0008009159071380931,0.000705181680233466,0.0006210627485564117,0.0005471237587680745,0.0004821108244970531,0.00042492791744665366,0.0003746164428003627,0.00033033754956434975,0.0002913567936036294,0.00025703082744644654,0.00022679583834933105,0.0002001574963103117,0.00017668220771354954,0.0001559894991669539,0.00013774538069113822,0.0001216565583353835,0.00010746538423405056,9.494544742689017e-5,8.389772187609372e-5,7.414719939545077e-5,6.553994489236345e-5,5.794051964543175e-5,5.122972554666861e-5,4.5302629407708564e-5,4.0066831801913e-5,3.5440949539260126e-5,3.1353284871127036e-5,2.7740657997413014e-5,2.454738245580648e-5,2.1724365589928865e-5,1.9228318551915138e-5,1.702106227440052e-5,1.506891756131672e-5,1.3342168936188615e-5,1.181459318917426e-5,1.046304469799777e-5,9.26709058460891e-6,8.20868963422001e-6,7.27190965334407e-6,6.442678603476258e-6,5.70856542216244e-6,5.058586943891118e-6,4.483037774751701e-6,3.97334035919143e-6,3.5219128136095934e-6,3.122052398066966e-6,2.767832754368639e-6,2.454013266680913e-6,2.1759590996968845e-6,1.929570643016416e-6,1.7112212443197712e-6,1.5177022476713355e-6,1.3461744719173182e-6,1.1941253671248564e-6,1.0593311785810743e-6,9.398235278231943e-7,8.338598903530685e-7,7.398975118289093e-7,6.565703587809144e-7,5.82668747902128e-7,5.17121340144904e-7,4.5897922281567873e-7,4.074018356727446e-7,1.808222629041307e-7
0.07452985083987462,0.11187812728056512,0.09056359324730234,0.07493256040945773,0.06276915145119744,0.05301471535233304,0.04504532434542785,0.0384508426533019,0.032942969727336346,0.028309704225844556,0.024390062377218802,0.02105884720685758,0.01821689279992239,0.015784510801251372,0.013696918007359504,0.011900946601390794,0.010352616584151153,0.00901530628030256,0.007858348905030926,0.006855939640350084,0.0059862734914741395,0.005230857609659259,0.004573957478762006,0.004002147156599606,0.0035039413305383293,0.0030694923526034465,0.002690339348552548,0.002359199392084385,0.0020697929019726086,0.0018166970592099763,0.0015952222976747255,0.001401307892982137,0.0012314334325844653,0.0010825435480244366,0.0009519837644495245,0.000837445701865492,0.0007369201681663475,0.0006486569309644696,0.0005711301569586141,0.0005030086724390724,0.0004431303340793301,0.0003904799113066794,0.0003441699745083014,0.0003034243607887444,0.00026756385356317084,0.00023599376659376534,0.00020819316865880021,0.0001837055234226656,0.00016213055160851485,0.00014311715009078605,0.00012635722589894116,0.00011158032303235045,9.854893691693331e-5,8.705442585324116e-5,7.691344119792505e-5,6.796480863167725e-5,6.006680199917378e-5,5.309475904637746e-5,4.693899511673343e-5,4.150297670109024e-5,3.6701721730785365e-5,3.24603978523176e-5,2.8713093665858037e-5,2.5401741148001352e-5,2.247517029245466e-5,1.9888279436834535e-5,1.76013068622091e-5,1.5579191080581365e-5,1.3791008827932448e-5,1.2209481168341991e-5,1.0810539320364694e-5,9.572942871337276e-6,8.477943963270974e-6,7.508991832783286e-6,6.651472787670248e-6,5.892481309897947e-6,5.2206185091492325e-6,4.625814616673004e-6,4.099172614558934e-6,3.6328304530195245e-6,3.2198396194815093e-6,2.854058095661301e-6,2.5300559788984147e-6,2.243032252088924e-6,1.988741371091818e-6,1.7634284994923075e-6,1.5637723612105294e-6,1.3868348060719837e-6,1.2300162917607974e-6,1.0910165816346997e-6,9.678000412700857e-7,8.585649907559362e-7,7.617166344978968e-7,6.758431471256085e-7,5.99694544415557e-7,5.321640120765498e-7,4.722714041188427e-7,4.19148656685349e-7,3.720268931561709e-7,3.302250229098406e-7,1.4656982971471426e-7
0.06166360156356698,0.09256662262244153,0.07493256040945773,0.06200039855705364,0.05193698961856641,0.043866533882030434,0.03727286789410378,0.03181669299015133,0.027259501671780817,0.023425906821917086,0.020182726892509162,0.017426385919051934,0.015074842885937023,0.013062170211883606,0.011334771133640786,0.009848658180045045,0.008567444912861294,0.007460832435205178,0.00650344836530406,0.005673942684261218,0.004954274500334893,0.004329143143524991,0.003785530001316234,0.0033123264357882015,0.0029000293833152044,0.002540490710146358,0.0022267096475869844,0.0019526600268499894,0.0017131458260001425,0.0015036798975343602,0.0013203817845302765,0.0011598913366877434,0.001019295464980828,0.0008960658682076704,0.0007880059570141221,0.0006932055148061601,0.0006100018877432806,0.0005369467003284341,0.0004727772599816323,0.00041639195036899737,0.0003668290253962996,0.0003232483085491662,0.0002849153791695024,0.0002511878913386634,0.00022150372445456975,0.0001953707095310171,0.000172357712957484,0.00015208689120851287,0.00013422695690697758,0.00011848731940946678,0.00010461298241994403,9.238009760869173e-5,8.159208722081663e-5,7.20762606708043e-5,6.368086037229271e-5,5.6272480831327234e-5,4.973381258722271e-5,4.3961669071508397e-5,3.8865260028786495e-5,3.436467996968879e-5,3.038958425856668e-5,2.687802903689955e-5,2.3775454281046667e-5,2.103379197225026e-5,1.8610683684563566e-5,1.6468793910730348e-5,1.4575207198927736e-5,1.290089868631188e-5,1.1420268941233808e-5,1.0110735174414533e-5,8.952371877022725e-6,7.927594816156095e-6,7.020883077851021e-6,6.218534508737185e-6,5.5084504868320574e-6,4.8799464544112275e-6,4.323585088081668e-6,3.831029366491929e-6,3.394913131574506e-6,3.008727035028991e-6,2.666718019306153e-6,2.363800707757589e-6,2.095479277315473e-6,1.8577785592590338e-6,1.6471832663406878e-6,1.460584377796634e-6,1.2952318301321689e-6,1.1486927647159945e-6,1.018814672853042e-6,9.036928585065821e-7,8.016417078567483e-7,7.111693162532825e-7,6.309550767054824e-7,5.598298810900265e-7,4.967586269056592e-7,4.4082475876800763e-7,3.912166060137398e-7,3.472153060555739e-7,3.0818412790544475e-7,2.735590322777191e-7,1.2142016198723002e-7
0.051652014101764454,0.07753946850797822,0.06276915145119744,0.05193698961856641,0.04350761907123013,0.03674750789894654,0.031224339042567162,0.02665392907553099,0.022836512447442725,0.019625190230596445,0.01690841290096079,0.014599427225272854,0.01262951671157736,0.010943460829513724,0.009496366886928814,0.00825139061937677,0.007178054173145126,0.00625097847830175,0.005448910827064807,0.0047539675954739735,0.004151036866104699,0.003627301933908117,0.0031718575628741086,0.002775398339942149,0.002429963716442593,0.0021287280728890384,0.0018658268653053006,0.00163621191830364,0.0014355304312940048,0.00126002340000499,0.0011064400260238014,0.0009719653599325716,0.0008541589490833265,0.0007509026752744504,0.0006603562961483671,0.000580919466982615,0.0005111992312580443,0.000449982139517394,0.0003962102957899283,0.0003489607450867819,0.0003074277093920476,0.00027090725727740156,0.000238784056682248,0.0002105199140732981,0.00018564384793733112,0.00016374348220225257,0.00014445757676650496,0.00012746953891074357,0.00011250178190937675,9.93108162265356e-5,8.76829748782885e-5,7.743068833898615e-5,6.838923610218866e-5,6.041391206821527e-5,5.337754951821702e-5,4.716835878825832e-5,4.168803708592961e-5,3.685011532524865e-5,3.2578511524099674e-5,2.8806264351262595e-5,2.5474423871693543e-5,2.253107955291965e-5,1.9930508190242092e-5,1.7632426652814542e-5,1.560133630262216e-5,1.3805947625797745e-5,1.2218675084112998e-5,1.0815193461969085e-5,9.57404809496135e-6,8.47631232816842e-6,7.505286388075896e-6,6.646232583035097e-6,5.886142383528136e-6,5.2135314872659875e-6,4.618259459531553e-6,4.091370960111748e-6,3.6249559386257473e-6,3.212026502863932e-6,2.846408445801059e-6,2.522645664783751e-6,2.2359159221745184e-6,1.981956585583301e-6,1.7569991522962199e-6,1.5577115067816322e-6,1.3811469881067067e-6,1.2246994557453413e-6,1.0860636397564415e-6,9.632001477346462e-7,8.54304576039227e-7,7.57780239421225e-7,6.722140909975627e-7,5.963554559446372e-7,5.290972471839514e-7,4.6945937074665035e-7,4.165740634027989e-7,3.6967293561248e-7,3.2807551981807385e-7,2.911791477881088e-7,2.584500014847844e-7,2.2941520035829828e-7,1.0182790206803222e-7
0.04362352393239266,0.06548864021861234,0.05301471535233304,0.043866533882030434,0.03674750789894654,0.031038182195588848,0.026373471640580792,0.022513386899422783,0.019289227738440107,0.016576938662511698,0.014282316021260011,0.01233209615760436,0.010668247135959846,0.00924413416863945,0.008021844215832824,0.006970261079982887,0.006063644982434252,0.0052805620806121445,0.004603063277500055,0.004016044713334957,0.0035067432890862615,0.0030643342723001565,0.0026796072284789585,0.0023447028367252556,0.002052897576653001,0.0017984264365513702,0.0015763360917302252,0.001382362696844993,0.001212829703677816,0.0010645620749937176,0.0009348140002190981,0.0008212077869033975,0.000721682045661181,0.0006344476360861297,0.0005579501185833131,0.0004908376790362743,0.00043193367200885027,0.0003802130726956645,0.0003347822458603985,0.0002948615364646717,0.0002597702660038217,0.00022891378418440304,0.00020177227997502777,0.00017789110138738884,0.0001568723711267506,0.0001383677170392031,0.0001220719629564282,0.0001077176479974155,9.507026142492061e-5,8.39240962568137e-5,7.409863851136908e-5,6.543542061671396e-5,5.7795277423158256e-5,5.105595175454035e-5,4.51100036875429e-5,3.9862983958410944e-5,3.523183724173096e-5,3.114350563464686e-5,2.753370662274821e-5,2.434586321833741e-5,2.1530166885386172e-5,1.9042756411269705e-5,1.6844998076949555e-5,1.4902854372891025e-5,1.3186330154950788e-5,1.16689865596996e-5,1.0327514238895496e-5,9.141358543378905e-6,8.092390224858953e-6,7.164616036667439e-6,6.343924320495134e-6,5.617861283563631e-6,4.975434208211892e-6,4.4069383036256455e-6,3.9038043194350225e-6,3.4584643964674546e-6,3.06423394287499e-6,2.715207596534049e-6,2.406167572025155e-6,2.1325028998540633e-6,1.890138247855401e-6,1.675471174249282e-6,1.4853168024552512e-6,1.3168590296416863e-6,1.1676074890800912e-6,1.0353595806916818e-6,9.181669665385636e-7,8.143060010217112e-7,7.222516289961219e-7,6.406543412901129e-7,5.683198259704477e-7,5.041909971396067e-7,4.473321209847135e-7,3.969147920966649e-7,3.5220554256265157e-7,3.125548920793751e-7,2.773876701138188e-7,2.461944611547999e-7,2.1852404163961403e-7,1.9397669271262143e-7,8.609914331525685e-8
0.03706446777117389,0.055643240698142415,0.04504532434542785,0.03727286789410378,0.031224339042567162,0.026373471640580792,0.022410102302717616,0.01913034394748081,0.01639087377073839,0.014086297295522576,0.012136580960815213,0.010479481003548174,0.009065693966329669,0.007855599017137338,0.006816985050486696,0.005923415373742649,0.005153020977555087,0.004487591098816454,0.003911875570148271,0.003413041517672785,0.002980244775182453,0.0026042880225587844,0.002277345465867421,0.0019927392419400725,0.0017447564922873846,0.0015284987382907893,0.001339757142679903,0.0011749086821699478,0.0010308293330834398,0.0009048211866134991,0.0007945510349100203,0.0006979984518922337,0.0006134117696644237,0.0005392706485778508,0.00047425417469196436,0.0004172136069622214,0.00036714904836704625,0.0003231894379580099,0.0002845753610861224,0.00025064425700830825,0.00022081767045928867,0.0001945902495212753,0.00017152023833718472,0.00015122125172014646,0.0001333551508107705,0.0001176258659400806,0.00010377403551722376,9.157234884161385e-5,8.0821496913959e-5,7.134664900109778e-5,6.299438433118171e-5,5.563001819461539e-5,4.9135270144536796e-5,4.340622921019939e-5,3.8351577198739596e-5,3.38910364374379e-5,2.9954012850070405e-5,2.6478409159714383e-5,2.340958636040555e-5,2.0699454501184084e-5,1.8305676310125072e-5,1.619096934902083e-5,1.432249425152495e-5,1.2671318208223349e-5,1.1211944261510005e-5,9.921898184144765e-6,8.781365769225695e-6,7.772874268968492e-6,6.881012516888951e-6,6.0921849584836776e-6,5.394395415357178e-6,4.77705693241306e-6,4.230824514485067e-6,3.7474479562596e-6,3.3196423177413127e-6,2.940973899660755e-6,2.605759839145711e-6,2.308979677699403e-6,2.0461974552760546e-6,1.8134930621562057e-6,1.6074017352268787e-6,1.424860720843125e-6,1.2631622459627057e-6,1.1199120428179038e-6,9.929927642498663e-7,8.805317069871058e-7,7.808723301485922e-7,6.925491183007749e-7,6.142653923212203e-7,5.448737191501456e-7,4.83358613032504e-7,4.2882125777711414e-7,3.804660117990778e-7,3.37588486013311e-7,2.995650097068152e-7,2.6584332139819186e-7,2.359343410542445e-7,2.0940489704659649e-7,1.858712961403388e-7,1.6499363804309038e-7,7.323539382582891e-8
0.03163719481487082,0.04749652665010928,0.0384508426533019,0.03181669299015133,0.02665392907553099,0.022513386899422783,0.01913034394748081,0.016330783323283582,0.01399237901551198,0.012025176385783348,0.01036086605110964,0.008946322044748656,0.007739462849239626,0.006706471017961069,0.0058198532920736845,0.005057044885464976,0.004399379558438138,0.0038313134249083752,0.0033398295152592405,0.0029139740724157814,0.0025444907561257696,0.002223528864750815,0.001944408349191143,0.001701428972813314,0.0014897141820631801,0.0013050825458264664,0.0011439412884886868,0.0010031976705358568,0.0008801848896868754,0.0007725998709865404,0.000678450847302451,0.0005960130436599934,0.0005237911005858218,0.00046048712525418277,0.00040497346040297214,0.0003562694219299712,0.0003135213857104451,0.0002759857089601305,0.00024301405704538117,0.00021404077658609532,0.00018857201320615115,0.00016617631986555297,0.00014647654115134637,0.00012914279176997907,0.00011388637488002513,0.00010045450895431558,8.862575120208659e-5,7.820602186724124e-5,6.90251475242991e-5,6.093385317023758e-5,5.380114282979055e-5,4.751201684079719e-5,4.196548117161691e-5,3.707281028484722e-5,3.275603032129148e-5,2.8946593882003e-5,2.5584221562692283e-5,2.2615888722649915e-5,1.9994938829851058e-5,1.7680307200262468e-5,1.5635841069747602e-5,1.382970378334869e-5,1.2233852476257448e-5,1.0823579995660848e-5,9.57711300720275e-6,8.475259263550518e-6,7.501097912151106e-6,6.639707495787909e-6,5.877926980075529e-6,5.204145731478791e-6,4.608118881513365e-6,4.080804960676404e-6,3.6142230755834465e-6,3.201327242102162e-6,2.8358957847031104e-6,2.5124339701875908e-6,2.2260882709749974e-6,1.972570850955035e-6,1.7480930391463445e-6,1.5493067082924524e-6,1.3732526077717315e-6,1.217314815942028e-6,1.0791805790773745e-6,9.568048924796547e-7,8.483792577773262e-7,7.52304118858608e-7,6.671645386505222e-7,5.917087319325369e-7,5.248291154129416e-7,4.655455771331888e-7,4.1299070271688173e-7,3.6639672750658e-7,3.2508401115945923e-7,2.884508554374417e-7,2.5596450732523933e-7,2.2715320829265985e-7,2.0159916704973857e-7,1.7893234767023368e-7,1.5882497768973844e-7,1.409866920870479e-7,6.258011948513074e-8
0.02710436001791805,0.040692290180046053,0.032942969727336346,0.027259501671780817,0.022836512447442725,0.019289227738440107,0.01639087377073839,0.01399237901551198,0.011988952497340971,0.010303533899910261,0.008877605144051254,0.007665654924980447,0.006631633115741442,0.0057465689905450285,0.004986909448063959,0.004333323388811303,0.0037698194400581503,0.003283081037613364,0.002861956349035466,0.0024970610439666308,0.002180464935965444,0.0019054420303000544,0.0016662692219069838,0.0014580628104532804,0.001276644749923811,0.0011184325147340843,0.0009803478922755307,0.00085974106450179,0.0007543271285332942,0.0006621328019884073,0.0005814515153439621,0.0005108054465501749,0.0004489133287330638,0.0003946630790786793,0.0003470884693235572,0.0003053491961449396,0.0002687138207898669,0.00023654513704279758,0.00020828759994027946,0.00018345650755769187,0.0001616286774577553,0.0001424344001490184,0.0001255504856912731,0.00011069424773904038,9.761829278345205e-5,8.61060020988819e-5,7.596761046991217e-5,6.703679972538783e-5,5.91677369331516e-5,5.223249711208602e-5,4.611881881583474e-5,4.072814818078174e-5,3.597393318651267e-5,3.178013515618022e-5,2.8079929030202892e-5,2.4814567805235836e-5,2.1932389851384633e-5,1.9387950671690508e-5,1.714126311773797e-5,1.5157132196818776e-5,1.3404572422698335e-5,1.185629724391655e-5,1.048827144539696e-5,9.279318597075266e-6,8.210776646719136e-6,7.266195639797353e-6,6.431072320021655e-6,5.692617029495951e-6,5.039548910488491e-6,4.46191591588152e-6,3.95093657410202e-6,3.4988608381005226e-6,3.098847682043689e-6,2.7448574001244836e-6,2.4315568167433525e-6,2.154235838328731e-6,1.9087339715928296e-6,1.691375602524724e-6,1.4989129780081235e-6,1.3284759621020352e-6,1.1775277523426164e-6,1.0438258406049092e-6,9.253875904990487e-7,8.204598790485171e-7,7.27492317605223e-7,6.451136256009154e-7,5.721107819478248e-7,5.074106243004045e-7,4.500636058435052e-7,3.992294542680544e-7,3.5416450797616315e-7,3.1421053157504355e-7,2.787848363099474e-7,2.4737155179542766e-7,2.1951391374202134e-7,1.94807448386896e-7,1.7289394850546112e-7,1.5345614833088882e-7,1.3621301561911709e-7,1.2091558878359207e-7,5.3671647759874073e-8
0.023291434728341776,0.034968596058838175,0.028309704225844556,0.023425906821917086,0.019625190230596445,0.016576938662511698,0.014086297295522576,0.012025176385783348,0.010303533899910261,0.008855155151094557,0.007629757733636611,0.006588235234809947,0.005699610721324411,0.004938990225900053,0.004286134885303425,0.0037244336151956298,0.0032401450244283064,0.002821826089978878,0.002459893876995266,0.002146284220969838,0.0018741824752082081,0.0016378087389331067,0.001432244887373705,0.0012532940957357339,0.0010973659122507778,0.0009613816235312413,0.0008426958823566401,0.0007390314725292772,0.0006484247619663146,0.0005691799070643155,0.0004998302636904251,0.0004391057633951669,0.0003859052502517713,0.00033927296040393157,0.0002983784744749725,0.00026249959145269,0.00023100766807807992,0.00020335504489137242,0.00017906424307840164,0.00015771866774293283,0.00013895459556070074,0.00012245425979246546,0.00010793987466625353,9.516846533044634e-5,8.392738974538605e-5,7.403045584810416e-5,6.531455156208715e-5,5.763671721180103e-5,5.087160006413236e-5,4.4909239314292e-5,3.9653137135705415e-5,3.501857763306686e-5,3.093116082727597e-5,2.7325523337354165e-5,2.4144221296483123e-5,2.1336754354951118e-5,1.8858712476617812e-5,1.667102968547625e-5,1.4739331024099945e-5,1.303336080890941e-5,1.1526481828280898e-5,1.0195236488913528e-5,9.018962086174278e-6,7.979453386414457e-6,7.0606665887804065e-6,6.248459495179656e-6,5.530363379443976e-6,4.895382618493475e-6,4.333818649402581e-6,3.837115250303154e-6,3.397722520123451e-6,3.008977261976457e-6,2.664997762144282e-6,2.3605912064746226e-6,2.091172195033898e-6,1.8526910058131723e-6,1.641570425469426e-6,1.4546501107708537e-6,1.289137571259066e-6,1.14256497550342e-6,1.0127510807197538e-6,8.97767670770927e-7,7.959099627179746e-7,7.056705072180692e-7,6.257161658315872e-7,5.548677987072224e-7,4.920823401335989e-7,4.364369784682388e-7,3.8711519086701055e-7,3.4339441331801505e-7,3.046351525981188e-7,2.7027136999399103e-7,2.3980198690768476e-7,2.1278338026812082e-7,1.8882275143296835e-7,1.675722660289883e-7,1.4872387435828471e-7,1.3200473270015318e-7,1.1717315521734912e-7,1.0401503450262118e-7,4.617033805235707e-8
0.020065892461141654,0.030126544541230205,0.024390062377218802,0.020182726892509162,0.01690841290096079,0.014282316021260011,0.012136580960815213,0.01036086605110964,0.008877605144051254,0.007629757733636611,0.006574007903454082,0.005676667119059051,0.004911049873443707,0.00425571076234324,0.003693214483468668,0.003209250869017813,0.002791981848069343,0.0024315492893105042,0.0021196974521184783,0.0018494789632056072,0.0016150228720987411,0.0014113496376227455,0.001234222123720291,0.0010800245864057458,0.0009456636694549769,0.0008284868805353285,0.0007262150763557556,0.0006368862645817902,0.000558808613034506,0.0004905209976255459,0.0004307597584305538,0.0003784305945199098,0.0003325847321582467,0.00029239866179116454,0.0002571568667888557,0.00022623706896134424,0.00019909759805172757,0.00017526655885128414,0.00015433252384119576,0.00013593652361418946,0.0001197651437938891,0.00010554456733842576,9.303542612482184e-5,8.202834655022433e-5,7.234009125793605e-5,6.381021371232743e-5,5.629815461151693e-5,4.968071945362935e-5,4.384988532704637e-5,3.8710892399672456e-5,3.41805818726825e-5,3.0185947522333987e-5,2.666287251023615e-5,2.3555027050535396e-5,2.081290585819346e-5,1.8392987158975978e-5,1.6256997500347866e-5,1.4371268713148685e-5,1.2706175187593622e-5,1.123564119783892e-5,9.936709354265371e-6,8.789162433808144e-6,7.775191846928601e-6,6.879106871945673e-6,6.087079545213093e-6,5.386920751395896e-6,4.7678836287886055e-6,4.2204908972365805e-6,3.7363831479577167e-6,3.308185508524628e-6,2.9293904211444345e-6,2.5942545565437475e-6,2.2977081331657345e-6,2.03527512667771e-6,1.8030030435106165e-6,1.5974010958197098e-6,1.4153857593121136e-6,1.254232820917068e-6,1.1115351325714409e-6,9.851653837812022e-7,8.732432895441977e-7,7.741066636738139e-7,6.862859123203625e-7,6.084815386071387e-7,5.395442990757421e-7,4.784576960710131e-7,4.243225281287904e-7,3.7634325405639005e-7,3.338159556190799e-7,2.9611770966801866e-7,2.6269720304900526e-7,2.330664436447732e-7,2.067934383786055e-7,1.834957243478097e-7,1.6283465284008248e-7,1.4451033784712122e-7,1.2825719118601472e-7,1.1383997556232858e-7,1.0105031499180162e-7,8.970360917406086e-8,3.9818152353029054e-8
0.017324669438359974,0.026011452677269342,0.02105884720685758,0.017426385919051934,0.014599427225272854,0.01233209615760436,0.010479481003548174,0.008946322044748656,0.007665654924980447,0.006588235234809947,0.005676667119059051,0.004901866135656005,0.004240793638591894,0.0036749348379186003,0.0031892369351357724,0.0027713451267811634,0.0024110388335009184,0.0020998068172685264,0.001830521240049579,0.0015971838301122726,0.0013947256410276818,0.0012188473262593168,0.001065890500689528,0.0009327332669914305,0.0008167047422610665,0.0007155146756460291,0.000627195160104203,0.0005500521140745212,0.00048262471194786445,0.00042365132288074703,0.00037204080924467964,0.0003268482615107239,0.00028725442247416397,0.00025254819254796196,0.00022211171796816115,0.00019540765184929403,0.00017196824898392743,0.00015138601263577078,0.00013330565841935746,0.00011741719864560244,0.00010344998199248974,9.116754940521519e-5,8.036318872146702e-5,7.085608850868758e-5,6.24880065976201e-5,5.512038141493878e-5,4.863182480626478e-5,4.291594395648961e-5,3.7879447572445896e-5,3.344049788572823e-5,2.9527275464272056e-5,2.6076728447240556e-5,2.3033481751946543e-5,2.0348885175588266e-5,1.798018219455785e-5,1.588978373024644e-5,1.4044633272957893e-5,1.24156515778842e-5,1.0977250712995571e-5,9.706908594841676e-6,8.584796309463286e-6,7.593451526821541e-6,6.717492187709531e-6,5.943365395122017e-6,5.259127096341831e-6,4.654248708216009e-6,4.119447330855469e-6,3.646536620342873e-6,3.2282957638221828e-6,2.8583543232475395e-6,2.531090994591873e-6,2.241544574691752e-6,1.985335641531721e-6,1.758597639675147e-6,1.557916225511041e-6,1.3802758683157369e-6,1.2230128275237197e-6,1.0837737350005622e-6,9.604791054920595e-7,8.512911816591736e-7,7.545855925813193e-7,6.689263680422894e-7,5.930439068354996e-7,5.25815545788736e-7,4.6624841919560475e-7,4.134643358517368e-7,3.666864336520024e-7,3.252274007455865e-7,2.8847907748298675e-7,2.5590327577626046e-7,2.2702367192854346e-7,2.014186462732473e-7,1.7871495805553056e-7,1.585821572376292e-7,1.4072764664210762e-7,1.2489231809119807e-7,1.1084669526577601e-7,9.838752397354826e-8,8.733475749723394e-8,7.75288908918758e-8,3.441430176840895e-8
0.014986132688959097,0.022500800399160248,0.01821689279992239,0.015074842885937023,0.01262951671157736,0.010668247135959846,0.009065693966329669,0.007739462849239626,0.006631633115741442,0.005699610721324411,0.004911049873443707,0.004240793638591894,0.003668914335425974,0.0031793971593696013,0.002759221741390455,0.0023977013423144775,0.002085995228218042,0.0018167411742735368,0.001583773545918224,0.001381903748003649,0.0012067470278180892,0.0010545843212427693,0.0009222509869517143,0.0008070464415609394,0.0007066602287457702,0.0006191111411051713,0.0005426968027066065,0.0004759517020341362,0.0004176121002108478,0.0003665865686028587,0.0003219311622536464,0.00028282843064297673,0.00024856961958223244,0.00021853953812969295,0.00019220365965003918,0.0001690971023377637,0.00014881519589594275,0.0001310053906700419,0.00011536030605282382,0.0001016117480915203,8.952555345651024e-5,7.889713945814e-5,6.954765847354142e-5,6.132067070671707e-5,5.4079262177139e-5,4.770354574651207e-5,4.208849215198672e-5,3.7142045725709126e-5,3.278348601815724e-5,2.8942002072229007e-5,2.5555450792577876e-5,2.2569274856037785e-5,1.993555901198021e-5,1.761220653997633e-5,1.556222012331389e-5,1.375307353015129e-5,1.2156162330240162e-5,1.0746323451496905e-5,9.501414735240836e-6,8.401946822018036e-6,7.430760704407833e-6,6.5727451579454565e-6,5.8145890143668715e-6,5.144563892777582e-6,4.552333570338553e-6,4.028786663878606e-6,3.5658897201154913e-6,3.156558180131085e-6,2.7945430062414192e-6,2.474331038744726e-6,2.1910573927115887e-6,1.9404284172588204e-6,1.7186539245601034e-6,1.5223875566767024e-6,1.348674299275248e-6,1.1949042735694144e-6,1.0587720454418582e-6,9.382407844854019e-7,8.315106873560299e-7,7.369911518441527e-7,6.53276250771809e-7,5.791231097036336e-7,5.134328408435166e-7,4.5523372741875313e-7,4.036663900466981e-7,3.579706990335479e-7,3.1747422489831615e-7,2.815820445414392e-7,2.497677423140957e-7,2.2156546461451457e-7,1.9656290345356725e-7,1.7439509938749522e-7,1.5473896727436708e-7,1.3730845977497397e-7,1.2185029367071759e-7,1.0814017293529876e-7,9.597945034123824e-8,8.519217627532535e-8,7.562248947810384e-8,6.713230978601434e-8,2.9799648829594348e-8
0.01298468454220747,0.01949613319621757,0.015784510801251372,0.013062170211883606,0.010943460829513724,0.00924413416863945,0.007855599017137338,0.006706471017961069,0.0057465689905450285,0.004938990225900053,0.00425571076234324,0.0036749348379186003,0.0031793971593696013,0.002755222443696942,0.002391129715021735,0.002077859806939114,0.0018077529020969624,0.0015744301462127935,0.0013725494027828668,0.0011976150408487506,0.0010458278818659232,0.0009139655065326692,0.0007992858563646739,0.0006994489430608933,0.0006124527956668947,0.0005365807161963939,0.0004703575980591172,0.00041251356567863044,0.0003619535706756265,0.00031773186522685015,0.00027903049182635004,0.00024514109765393696,0.0002154495137162973,0.00018942264295084693,0.0001665972839943997,0.00014657058333117194,0.00012899186170436472,0.00011355560365405382,9.999543414595472e-5,8.807893494527886e-5,7.760317697934555e-5,6.839086444965074e-5,6.028700263375239e-5,5.315601479936199e-5,4.687924489164591e-5,4.135279211081621e-5,3.6485631431985095e-5,3.219798080053354e-5,2.8419881400347687e-5,2.5089962183056595e-5,2.2154363916366095e-5,1.956580147639646e-5,1.728274605733394e-5,1.5268711500396445e-5,1.349163110252622e-5,1.1923313113524096e-5,1.053896472125778e-5,9.31677569038759e-6,8.237553993695532e-6,7.284406791547584e-6,6.442460985357312e-6,5.698618328856445e-6,5.041340733495057e-6,4.460461968716124e-6,3.947022448278203e-6,3.4931242182208486e-6,3.091803631436043e-6,2.736919512651651e-6,2.4230548970814963e-6,2.1454306680532696e-6,1.8998296292161524e-6,1.682529730876699e-6,1.49024533015918e-6,1.3200755040542969e-6,1.169458556591758e-6,1.0361319673261947e-6,9.180971215873942e-7,8.135882442154948e-7,7.21045029262527e-7,6.39088520548144e-7,5.664998522951303e-7,5.022015066298971e-7,4.452407866637417e-7,3.947752402084116e-7,3.5005980141234963e-7,3.1043544573074227e-7,2.753191782060861e-7,2.441951968123428e-7,2.166070915404775e-7,1.9215095669112172e-7,1.704693084140542e-7,1.5124571249610777e-7,1.3420003871708354e-7,1.1908426802923275e-7,1.0567878761467436e-7,9.378911655786052e-8,8.324301166909754e-8,7.38879089695872e-8,6.558866158442235e-8,5.822553943888221e-8,2.5846230115442034e-8
0.011266998157059033,0.01691741257279683,0.013696918007359504,0.011334771133640786,0.009496366886928814,0.008021844215832824,0.006816985050486696,0.0058198532920736845,0.004986909448063959,0.004286134885303425,0.003693214483468668,0.0031892369351357724,0.002759221741390455,0.002391129715021735,0.0020751726040261903,0.0018033163747908643,0.0015689146718514194,0.0013664325755178078,0.001191234685983665,0.0010394200879791302,0.0009076921585562149,0.0007932547160222347,0.0006937283800670553,0.0006070826427582218,0.0005315802927057314,0.00046573165083240234,0.00040825666936870897,0.00035805338300302306,0.0003141715282043347,0.0002757903942100003,0.00024220015884722154,0.00021278610896583242,0.00018701525975169065,0.00016442497744393464,0.0001446132815686057,0.00012723056007501142,0.00011197247689260581,9.857388871539838e-5,8.680361827626839e-5,7.645995626555466e-5,6.736678451532913e-5,5.937023000438142e-5,5.233577327711262e-5,4.614574656708304e-5,4.0697166667116326e-5,3.589985579242547e-5,3.167481056797958e-5,2.7952785068388478e-5,2.4673058753124774e-5,2.178236429670839e-5,1.9233953844873214e-5,1.6986785235815203e-5,1.5004812283900943e-5,1.3256365417330628e-5,1.1713610834096223e-5,1.0352077944345028e-5,9.1502462477071e-6,8.08918397927807e-6,7.152231876339868e-6,6.3247262998942936e-6,5.593756700303842e-6,4.947953074024966e-6,4.377299624637454e-6,3.872971331150772e-6,3.4271905521397067e-6,3.033101162561817e-6,2.684658040634769e-6,2.3765299988355216e-6,2.1040144955867095e-6,1.8629626742481753e-6,1.6497134585234723e-6,1.4610355930190463e-6,1.294076656674201e-6,1.1463181977247766e-6,1.0155362448874936e-6,8.997665414030682e-7,7.972739295118109e-7,7.065253834658666e-7,6.261662505920203e-7,5.54999314079647e-7,4.919663383265416e-7,4.3613179895127675e-7,3.8666853597195584e-7,3.4284510018845047e-7,3.0401459078013826e-7,2.6960480654286235e-7,2.391095545077409e-7,2.1208097858492567e-7,1.8812278730070995e-7,1.668842742673439e-7,1.4805503767438748e-7,1.3136031634077339e-7,1.1655686969039877e-7,1.0342933763816875e-7,9.178702401062715e-8,8.146105379384589e-8,7.230186040263447e-8,6.41769643509999e-8,5.69690092486611e-8,5.057402508375239e-8,2.244994614563663e-8
0.009789309058089418,0.014698951307639374,0.011900946601390794,0.009848658180045045,0.00825139061937677,0.006970261079982887,0.005923415373742649,0.005057044885464976,0.004333323388811303,0.0037244336151956298,0.003209250869017813,0.0027713451267811634,0.0023977013423144775,0.002077859806939114,0.0018033163747908643,0.0015670909325916325,0.0013634089619370196,0.0011874615489063517,0.0010352212780218029,0.0009032988541942781,0.0007888299950305384,0.000689385207323031,0.0006028971222725478,0.0005276014797498084,0.0004619888445702644,0.00040476484677920595,0.00035481725327571757,0.00031118855802167444,0.00027305306223945197,0.00023969763099758803,0.00021050547736553744,0.00018494245268581852,0.0001625454209769478,0.00014291237388922495,0.00012569400482896316,0.00011058651062384288,9.732542917913873e-5,8.568035396992594e-5,7.545039267287871e-5,6.646025886655445e-5,5.855690351011826e-5,5.1606607621908565e-5,4.5492469775227674e-5,4.0112232191287164e-5,3.537639768085303e-5,3.120659681413857e-5,2.7534170679873946e-5,2.4298939630934763e-5,2.144813268363841e-5,1.8935455849275354e-5,1.6720280744523294e-5,1.4766937440865372e-5,1.3044097735795672e-5,1.15242369349047e-5,1.0183163861112078e-5,8.999610200724733e-6,7.954871495390107e-6,7.032493118707566e-6,6.2179954610957545e-6,5.49863331283751e-6,4.863185091408384e-6,4.301768130643454e-6,3.805676741270832e-6,3.36724017789924e-6,2.9796980173245165e-6,2.6370907730315698e-6,2.33416384927724e-6,2.0662831785515885e-6,1.8293610969310418e-6,1.6197911943571677e-6,1.434391035447268e-6,1.2703517851505868e-6,1.1251938943298591e-6,9.967281054436283e-7,8.830211306356271e-7,7.823654344398431e-7,6.932526236410849e-7,6.143500081208016e-7,5.444799498819752e-7,4.826016645128873e-7,4.2779518032983404e-7,3.792471963084261e-7,3.3623861153771074e-7,2.9813352633805383e-7,2.6436953949503835e-7,2.344491872762984e-7,2.079323884256183e-7,1.844297757540084e-7,1.6359680922235735e-7,1.451285780733719e-7,1.2875521056394213e-7,1.1423781962669276e-7,1.0136492132711281e-7,8.994927047793493e-8,7.982506441002783e-8,7.084547169483098e-8,6.288044774241651e-8,5.58148037064894e-8,4.9546499077789305e-8,4.3985131854672316e-8,1.9525301627981298e-8
0.00851541652462337,0.01278641402274866,0.010352616584151153,0.008567444912861294,0.007178054173145126,0.006063644982434252,0.005153020977555087,0.004399379558438138,0.0037698194400581503,0.0032401450244283064,0.002791981848069343,0.0024110388335009184,0.002085995228218042,0.0018077529020969624,0.0015689146718514194,0.0013634089619370196,0.0011862128314794607,0.0010331432333414645,0.0009006968804126797,0.0007859255363792395,0.0006863376351222816,0.000599819804390363,0.0005245736617773382,0.00045906448243519457,0.0004019792013545964,0.0003521918297389997,0.0003087348132220771,0.00027077519012189393,0.00023759465507867256,0.00020857282042095401,0.00018317311092821455,0.00016093083843883148,0.00014144308926464406,0.00012436012557132028,0.00010937805597831165,9.623257390972413e-5,8.469359708574678e-5,7.456066972110734e-5,6.565901201018931e-5,5.783612028784665e-5,5.095883672067802e-5,4.4910820179425246e-5,3.959036055115007e-5,3.49084875892158e-5,3.078733276770792e-5,2.7158708806915397e-5,2.3962876739150557e-5,2.114747476496075e-5,1.8666586863678178e-5,1.647993226357267e-5,1.4552159545587386e-5,1.28522314279135e-5,1.1352888212020327e-5,1.0030179528948928e-5,8.863055440072766e-6,7.833009158595355e-6,6.9237647013570475e-6,6.1210036762222e-6,5.412126180007369e-6,4.786041448524576e-6,4.232984471116752e-6,3.744355279159794e-6,3.31257804597564e-6,2.930977505794476e-6,2.593670521078379e-6,2.2954709059024654e-6,2.031805855372363e-6,1.7986425401977167e-6,1.5924236088520036e-6,1.4100104985321093e-6,1.2486335940806154e-6,1.1058483947048412e-6,9.794969533882663e-7,8.676739453210628e-7,7.686968018283953e-7,6.810794157891091e-7,6.035089857256024e-7,5.348256190679568e-7,4.740043615227219e-7,4.2013936042507677e-7,3.7242990560688765e-7,3.3016812252100405e-7,2.927281198767424e-7,2.5955641788669336e-7,2.301635043771716e-7,2.0411638447275494e-7,1.8103200568549952e-7,1.605714545308205e-7,1.4243483321236783e-7,1.2635673593635981e-7,1.121022539812455e-7,9.946344715609645e-8,8.825622670998036e-8,7.83176012762877e-8,6.950324321164086e-8,6.168533773210735e-8,5.475068171249089e-8,4.859900293646759e-8,4.314147402259e-8,3.8299398303177926e-8,1.700152380501998e-8
0.007415177381543181,0.011134556721007882,0.00901530628030256,0.007460832435205178,0.00625097847830175,0.0052805620806121445,0.004487591098816454,0.0038313134249083752,0.003283081037613364,0.002821826089978878,0.0024315492893105042,0.0020998068172685264,0.0018167411742735368,0.0015744301462127935,0.0013664325755178078,0.0011874615489063517,0.0010331432333414645,0.000899835122298541,0.0007844866047342809,0.0006845303784309559,0.0005977967878919108,0.0005224454930621639,0.00045691043579354496,0.0003998551431611697,0.00035013615850818403,0.0003067729280532318,0.00026892286116535994,0.0002358605701292208,0.00020696051042044718,0.00018168240533044354,0.00015955896357161417,0.00014018549495101694,0.0001232111045268939,0.00010833120504262668,9.528113453293558e-5,8.383070367914015e-5,7.377952784153974e-5,6.495302323078749e-5,5.719896671790262e-5,5.038453516010579e-5,4.4393753585901356e-5,3.91252927244394e-5,3.44905656007729e-5,3.041208061527981e-5,2.6822014941566235e-5,2.3660977475680096e-5,2.087693509961186e-5,1.842427983656241e-5,1.6263017709313918e-5,1.435806284833484e-5,1.2678622720045847e-5,1.1197662325146369e-5,9.891436900403433e-6,8.739084101204501e-6,7.72226787466927e-6,6.8248672885581104e-6,6.032704489706886e-6,5.333306745687605e-6,4.715698193637994e-6,4.170217500692528e-6,3.6883581375089704e-6,3.2626283992660506e-6,2.8864286811936777e-6,2.5539438380729315e-6,2.26004873726878e-6,2.0002253572875875e-6,1.7704899948427674e-6,1.5673293255444895e-6,1.3876442229671293e-6,1.2287003791285766e-6,1.0880848895523073e-6,9.636680711735813e-7,8.535698728490105e-7,7.561303178553508e-7,6.698834875689377e-7,5.935346160570728e-7,5.259399186034513e-7,4.660888236291467e-7,4.1308831790612724e-7,3.6614915062376646e-7,3.2457367292169766e-7,2.87745116682908e-7,2.5511814034535783e-7,2.2621049025883992e-7,2.0059564453698428e-7,1.7789632243115504e-7,1.5777875629347025e-7,1.3994763564411882e-7,1.2414164367636531e-7,1.1012951612963705e-7,9.770656079281861e-8,8.66915833102144e-8,7.69241714334892e-8,6.826229554363143e-8,6.058018829791909e-8,5.376647064971529e-8,4.7722495376569095e-8,4.236088266848421e-8,3.760422532234161e-8,3.338394374705972e-8,1.4819636657982366e-8
