0.06134155474857805,0.09890465804454407,0.08431837098418993,0.07310845862285853,0.06400595959623079,0.056404616700201915,0.04994575851709937,0.04439188473155986,0.03957428864631396,0.03536725421875664,0.03167380661649455,0.02841717176327674,0.0255353309669476,0.022977376521569504,0.02070097558270856,0.018670547792259407,0.01685592025959165,0.01523131213079637,0.013774553006750123,0.012466471234987314,0.011290408163397714,0.010231827499137425,0.009277997629192763,0.00841773071791388,0.0076411665527575945,0.006939592060491245,0.006305289552802434,0.005731408326028822,0.005211855406726154,0.0047412021121283066,0.004314603766507108,0.003927730431177057,0.003576706907770441,0.003258060591806264,0.0029686760041610846,0.0027057550286747403,0.00246678204629594,0.0022494932862763897,0.0020518498226389306,0.0018720137320191801,0.0017083270011484242,0.001559292832830305,0.0014235590494878943,0.001299903335793079,0.0011872200969894574,0.0010845087399382683,0.0009908632094878626,0.000905462634269015,0.0008275629548371299,0.0007564894230011887,0.0006916298749094808,0.000632428692433953,0.0005783813774928991,0.0005290296730179195,0.0004839571720318802,0.00044278536296700824,0.00040517006534856147,0.0003707982151418014,0.0003393849635503375,0.00031067105715615155,0.00028442047067588506,0.0002604182668036279,0.00023846866034922531,0.00021839326625945274,0.000200029513295597,0.00018322920702948213,0.0001678572275529409,0.00015379034873954462,0.00014091616728677302,0.00012913213096691365,0.00011834465655133179,0.0001084683288474636,9.942517314190987e-5,9.114399409525372e-5,8.355977483890547e-5,7.661313060989411e-5,7.024981182904505e-5,6.442025202711287e-5,5.9079156446922984e-5,5.418512756602046e-5,4.970032413910159e-5,4.559015067742082e-5,4.182297458814614e-5,3.8369868441323856e-5,3.5204375081047436e-5,3.230229351344955e-5,2.96414836865877e-5,2.720168846224633e-5,2.4964371229950033e-5,2.291256776434491e-5,2.1030751046834323e-5,1.930470789577454e-5,1.7721426355172523e-5,1.6268992883543395e-5,1.4936498475769892e-5,1.3713952926831406e-5,1.2592206518777466e-5,1.1562878478361705e-5,1.0618291608279948e-5,9.751412550938543e-6,4.477898596317667e-6
0.09890465804454407,0.15947326510738957,0.1359565017739377,0.11788305204799432,0.10320714619591298,0.09095140065481999,0.08053757951376905,0.07158279366053155,0.06381505991970515,0.05703170261293322,0.05107638124416014,0.04582532198391864,0.04117853891170398,0.03705395870775041,0.03338333205037802,0.03010929568488596,0.02718320406141972,0.02456349231675864,0.0222144162538242,0.020105066181643982,0.018208583823209,0.016501532545916964,0.0149633852160308,0.013576103585191568,0.012323789816974628,0.011192395518936277,0.010169477090252288,0.00924398871928625,0.00840610624679941,0.007647076524892882,0.006959087985053791,0.006335158961727316,0.005769040965712499,0.005255134613370627,0.004788416321607883,0.004364374202020044,0.003978951849036044,0.003628498926632265,0.003309727631846074,0.0030196742549779415,0.002755665172716429,0.002515286708088371,0.002296358372104866,0.0020969090703838594,0.0019151559146135047,0.0017494853277594535,0.0015984361731419816,0.0014606846721723493,0.0013350309058759793,0.0012203867209932585,0.0011157648835833402,0.001020269342356439,0.0009330864802394659,0.0008534772472954012,0.0007807700806287936,0.0007143545276502919,0.0006536754987399012,0.000598228083687577,0.0005475528735286676,0.0005012317360052303,0.00045888399834043657,0.0004201629961650341,0.0003847529518505163,0.00035236614933775896,0.0003227403760746308,0.00029563660572062313,0.0002708368980705606,0.00024814249497716583,0.0002273720932921587,0.0002083602777806495,0.00019095609863422356,0.00017502177977972953,0.0001604315455576888,0.00014707055455706174,0.00013483393052925348,0.0001236258812484601,0.00011335889710365702,0.00010395302201234849,9.533518992893867e-5,8.743862089207019e-5,8.020227112730846e-5,7.357033223411155e-5,6.74917749791228e-5,6.191993361228331e-5,5.6812127023694566e-5,5.212931340746875e-5,4.783577539298764e-5,4.389883290221281e-5,4.0288581234010227e-5,3.697765211970242e-5,3.394099568711489e-5,3.1155681469414043e-5,2.8600716765356097e-5,2.6256880805467083e-5,2.4106573325708065e-5,2.2133676272777984e-5,2.0323427482120437e-5,1.8662305276206622e-5,1.7137923020198165e-5,1.573893276237819e-5,7.227468582841532e-6
0.08431837098418993,0.1359565017739377,0.11590892370110284,0.10050150827889537,0.08799034804162886,0.0775422769645373,0.06866438042194556,0.06103026600494421,0.05440808231700833,0.04862505861867972,0.04354792222802051,0.039071161652314834,0.035109543210014915,0.03159310267895177,0.02846366000838474,0.02567231491137989,0.023177598469092175,0.020944077673721473,0.01894128133894929,0.01714285945941063,0.015525915672765067,0.014070470419510539,0.01275902436970533,0.011576199874833937,0.010508443914358484,0.009543780061940232,0.008671599932673274,0.00788248672442654,0.007168065070140395,0.006520872623592244,0.005934249724573265,0.005402244199535361,0.004919528906040846,0.004481330065528866,0.004083364773269232,0.003721786350076639,0.003393136423221421,0.0030943028027595743,0.0028224823675332897,0.0025751482958508917,0.002350021075027728,0.002145042807228041,0.0019583543980642507,0.0017882752727272563,0.0016332853126532418,0.0014920087475350334,0.0013631997726259136,0.0012457296908314104,0.0011385754049460135,0.0010408091072682119,0.0009515890326947489,0.0008701511578479496,0.0007958017426661912,0.0007279106233470719,0.0006659051761983611,0.0006092648811071005,0.0005575164215781934,0.0005102292654018143,0.00046701167617994345,0.00042750711158002705,0.0003913909688347747,0.0003583676423988555,0.0003281678624373662,0.0003005462860894252,0.00027527931645485084,0.0002521631268473422,0.00023101187023940716,0.00021165605580844744,0.00019394107640306442,0.00017772587239809614,0.00016288171883120997,0.0001492911240535428,0.0001368468293007994,0.0001254508996249965,0.00011501389759575398,0.000105454131984835,9.669697443051659e-5,8.867423776443115e-5,8.132361026557864e-5,7.458814067865926e-5,6.841576932155118e-5,6.275890104372097e-5,5.7574016217742984e-5,5.282131628238764e-5,4.8464400697980996e-5,4.4469972471678594e-5,4.0807569661108017e-5,3.7449320519082467e-5,3.436972014867227e-5,3.154542674532073e-5,2.8955075667270297e-5,2.657910974525053e-5,2.4399624387608763e-5,2.240022616313911e-5,2.0565903669243443e-5,1.8882909597566985e-5,1.7338653008952076e-5,1.5921600920336724e-5,1.462118838258062e-5,1.3427736305163154e-5,6.166188175509593e-6
0.07310845862285853,0.11788305204799432,0.10050150827889537,0.08714293244055615,0.07629538661437074,0.0672365303700011,0.0595390152032218,0.05291986428084949,0.04717806599936536,0.04216383050512773,0.03776161195459571,0.033879932883791763,0.03044489627533975,0.02739584342585233,0.02468233227928457,0.022261966163154068,0.02009879127288311,0.018162086843772962,0.01642543394107515,0.014865986644726825,0.013463893309721253,0.012201831138070995,0.011064627679551853,0.010038949978164985,0.00911304703282989,0.00827653475679846,0.007520215166031796,0.006835923392298243,0.006216397507164892,0.005655167188334989,0.005146458060370021,0.004685109157489306,0.004266501434943379,0.0038864956336132905,0.00354137810103701,0.0032278134110869383,0.0029428028177398424,0.0026836477333813807,0.0024479175504246997,0.0022334212297132963,0.002038182165160593,0.0018604159062581838,0.001698510379921872,0.001551008303702122,0.0014165915242018781,0.0012940670507856807,0.0011823545851294796,0.0010804753727770323,0.0009875422252901972,0.0009027505805462369,0.000825370485093322,0.0007547393967390764,0.000690255717577996,0.0006313729784649703,0.0005775946051893074,0.0005284692045410804,0.00048358631560604416,0.0004425725777883246,0.0004050882724097576,0.00037082419962298097,0.00033949885640734926,0.0003108558852247074,0.0002846617661752659,0.0002607037283276648,0.0002387878585023177,0.00021873738803738357,0.00020039114013171468,0.0001836021220794899,0.0001682362483668553,0.00015417118203107016,0.00014129528291746078,0.00012950665263109385,0.0001187122669978227,0.00010882718774572015,9.977384595779171e-5,9.148139054465524e-5,8.38850956646495e-5,7.692582161371222e-5,7.054952421197335e-5,6.470680821042837e-5,5.935252066381776e-5,5.444538059478396e-5,4.994764163881722e-5,4.58247846511215e-5,4.204523755325842e-5,3.858011995490731e-5,3.54030103035417e-5,3.248973353528603e-5,2.981816737933536e-5,2.736806564815667e-5,2.5120896988397624e-5,2.3059697714561064e-5,2.116893747343136e-5,1.9434396596561992e-5,1.784305410684479e-5,1.6382985435811463e-5,1.5043268994757741e-5,1.381390082151509e-5,1.2685716590894822e-5,1.165032034356782e-5,5.350009673263175e-6
0.06400595959623079,0.10320714619591298,0.08799034804162886,0.07629538661437074,0.0667986705284227,0.058867843621440485,0.052128793474744084,0.04633379434125651,0.04130687488239526,0.03691690452749907,0.03306273073273458,0.02966427098610014,0.026656833118070766,0.023987314099800372,0.021611554809437716,0.019492439261174277,0.01759849172935829,0.015902817639978195,0.014382288370317797,0.013016903229022103,0.011789282815318325,0.01068426157335961,0.009688556445623414,0.008790494744590538,0.007979788696643786,0.007247347190090958,0.006585117487819536,0.005985951298202702,0.00544349081506891,0.004952071252606743,0.004506637101923533,0.0041026698749297985,0.0037361255203740285,0.003403380027896072,0.003101181997320547,0.002826611159657093,0.002577042005417793,0.002350111811553146,0.002143692470654532,0.0019558656177204523,0.001784900625052245,0.0016292350990322543,0.00148745756491956,0.0013582920700573806,0.0012405844724919998,0.001133290213729505,0.0010354634010260912,0.0009462470470331663,0.0008648643342457907,0.0007906107883067191,0.0007228472585377455,0.000660993616557335,0.000604523094374974,0.0005529571928090306,0.0005058610991697365,0.00046283956009762935,0.0004235331617020669,0.0003876149745398504,0.0003547875256570089,0.00032478006419628044,0.00029734609060241574,0.000272261122791103,0.00024932067550408315,0.00022833843155376388,0.00020914458594130988,0.0001915843458020418,0.00017551657093985715,0.0001608125412184266,0.0001473548385263427,0.00013503633228546244,0.00012375925855269854,0.0001134343837824541,0.00010398024520788312,9.53224605839409e-5,8.739310077039817e-5,8.01301192439798e-5,7.347683322297374e-5,6.738145160850259e-5,6.179664538840854e-5,5.6679156584297846e-5,5.1989442192466786e-5,4.769134990111057e-5,4.3751822685379423e-5,4.014062963708686e-5,3.683012064569218e-5,3.379500277261491e-5,3.1012136351307165e-5,2.8460349038542544e-5,2.612026619920637e-5,2.397415616431218e-5,2.2005789026926224e-5,2.020030776949197e-5,1.8544110626303803e-5,1.7024743680601128e-5,1.563080279093137e-5,1.4351844020778844e-5,1.3178301821148669e-5,1.2101414284723482e-5,1.1113154848174986e-5,1.020616987765062e-5,4.686860811783578e-6
0.056404616700201915,0.09095140065481999,0.0775422769645373,0.0672365303700011,0.058867843621440485,0.05187899968209053,0.045940339612650205,0.04083357323583259,0.03640363850671591,0.03253498588144399,0.02913848165025723,0.02614355844736227,0.02349321046303371,0.021140643930752212,0.019046946222956995,0.017179410947155416,0.01551030177325785,0.01401591917884304,0.01267588211910542,0.011472565822817055,0.010390655355534212,0.009416786590411202,0.008539254235058136,0.007747772039618489,0.007033274130875289,0.006387749129401293,0.005804100670553106,0.005276029389153947,0.004797932500263197,0.00436481791475167,0.00397223044596412,0.0036161881386593125,0.00329312712075934,0.002999853670144839,0.0027335024190281512,0.0024914998028140387,0.002271532009403332,0.0020715168044580443,0.0018895787071438117,0.0017240270716228842,0.0015733366958938164,0.0014361306352536109,0.001311164943813791,0.0011973151065021725,0.0010935639562368524,0.0009989908989160232,0.0009127622923664272,0.0008341228451542136,0.0007623879184569717,0.0006969366288258998,0.0006372056622851435,0.0005826837212186495,0.0005329065347748647,0.00048745237185215257,0.00044593800286089544,0.0004080150625810283,0.00037336677194518483,0.00034170498133149433,0.00031276750207712145,0.00028631569669425923,0.0002621323013806626,0.00024001945735437676,0.00021979693005958357,0.00020130049747658658,0.00018438049077858492,0.0001689004723136986,0.00015473603748390177,0.00014177372841950265,0.00012991004862515773,0.0001190505688766592,0.00010910911560036438,0.00010000703386327551,9.167251788688778e-5,8.40400026895431e-5,7.704961110986197e-5,7.06466510022616e-5,6.4781157919175e-5,5.9407479053573756e-5,5.448389460467932e-5,4.997227311274478e-5,4.583775763498433e-5,4.204847992703067e-5,3.857530007555924e-5,3.53915692526439e-5,3.24729134913793e-5,2.979703658096929e-5,2.734354034724328e-5,2.5093760754684087e-5,2.303061840423998e-5,2.1138482139963072e-5,1.9403044587618405e-5,1.781120856193569e-5,1.6350983376345134e-5,1.5011390173392777e-5,1.3782375477908637e-5,1.265473224493956e-5,1.1620027741154155e-5,1.067053765918481e-5,9.799185915449355e-6,8.999489633500994e-6,4.132754429999152e-6
0.04994575851709937,0.08053757951376905,0.06866438042194556,0.0595390152032218,0.052128793474744084,0.045940339612650205,0.040681764261936926,0.03615978698562894,0.0322371112037424,0.028811425725125073,0.02580380861013687,0.02315177702931953,0.020804855898753527,0.01872161213987622,0.016867590841691815,0.015213832262165106,0.013735777292915252,0.012412441134579899,0.011225777271389653,0.010160179683158216,0.009202087560065575,0.008339667409951207,0.007562554538386446,0.006861640731033347,0.00622889834979147,0.005657233455688665,0.005140362310244076,0.004672706881199348,0.004249305928172242,0.0038657389577198276,0.0035180608841013233,0.003202745652522959,0.002916637408668994,0.0026569080566035616,0.0024210202510354037,0.002206695033188738,0.002011883451490136,0.0018347416141450273,0.0016736087083308523,0.0015269875922375234,0.0013935276249093277,0.0012720094481414833,0.0011613314755520472,0.0010604978784806846,0.00096860788692529,0.000884846248480075,0.0008084747090465333,0.0007388243965842037,0.0006752890044821377,0.000617318684085438,0.0005644145670837628,0.0005161238482109323,0.00047203536692168487,0.0004317756340893788,0.00039500525608415077,0.00036141571401243546,0.0003307264607785637,0.00030268230283852626,0.0002770510371699949,0.00025362131732153004,0.00023220072515775774,0.00021261402751839974,0.00019470159923796852,0.0001783179959084797,0.00016333066154705254,0.0001496187578671625,0.00013707210326305893,0.000125590210791773,0.00011508141556820697,0.00010546208296569612,9.665588985790109e-5,8.859317193140345e-5,8.121033079358801e-5,7.444929521275667e-5,6.825703140110498e-5,6.258509772791364e-5,5.738923971399098e-5,5.262902156479964e-5,4.826749084442235e-5,4.427087323163913e-5,4.0608294588249114e-5,3.725152782859851e-5,3.417476232832285e-5,3.1354393809488314e-5,2.8768832842074473e-5,2.63983302776497e-5,2.4224818079662976e-5,2.2231764165397624e-5,2.04040399970241e-5,1.87277997820602e-5,1.7190370241045982e-5,1.5780150000776897e-5,1.44865177574854e-5,1.3299748429054228e-5,1.2210936589629223e-5,1.1211926541928913e-5,1.029524844161126e-5,9.454059941863425e-6,8.68209287161091e-6,7.973604506353869e-6,3.661666515265659e-6
0.04439188473155986,0.07158279366053155,0.06103026600494421,0.05291986428084949,0.04633379434125651,0.04083357323583259,0.03615978698562894,0.03214065926245602,0.028654168771011457,0.025609387073451284,0.02293617264837583,0.0205789940334965,0.01849299150515149,0.016641341315553615,0.014993421485319403,0.013523493809656228,0.01220973110621909,0.011033482831485447,0.009978709822770937,0.009031541896630746,0.008179926544978011,0.00741334641251154,0.006722589540685053,0.006099560673150609,0.005537124923307282,0.005028977238846655,0.004569532643495994,0.004153833368552656,0.003777469830801225,0.0034365130478967304,0.003127456568260467,0.0028471663662395785,0.0025928374439152246,0.0023619561104862366,0.0021522670913733527,0.0019617447642755054,0.00178856793669184,0.0016310976735070676,0.0014878577611381547,0.001357517458287022,0.001238876235533655,0.0011308502498168019,0.001032460336169938,0.0009428213297684833,0.0008611325567255204,0.0007866693540723273,0.0007187754978516207,0.0006568564338008346,0.0006003732187123793,0.0005488370920700997,0.0005018046074903842,0.0004588732621548224,0.0004196775697236886,0.0003838855287765612,0.0003511954444393459,0.0003213330656751095,0.0002940490050530641,0.0002691164115510309,0.0002463288701942115,0.0002254985053004501,0.00020645426654964175,0.0001890403794066577,0.00017311494340813008,0.00015854866354365156,0.00014522370154349505,0.00013303263525087572,0.00012187751551060496,0.00011166901105019982,0.00010232563283475672,9.377303024514136e-5,8.594335217869268e-5,7.877466687687966e-5,7.221043490227464e-5,6.619903023139602e-5,6.06933049399328e-5,5.5650193380492145e-5,5.1030352165186204e-5,4.67978326265324e-5,4.29197827365624e-5,3.936617576541881e-5,3.61095632174669e-5,3.3124849812999095e-5,3.038908850495881e-5,2.7881293697144946e-5,2.5582271010568492e-5,2.3474462100990068e-5,2.154180316271242e-5,1.9769595887590024e-5,1.814438975699024e-5,1.6653874653665133e-5,1.528678286714382e-5,1.4032799655622511e-5,1.2882481603807483e-5,1.1827182082558755e-5,1.0858983182211192e-5,9.970633546493412e-6,9.155491586466442e-6,8.407473601728435e-6,7.721006376335335e-6,7.0909838574325236e-6,3.2563637800238425e-6
0.03957428864631396,0.06381505991970515,0.05440808231700833,0.04717806599936536,0.04130687488239526,0.03640363850671591,0.0322371112037424,0.028654168771011457,0.02554603932686972,0.02283166757357541,0.020448527937598937,0.018347118437344823,0.016487450015137017,0.014836696987280795,0.013367562011110223,0.01205710121134701,0.010885857058949566,0.009837203734282707,0.008896843250622954,0.008052411093021072,0.007293163062481567,0.006609723432373843,0.0059938801413517845,0.005438416588775197,0.004936972277943652,0.004483926454953019,0.004074300268489886,0.003703673985305772,0.003368116548457964,0.003064125330996051,0.002788574370964303,0.002538669706711724,0.0023119106905751113,0.002106056363615161,0.0019190961356236255,0.0017492241439511363,0.001594816769250204,0.0014544128700951994,0.0013266963678809258,0.0012104808700479919,0.00110469606620444,0.0010083756707681447,0.0009206467181308124,0.0008407200436997136,0.0007678818067983432,0.0007014859310172303,0.0006409473540895383,0.0005857359932269005,0.0005353713439825263,0.000489417640970902,0.0004474795176241282,0.0004091981098833467,0.0003742475552329797,0.00034233184433050956,0.0003131819874880454,0.00028655346255677516,0.0002622239146314511,0.00023999108132683692,0.0002196709202728674,0.00020109591812046777,0.00018411356253171833,0.00016858496068868209,0.00015438358962121786,0.000141394165187444,0.00012951161795040278,0.00011864016541208566,0.00010869247118370324,9.958888260188769e-5,9.125673919667746e-5,8.362974519110044e-5,7.664739988043128e-5,7.025448036790437e-5,6.440057168449493e-5,5.903963980551097e-5,5.412964353132999e-5,4.9632181577293974e-5,4.551217158516377e-5,4.173755809055231e-5,3.8279046753870636e-5,3.510986243102608e-5,3.220552888898588e-5,2.954366817640216e-5,2.7103817856833257e-5,2.4867264469906076e-5,2.2816891746428917e-5,2.0937042242857222e-5,1.9213391178222105e-5,1.7632831376002828e-5,1.618336831039175e-5,1.4854024353772217e-5,1.3634751399485274e-5,1.251635111362571e-5,1.1490402137800016e-5,1.0549193623957359e-5,9.685664541281622e-6,8.893348244198477e-6,8.166321837361167e-6,7.49915991611719e-6,6.886892296797676e-6,6.324965387321477e-6,2.9046034401087996e-6
0.03536725421875664,0.05703170261293322,0.04862505861867972,0.04216383050512773,0.03691690452749907,0.03253498588144399,0.028811425725125073,0.025609387073451284,0.02283166757357541,0.0204058332709548,0.01827600894002629,0.01639795763373153,0.014735943444331157,0.013260631876115925,0.011947628732651622,0.01077643021632807,0.009729648044632139,0.008792424448532815,0.007951981894538995,0.00719727067267889,0.00651868905172337,0.0059078582246235994,0.005357439286979945,0.0048609829244312674,0.004412804879170923,0.004007881965921653,0.0036417646386802116,0.003310503011592622,0.003010583909636287,0.0027388770302133533,0.0024925886838694997,0.0022692218800384467,0.0020665417552263032,0.0018825455238982297,0.001715436276684093,0.001563600066093039,0.001425585813350519,0.0013000876449168856,0.0011859293292994198,0.0010820505353903373,0.000987494675135224,0.0009013981282374496,0.0008229806755352224,0.0007515369921341618,0.0006864290715958756,0.0006270794700069561,0.0005729652734831076,0.0005236127050490449,0.00047859229767599487,0.00043751456942927106,0.00040002614458755324,0.00036580627149291993,0.00033456369370736365,0.0003060338362750334,0.00027997627336048565,0.00025617244737137154,0.00023442361312877007,0.00021454898362841847,0.00019638405652303449,0.00017977910281978754,0.00016459780123656044,0.00015071600350225313,0.00013802061746441075,0.0001264085962378392,0.00011578602288771006,0.000106067281228861,9.717430432177611e-5,8.903589307760764e-5,8.158709818541546e-5,7.476865926649319e-5,6.852649575783297e-5,6.281124458863523e-5,5.757784020602851e-5,5.2785132939714647e-5,4.839554210151094e-5,4.437474055327237e-5,4.069136780502128e-5,3.731676899287927e-5,3.422475733048469e-5,3.139139786770826e-5,2.8794810595035602e-5,2.6414991115249436e-5,2.423364728042221e-5,2.2234050333255295e-5,2.0400899235390206e-5,1.872019698989511e-5,1.7179137870323806e-5,1.576600457543309e-5,1.447007441530057e-5,1.328153372161337e-5,1.2191399743938193e-5,1.1191449364989523e-5,1.0274154028848463e-5,9.432620328984984e-6,8.66053575554899e-6,7.95211914525335e-6,7.302075419004096e-6,6.705554230546708e-6,6.158112181422413e-6,5.655678289844416e-6,2.597261214676431e-6
0.03167380661649455,0.05107638124416014,0.04354792222802051,0.03776161195459571,0.03306273073273458,0.02913848165025723,0.02580380861013687,0.02293617264837583,0.020448527937598937,0.01827600894002629,0.01636857857996299,0.014686621942831546,0.013198136855807008,0.011876853658522979,0.010700926768427266,0.009651994489611265,0.008714485100824926,0.007875092983965937,0.007122375398256414,0.006446436893753293,0.00583867870907244,0.005291597233906847,0.00479862011222347,0.004353971636362669,0.003952561226389206,0.0035898903115153674,0.003261974032763043,0.002965274993821751,0.002696646889119282,0.0024532862907341788,0.00223269122243646,0.0020326254157213425,0.0018510873500213049,0.0016862833430223226,0.0015366040862796887,0.0014006041248236026,0.0012769838631061861,0.0011645737467546706,0.0010623203251636446,0.0009692739452900438,0.0008845778642419047,0.0008074585995056817,0.0007372173615649118,0.0006732224355540401,0.0006149023966965095,0.0005617400599684918,0.0005132670776207323,0.0004690591092824728,0.0004287314990798225,0.00039193540241305117,0.0003583543121200884,0.00032770093993005067,0.0002997144143196068,0.00027415776056241657,0.00025081563276602766,0.00022949227112743689,0.00021000966073241555,0.0001922058708923838,0.00017593355632914082,0.00016105860363476105,0.00014745890817973372,0.0001350232682916742,0.00012365038494008404,0.00011324795638982836,0.00010373185841421311,9.502540163307347e-5,8.705865843570211e-5,7.976785269343139e-5,7.30948061838199e-5,6.698643626784693e-5,6.139429989631502e-5,5.6274179524814106e-5,5.158570695744402e-5,4.729202152777088e-5,4.335945938928928e-5,3.975727098994356e-5,3.645736409929948e-5,3.3434070014678454e-5,3.0663930791151946e-5,2.8125505555359124e-5,2.5799194146288308e-5,2.366707649030747e-5,2.171276627566907e-5,1.992127761803078e-5,1.827890353711751e-5,1.677310517622725e-5,1.5392410790490306e-5,1.4126323625342826e-5,1.2965237884281374e-5,1.1900362062913387e-5,1.092364898814399e-5,1.0027731965117902e-5,9.205866489107303e-6,8.451877026915261e-6,7.760108419484186e-6,7.125381496680299e-6,6.542952532691347e-6,6.0084762046058325e-6,5.517971745432515e-6,5.067792011754463e-6,2.327297605759311e-6
0.02841717176327674,0.04582532198391864,0.039071161652314834,0.033879932883791763,0.02966427098610014,0.02614355844736227,0.02315177702931953,0.0205789940334965,0.018347118437344823,0.01639795763373153,0.014686621942831546,0.013177571624614526,0.01184209649023421,0.010656629110467969,0.009601570993458819,0.008660449121359576,0.007819293428992957,0.007066166829121007,0.006390803471216677,0.005784325623058931,0.005239018850795127,0.0047481512158546735,0.004305826239929242,0.003906862147288567,0.003546691817236672,0.0032212792453517602,0.002927049301089321,0.0026608282940090017,0.002419793401005753,0.002201429412970128,0.002003491570295217,0.0018239734957989778,0.00166107941962048,0.0015132000375429992,0.0013788914601656384,0.00125685680319235,0.0011459300441603662,0.0010450618311379847,0.0009533069787729005,0.0008698134277384216,0.0007938124770224507,0.000724610126541821,0.0006615793908070818,0.0006041534640015937,0.000551819633080897,0.000504113849576467,0.0004606158826214162,0.00042094498566641603,0.00038475601806324967,0.00035173597006096444,0.00032160084611334346,0.00029409286693776477,0.00026897795543834747,0.0002460434758026651,0.0002250961986733878,0.00020596046837948433,0.00018847655098725487,0.00017249914432551161,0.00015789603321755916,0.0001445468750517001,0.0001323421023883063,0.00012118193078097632,0.00011097546125716801,0.0001016398680045794,9.309966282177264e-5,8.52860287657675e-5,7.813621623181362e-5,7.159299536883606e-5,6.560415937748704e-5,6.012207379344956e-5,5.510326733842823e-5,5.050806037268417e-5,4.6300227378470314e-5,4.244669025205963e-5,3.891723950846999e-5,3.568428077415525e-5,3.27226042067544e-5,3.0009174712208138e-5,2.752294102565105e-5,2.524466191545095e-5,2.3156747934105417e-5,2.1243117286970283e-5,1.9489064531509127e-5,1.7881140933063804e-5,1.6407045418528226e-5,1.5055525169405126e-5,1.3816284980250164e-5,1.2679904594236464e-5,1.1637763297203977e-5,1.0681971121489418e-5,9.805306066308547e-6,9.001156798680313e-6,8.263470347851106e-6,7.586704348682316e-6,6.965783431745474e-6,6.396059393110314e-6,5.873274810429908e-6,5.393529802551162e-6,4.953251655617885e-6,4.549167064600232e-6,2.089138380943985e-6
0.0255353309669476,0.04117853891170398,0.035109543210014915,0.03044489627533975,0.026656833118070766,0.02349321046303371,0.020804855898753527,0.01849299150515149,0.016487450015137017,0.014735943444331157,0.013198136855807008,0.01184209649023421,0.010642025128009353,0.00957674646220591,0.008628650388796982,0.007782935133369556,0.007027047900111494,0.00635026258787183,0.005743354756743729,0.0051983472391782665,0.004708308133660258,0.004267188348549333,0.0038696894872982945,0.003511155344446071,0.003187482010129958,0.002895042808103085,0.002630625180825477,0.0023913772863424845,0.0021747625569727633,0.001978520834669803,0.0018006349773536032,0.0016393020453921714,0.0014929083445278553,0.0013600077335314056,0.001239302709066567,0.0011296278636730266,0.001029935380212215,0.000939282280218369,0.0008568191883893822,0.0007817804119912338,0.0007134751639582323,0.0006512797836632968,0.0005946308302166529,0.0005430189407968113,0.0004959833611117258,0.0004531070677371782,0.0004140124127124719,0.0003783572297138462,0.0003458313489518895,0.0003161534745586385,0.00028906838393946005,0.00026434441354349515,0.00024177119970527402,0.0002211576469805885,0.0002023300996273113,0.00018513069465221068,0.0001694158773388561,0.00015505506232277137,0.00014192942514746872,0.00012993081094138772,0.00011896074826312029,0.0001089295574916967,9.975554427791612e-5,9.136426956191123e-5,8.368788857164751e-5,7.666455200260372e-5,7.023786329993708e-5,6.43563865649452e-5,5.897320018576589e-5,5.404549179164144e-5,4.953419056114364e-5,4.5403633320416684e-5,4.162126122287161e-5,3.815734411475745e-5,3.498472998434863e-5,3.207861713614313e-5,2.9416346968538635e-5,2.6977215441207703e-5,2.4742301494615855e-5,2.2694310857515046e-5,2.0817433825914822e-5,1.9097215729371795e-5,1.752043892777296e-5,1.6075015283615463e-5,1.4749888158465437e-5,1.3534943072227078e-5,1.2420926239806499e-5,1.1399370276794649e-5,1.0462526428360358e-5,9.60330273839163e-6,8.815207625771383e-6,8.092298386091595e-6,7.429134181117619e-6,6.820733116505456e-6,6.262533046275429e-6,5.750355774210728e-6,5.280374352563234e-6,4.849083205967622e-6,4.4532708315957225e-6,4.0899948499183684e-6,1.878279600422206e-6
0.022977376521569504,0.03705395870775041,0.03159310267895177,0.02739584342585233,0.023987314099800372,0.021140643930752212,0.01872161213987622,0.016641341315553615,0.014836696987280795,0.013260631876115925,0.011876853658522979,0.010656629110467969,0.00957674646220591,0.00861815168891028,0.007764999519540544,0.007003971529239983,0.006323772855284654,0.005714752241195803,0.005168609583408451,0.004678167041322595,0.004237187279249696,0.003840227294114512,0.0034825195431758965,0.0031598743158168657,0.0028685988485617,0.002605429786705138,0.002367476395455405,0.0021521725093668065,0.0019572356455031456,0.0017806320340412324,0.001620546571448167,0.0014753568947088631,0.001343610925443675,0.0012240073515137652,0.0011153786074664523,0.0010166759902348749,0.000926956607183501,0.0008453719022654127,0.0007711575463596569,0.0007036245107334502,0.0006421511695738798,0.0005861763002009985,0.000535192868364228,0.0004887425019012501,0.00044641056916898056,0.00040782179003800816,0.0003726363168085143,0.00034054623045018124,0.00031127240460973246,0.0002845616957858057,0.00026018442320780485,0.00023793210643511913,0.00021761543247095227,0.0001990624275776112,0.00018211681188411936,0.0001666365173697529,0.00015249235205110762,0.0001395667951357973,0.00012775290958616948,0.00011695336007177702,0.0001070795255556662,9.805069695568362e-5,8.979335134704641e-5,8.224049506248203e-5,7.533106886460899e-5,6.900940907204629e-5,6.322475916955379e-5,5.793082697280218e-5,5.308538293861422e-5,4.8649895660810385e-5,4.458920097971436e-5,4.087120149836015e-5,3.746659361820884e-5,3.43486194888359e-5,3.14928415299559e-5,2.8876937403406254e-5,2.6480513526021786e-5,2.4284935401290618e-5,2.227317320623067e-5,2.0429661225956832e-5,1.8740169861284652e-5,1.7191689053794605e-5,1.5772322087364427e-5,1.447118881680383e-5,1.3278337467519672e-5,1.218466423108137e-5,1.11818399499026e-5,1.0262243253576547e-5,9.41889956570686e-6,8.645425456627715e-6,7.935977862261336e-6,7.2852077356340016e-6,6.6882177371692245e-6,6.14052360424543e-6,5.63801887470104e-6,5.176942667464886e-6,4.753850250677482e-6,4.365586152433953e-6,4.0092595900941935e-6,3.682222015103875e-6,1.6910232943159878e-6
0.02070097558270856,0.03338333205037802,0.02846366000838474,0.02468233227928457,0.021611554809437716,0.019046946222956995,0.016867590841691815,0.014993421485319403,0.013367562011110223,0.011947628732651622,0.010700926768427266,0.009601570993458819,0.008628650388796982,0.007764999519540544,0.006996343619774276,0.006310684284672519,0.005697846078822247,0.005149134246842019,0.004657071252118575,0.004215190577621944,0.0038178729862031746,0.0034602148388401394,0.0031379210064916424,0.002847216919963598,0.002584775703137039,0.002347657329669871,0.002133257463540969,0.0019392641716000011,0.001763621089661771,0.0016044959194098651,0.0014602533598727582,0.0013294317514108075,0.0012107228456099267,0.0011029542214610402,0.0010050739526652128,0.0009161371985240106,0.0008352944455370069,0.0007617811706764274,0.0006949087336163371,0.0006340563348102637,0.0005786639006346902,0.0005282257772354151,0.00048228513164130446,0.0004404289730127256,0.0004022837187210235,0.00036751124020839576,0.00033580533219595716,0.00030688855605469356,0.0002805094144969992,0.0002564398201121646,0.0002344728248968109,0.00021442058196693373,0.00019611251404150253,0.0001793936663438806,0.00016412322418345605,0.00015017317772547754,0.0001374271184786664,0.00012577915377378224,0.00011513292702006878,0.00010540073290964689,9.650271788072865e-5,8.836615722808048e-5,8.092480117265948e-5,7.411828300411122e-5,6.789158314713653e-5,6.219454363945226e-5,5.698142809360072e-5,5.221052270161161e-5,4.7843774310178254e-5,4.3846461998822174e-5,4.0186898942947856e-5,3.683616167253869e-5,3.376784412531476e-5,3.095783414691275e-5,2.838411032840603e-5,2.6026557269015504e-5,2.3866797544031405e-5,2.1888038826403048e-5,2.007493475329335e-5,1.841345826946746e-5,1.689078629909575e-5,1.5495194704831007e-5,1.4215962596255945e-5,1.3043285132343426e-5,1.1968194046623853e-5,1.0982485196683216e-5,1.0078652501184222e-5,9.24982769006451e-6,8.489725344288653e-6,7.792592752487023e-6,7.153164152220602e-6,6.566618965305935e-6,6.028543672307603e-6,5.534897002273706e-6,5.081978144595622e-6,4.666397715549485e-6,4.2850512365715215e-6,3.935094903632867e-6,3.6139234458321926e-6,3.3191498902453978e-6,1.524293533307196e-6
0.018670547792259407,0.03010929568488596,0.02567231491137989,0.022261966163154068,0.019492439261174277,0.017179410947155416,0.015213832262165106,0.013523493809656228,0.01205710121134701,0.01077643021632807,0.009651994489611265,0.008660449121359576,0.007782935133369556,0.007003971529239983,0.006310684284672519,0.005692252330938674,0.005139498661594161,0.0046445816373775345,0.004200757382603421,0.0038021938235812958,0.0034438230192559843,0.003121222403394436,0.002830518206572194,0.002568306137810762,0.0023315856691684816,0.002117705163717995,0.0019243157369100428,0.001749332217317344,0.001590899927518978,0.001447366272586105,0.0013172563278988393,0.0011992517751034,0.0010921726571811313,0.0009949615200840825,0.0009066695845621406,0.0008264446527900954,0.0007535205036994091,0.0006872075704645233,0.0006268847263363672,0.000571992031726188,0.000522024317378177,0.00047652549688513915,0.0004350835170672286,0.00039732586763284797,0.00036291558220863124,0.00033154767207223355,0.0003029459416940749,0.00027686014172976104,0.00025306342082543915,0.0002313500424372299,0.00021153333703944482,0.00019344386373571897,0.00017692775835660961,0.0001618452478833938,0.0001480693133973066,0.00013548448577857097,0.00012398576020278664,0.00011347761705474742,0.00010387313824487734,9.509320916098376e-5,8.706579751675651e-5,7.972530133036875e-5,7.301195909929781e-5,6.687131596066955e-5,6.125374029131788e-5,5.61139857760374e-5,5.1410794499668526e-5,4.710653705762666e-5,4.316688610219528e-5,3.956052010695599e-5,3.6258854446908685e-5,3.323579718839489e-5,3.0467527242759385e-5,2.79322927665232e-5,2.5610227905284184e-5,2.3483186156703366e-5,2.1534588801261736e-5,1.974928700138864e-5,1.8113436298381586e-5,1.6614382363333026e-5,1.524055696623764e-5,1.3981383224221278e-5,1.2827189282936687e-5,1.176912965962512e-5,1.0799113552149376e-5,9.909739484084917e-6,9.094235711482035e-6,8.346405873251706e-6,7.660579412876962e-6,7.03156634510808e-6,6.454615977748629e-6,5.925379236242705e-6,5.439874270951573e-6,4.9944550549385955e-6,4.585782707868026e-6,4.210799304781409e-6,3.866703950609643e-6,3.55093092140415e-6,3.261129690185967e-6,2.9951466723768274e-6,1.3755042703495504e-6
0.01685592025959165,0.02718320406141972,0.023177598469092175,0.02009879127288311,0.01759849172935829,0.01551030177325785,0.013735777292915252,0.01220973110621909,0.010885857058949566,0.009729648044632139,0.008714485100824926,0.007819293428992957,0.007027047900111494,0.006323772855284654,0.005697846078822247,0.005139498661594161,0.004640445874090682,0.004193608493112816,0.0037928983060597776,0.0034330502348400016,0.003109489027901903,0.002818222052008691,0.0025557521066984987,0.002319005819787452,0.0021052743228513193,0.0019121637155025684,0.001737553413674181,0.001579560906822354,0.0014365117692244946,0.0013069140113110903,0.0011894360413722029,0.0010828876497820383,0.0009862035381658155,0.0008984290030326879,0.0008187074521605019,0.0007462694870701506,0.0006804233294295057,0.0006205464049251902,0.0005660779276993114,0.0005165123525604116,0.0004713935819799647,0.00043030983151030183,0.0003928890710408646,0.0003587949709542883,0.0003277232918738318,0.00029939866504132863,0.0002735717173812579,0.00025001650120639717,0.00022852819368469716,0.00020892103555534593,0.00019102648234955001,0.00017469154465708748,0.00015977729675052893,0.00014615753536723237,0.00013371757257915834,0.00012235314850880634,0.00011196945129540508,0.00010248023313511566,9.380701245134985e-5,8.587835337750104e-5,7.862921466308156e-5,7.200036099166821e-5,6.593783045085659e-5,6.0392452547264244e-5,5.531941175988147e-5,5.067785214350577e-5,4.643051896989893e-5,4.254343379060481e-5,3.898559968695933e-5,3.5728733802409414e-5,3.274702453677047e-5,3.00169110497993e-5,2.751688295601234e-5,2.522729829927445e-5,2.3130218089279766e-5,2.12092558428699e-5,1.9449440729617728e-5,1.7837093058247345e-5,1.635971095676717e-5,1.5005867213656256e-5,1.3765115344916508e-5,1.2627904039160778e-5,1.158549921696626e-5,1.0629913007938278e-5,9.753839017370214e-6,8.950593313775037e-6,8.214060618691639e-6,7.538645231038461e-6,6.919226259586322e-6,6.351116778617437e-6,5.830026554742607e-6,5.352028026799264e-6,4.913525249805007e-6,4.511225539157999e-6,4.142113576363201e-6,3.8034277584723377e-6,3.4926385933723683e-6,3.2074289612296267e-6,2.9456760776673874e-6,2.7054350096633503e-6,1.2424618043134101e-6
0.01523131213079637,0.02456349231675864,0.020944077673721473,0.018162086843772962,0.015902817639978195,0.01401591917884304,0.012412441134579899,0.011033482831485447,0.009837203734282707,0.008792424448532815,0.007875092983965937,0.007066166829121007,0.00635026258787183,0.005714752241195803,0.005149134246842019,0.0046445816373775345,0.004193608493112816,0.0037898181450705115,0.0034277093660515373,0.00310252468514223,0.0028101299364329327,0.002546917390287215,0.0023097269761957265,0.0020957815839442798,0.0019026334604022033,0.0017281194510121237,0.001570323364901885,0.0014275441307989127,0.0012982687003027342,0.0011811488726139567,0.0010749813814345116,0.000978690712880887,0.0008913142228960287,0.00081198920134469,0.000739941592107168,0.000674476128228324,0.0006149676813889619,0.0005608536572217424,0.0005116272947017601,0.00046683174962825966,0.0004260548601062314,0.0003889245069577246,0.00035510449444446125,0.00032429088720475636,0.00029620874800915555,0.0002706092284814575,0.00024726697127163116,0.0002259777874979215,0.0002065565779415376,0.00018883547042429548,0.00017266214920379566,0.00015789835518940356,0.00014441853828581208,0.00013210864541928023,0.00012086502972613903,0.00011059346803507682,0.00010120827526182222,9.263150561759827e-5,8.479223164615602e-5,7.76258931218523e-5,7.107370868032065e-5,6.508214384611704e-5,5.9602429801007464e-5,5.459012782645469e-5,5.000473489624648e-5,4.580932636363822e-5,4.1970232117426306e-5,3.8456742939421e-5,3.524084414062564e-5,3.229697385120683e-5,2.9601803596445114e-5,2.713403903277414e-5,2.4874238929967316e-5,2.280465067220201e-5,2.0909060725673567e-5,1.9172658665741495e-5,1.758191349799759e-5,1.6124461131565343e-5,1.478900196803573e-5,1.3565207672873469e-5,1.244363628421114e-5,1.1415654892877637e-5,1.0473369203476297e-5,9.609559347054808e-6,8.817621377763256e-6,8.091513939557281e-6,7.425709634303825e-6,6.815150668612401e-6,6.255208394036118e-6,5.741646392783332e-6,5.27058679081503e-6,4.8384795108823186e-6,4.442074204313317e-6,4.078394623143676e-6,3.7447152168573338e-6,3.438539756898441e-6,3.1575818101405625e-6,2.8997468989214414e-6,2.6631161990515114e-6,2.445931641128082e-6,1.1232911463322586e-6
