0.061341554748385985,0.10672861184447813,0.09613742959223703,0.08757014177253475,0.08029121697370112,0.07394970503568876,0.06833819978929712,0.06331917629744721,0.05879459366736328,0.05469097172646764,0.05095118269188381,0.04752955376233281,0.04438875967024869,0.04149775335917205,0.03883033312836148,0.03636411800511152,0.0340797949421201,0.03196055281807919,0.029991648337143406,0.028160067268007127,0.026454256023625722,0.02486390609045319,0.023379778804667795,0.021993561381433102,0.020697747472021466,0.019485537193806746,0.018350752789952685,0.0172877669554532,0.016291441523281214,0.01535707469043529,0.01448035534000458,0.013657323301879576,0.0128843346133104,0.01215803101683438,0.011475313068846582,0.010833316340621374,0.010229390283087059,0.009661079393741112,0.009126106383627014,0.008622357089656946,0.008147866913988222,0.007700808605520748,0.007279481224330642,0.006882300153315674,0.006507788037782375,0.006154566550820514,0.005821348896042647,0.005506932969051928,0.005210195109764962,0.004930084385659769,0.004665617352937662,0.004415873249492108,0.00417998957767135,0.003957158040293229,0.0037466207976189075,0.003547667015624173,0.003359629679650908,0.003181882650101872,0.0030138379389097747,0.002854943188365773,0.002704679334760214,0.0025625584415751787,0.0024281216885681106,0.0023009375038405694,0.0021805998275685468,0.002066726496867899,0.0019589577426249796,0.0018569547893240307,0.001760398550075891,0.001668988409855958,0.0015824410901537217,0.001500489589071674,0.0014228821913739378,0.0013493815433202952,0.001279763787807725,0.001213817755329586,0.0011513442068436103,0.0010921551250587143,0.0010360730506129914,0.000982930460122114,0.0009325691832425854,0.0008848398560294991,0.0008396014082859317,0.0007967205824886935,0.0007560714822178165,0.0007175351482403766,0.0006809991603229527,0.0006463572631645736,0.000613509014828411,0.0005823594563186766,0.000552818800854735,0.0005248021416129674,0.0004982291768218291,0.00047302395105179064,0.0004491146117245725,0.00042643317987840247,0.0004049153342961676,0.00038450020821876197,0.0003651301978149562,0.0003467507817004195,0.00016465517543761288
0.10672861184447813,0.1856995596544495,0.16727281549254558,0.1523671880771431,0.13970302479419905,0.12866975415522797,0.11890653791484551,0.11017411487431295,0.10230191682605216,0.09516210544213144,0.08865529169316955,0.08270201550334066,0.07723733952002476,0.07220724897968056,0.06756615887812556,0.06327513136152496,0.059300566029206525,0.0556132152301394,0.052187428832331406,0.049000564860572915,0.046032522510180085,0.04326536710629392,0.04068302525727141,0.03827103438084667,0.03601633490284761,0.033907096333983144,0.03193257053849641,0.03008296703917368,0.028349346346395632,0.026723528144507847,0.02519801182350656,0.023765907342492454,0.022420874791613976,0.021157071325972,0.019969104381138247,0.01885199026876061,0.01780111740642759,0.01681221355267376,0.01588131652158903,0.01500474793388501,0.014179089624647756,0.013401162386041554,0.012668006768020545,0.0119768657009231,0.011325168732448515,0.010710517701296884,0.010130673693635156,0.009583545145585765,0.009067176973653918,0.008579740628830934,0.008119524982149129,0.007684927961472687,0.00727444886643383,0.0068866812979395675,0.006520306646069618,0.006174088084760623,0.005846865028187084,0.005537548008240564,0.005245113936102802,0.0049686017158767914,0.004707108179747718,0.004459784318124632,0.004225831780997141,0.004004499628053396,0.00379508130785966,0.003596911847788181,0.003409365238739942,0.0032318519990595374,0.0030638169040796345,0.0029047368691315287,0.002754118974194468,0.0026114986198117127,0.0024764378047049743,0.0023485235161027213,0.0022273662249916518,0.0021125984784804153,0.0020038735824749604,0.0019008643685934495,0.0018032620391841628,0.0017107750851902623,0.00162312827189387,0.0015400616878062726,0.001461329852698215,0.0013867008805678802,0.001315955693940777,0.0012488872862840145,0.001185300029184596,0.0011250090214939175,0.0010678394776168776,0.0010136261525910129,0.0009622128014359736,0.0009134516706347483,0.0008672030198072361,0.0008233346715611801,0.0007817215878227861,0.0007422454709714484,0.0007047943882244802,0.0006692624179188734,0.0006355493162483079,0.0006035602032247213,0.00028660263338360116
0.09613742959223703,0.16727281549254558,0.1506752505487432,0.1372492080979275,0.1258420891789358,0.11590394429423112,0.10710976195085209,0.09924403663918113,0.09215313547079917,0.08572191287048381,0.07986084787600611,0.07449836975758428,0.06957598856063107,0.06504505242242886,0.06086450225180773,0.05699926611340955,0.05341907956936809,0.05009759874665143,0.047011720093316556,0.04414104953426645,0.04146748185240601,0.03897486288614571,0.036648714951441286,0.034476011237929205,0.03244498864063916,0.03054499110599862,0.028766337469784742,0.027100209143411713,0.025538554034615468,0.02407400385024061,0.022699802518541645,0.021409743917380764,0.02019811743721167,0.019059660184036376,0.0179895148402498,0.016983192371357037,0.016036538906796904,0.01514570622821615,0.014307125391838982,0.013517483085792203,0.012773700380317388,0.012072913581088501,0.011412456936183674,0.010789846984038537,0.010202768355480701,0.009649060869773435,0.009126707786109023,0.008633825087329655,0.00816865168951958,0.0077295404835571735,0.0073149501255607985,0.006923437503978475,0.00655365081748735,0.00620432320644175,0.0058742668872688725,0.005562367743331201,0.005267580331643776,0.004988923268878301,0.004725474963325468,0.0044763696639594786,0.0042407937991087025,0.004017982580819077,0.0038072168535049633,0.0036078201666627646,0.0034191560539042487,0.0032406255018139762,0.0030716645942624188,0.0029117423181204,0.002760358518159693,0.002617041990183644,0.0024813487017350533,0.002352860131039046,0.0022311817155627467,0.0021159414020990863,0.0020067882913580026,0.001903391370029317,0.001805438324191888,0.0017126344286001322,0.0016247015063204709,0.001541376953983216,0.0014624128281760934,0.0013875749887154662,0.001316642295187704,0.001249405852974738,0.0011856683055167135,0.0011252431699131996,0.0010679542128453554,0.0010136348642990692,0.0009621276665475013,0.0009132837562721742,0.000866962377553248,0.0008230304238024504,0.0007813620068919513,0.000741838051664185,0.0007043459142934711,0.0006687790229901718,0.0006350365396475474,0.0006030230412126907,0.0005726482194828506,0.0005438265982185657,0.0002582386332926779
0.08757014177253475,0.1523671880771431,0.1372492080979275,0.12501997635907092,0.11462966276123332,0.10557735264362256,0.09756701341040874,0.0904023546229642,0.08394344172689316,0.07808539583214458,0.07274667788301703,0.06786209854605696,0.0633783829280099,0.0592512170206545,0.055443202581219486,0.051922394679565276,0.04866122722317345,0.045635705107437974,0.04282478462578465,0.04020988995827568,0.03777453005747777,0.03550399096641721,0.033385085723679486,0.03140594887583037,0.029555865998298625,0.02782513100971984,0.02620492579438527,0.024687217903217817,0.023264673041582085,0.02193057974595236,0.020678784188600807,0.019503633458393566,0.018399925977763854,0.017362867967584128,0.01638803506541825,0.015471338357548992,0.014608994212909454,0.013797497402793402,0.01303359707519447,0.012314275220228516,0.011636727315070317,0.010998344884461081,0.01039669974958371,0.009829529771591294,0.009294725919559571,0.008790320517061134,0.008314476541159188,0.0078654778615872,0.007441720323239448,0.007041703586438214,0.006664023649316536,0.006307365986510244,0.005970499244195557,0.0056522694393164735,0.0053515946169146456,0.005067459923223688,0.004798913057539128,0.004545060069555934,0.004305061471817029,0.004078128640990483,0.0038635204829300385,0.0036605403397394903,0.0034685331193427954,0.0032868826291400643,0.0031150090975872458,0.0029523668686758306,0.002798442256224991,0.002652751545184885,0.002514839128825337,0.0023842757718306323,0.002260656989597723,0.002143601535228211,0.002032749986364879,0.0019277634245011901,0.001828322200373149,0.0017341247790246678,0.0016448866589676564,0.0015603393604551874,0.0014802294778332933,0.001404317791659209,0.0013323784365107151,0.0012641981206033027,0.0011995753939288943,0.0011383199614679526,0.0010802520385171273,0.001025201745492619,0.0009730085394605258,0.0009235206800988112,0.0008765947277760908,0.000832095071815267,0.0007898934868751199,0.0007498687156949641,0.0007119060766114776,0.000675897094194371,0.0006417391516082421,0.000609335163325753,0.0005785932669171261,0.0005494265328060254,0.0005217526908087872,0.000495493872447364,0.0002352881840678436
0.08029121697370112,0.13970302479419905,0.1258420891789358,0.11462966276123332,0.10510322549383311,0.09680352159325101,0.08945913826651597,0.08289010975463507,0.07696813929093649,0.07159707032464357,0.06670214504556693,0.06222359561069646,0.05811257772728817,0.05432846273418135,0.05083696256798942,0.047608788938055535,0.044618668212608625,0.04184460075598373,0.03926729286874575,0.036869713489087186,0.03463674294174124,0.03255489084549534,0.030612066818458294,0.028797392080752937,0.027101043154070137,0.02551412104314721,0.0240285408700045,0.02263693808313394,0.021332588223706872,0.020109337866893506,0.018961544848851597,0.01788402626486396,0.01687201301012936,0.015921109865442706,0.01502726030764262,0.01418671536673477,0.01339600596870616,0.01265191829083584,0.011951471734209657,0.011291899180127157,0.010670629244750346,0.010085270289999976,0.009533595982394005,0.009013532222225978,0.008523145287012313,0.008060631055532785,0.007624305196758829,0.007212594220770474,0.006824027302845731,0.006457228802300152,0.00611091140671062,0.005783869841189088,0.005474975087730663,0.00518316906681815,0.004907459739028661,0.004646916587826289,0.004400666449628013,0.004167889660605689,0.003947816492391551,0.003739723852592053,0.003542932227147036,0.0033568028445663395,0.0031807350441675764,0.003014163831427323,0.0028565576056277797,0.0027074160460245356,0.0025662681445365737,0.0024326703732221247,0.0023062049763395917,0.002186478377844414,0.002073119695426312,0.0019657793532846246,0.0018641277864458738,0.0017678542298644809,0.0016766655864480298,0.0015902853681309254,0.0015084527048816083,0.0014309214170763612,0.0013574591466234721,0.0012878465428844826,0.001221876499656091,0.001159353439652188,0.0011000926434733375,0.0010439196199020125,0.0009906695148118871,0.0009401865562708722,0.0008923235333176335,0.0008469413063072855,0.0008039083467037203,0.0007631003045475478,0.0007243996017043466,0.000687695049284405,0.0006528814877753593,0.000619859448371814,0.0005885348342251177,0.0005588186203527388,0.0005306265710382698,0.0005038789737044046,0.0004785003881742113,0.0004544194103950107,0.0002157842248997283
0.07394970503568876,0.12866975415522797,0.11590394429423112,0.10557735264362256,0.09680352159325101,0.08915948759082237,0.08239528602980228,0.0763451728223341,0.07089098976466901,0.06594417900067406,0.061435890381314806,0.05731107913967759,0.0535247608205045,0.05003951735405243,0.0468237701968498,0.04385054546574596,0.04109656667328443,0.038541572596470064,0.036167794108513784,0.033959545912573996,0.03190290304892207,0.0299854410954018,0.0281960249932508,0.026524635538374808,0.024962225432981155,0.02350059880537725,0.022132309566205988,0.02085057502975468,0.019649202020902534,0.018522523274031366,0.017465342383774507,0.01647288591277163,0.015540761525016211,0.014664921225886196,0.013841628953545349,0.013067431897212711,0.01233913502565126,0.01165377839007306,0.011008616837412721,0.01040110182699519,0.009828865087524341,0.0092897038915222,0.008781567755375336,0.008302546401424277,0.00785085883835604,0.007424843436791617,0.007022948893505659,0.006643725989512572,0.006285820060220215,0.005947964105429554,0.005628972475293967,0.0053277350766737785,0.005043212049254439,0.004774428867390101,0.004520471828757436,0.004280483894071402,0.004053660846630433,0.003839247743567309,0.003636535633172705,0.0034448585161006295,0.003263590529307553,0.003092143334335308,0.0029299636934745216,0.002776531218255232,0.002631356276617945,0.0024939780460793495,0.00236396270184229,0.0022409017290405536,0.0021244103497247147,0.0020141260561621147,0.001909707242259015,0.001810831925919,0.0017171965557103708,0.0016285148956178275,0.0015445169824826084,0.0014649481507193786,0.001389568119599307,0.0013181501388931788,0.001250480188623053,0.0011863562292818743,0.0011255874990794001,0.0010679938549357712,0.0010134051544477447,0.0009616606759159894,0.0009126085739357692,0.0008661053683221981,0.0008220154640487948,0.0007802107002613818,0.0007405699264124432,0.0007029786038848778,0.0006673284313596529,0.0006335169924455639,0.0006014474242278436,0.0005710281053394033,0.0005421723623787907,0.0005147981935139483,0.0004888280081950767,0.00046418838203940264,0.00044080982588885764,0.0004186265681881008,0.000198788174961358
0.06833819978929712,0.11890653791484551,0.10710976195085209,0.09756701341040874,0.08945913826651597,0.08239528602980228,0.07614447044762551,0.07055353142773324,0.06551328183815786,0.060941887501728687,0.05677572564422939,0.052963930698565864,0.04946493357652926,0.046244157093130345,0.04327242021899602,0.04052479697186995,0.03797977803649566,0.03561864042473528,0.03342496402943507,0.03138425435634107,0.029483643592996933,0.027711650534983034,0.02605798544559912,0.02451338972120254,0.023069502872499592,0.021718751192137065,0.020454253828536773,0.01926974296576839,0.018159495541055615,0.017118274472798456,0.016141277791107855,0.01522409438192518,0.014362665299221367,0.01355324979613065,0.012792395377061172,0.012076911293694537,0.011403845007453617,0.010770461215726779,0.010174223105440416,0.009612775550316421,0.009083930008714297,0.008585650916110438,0.008116043394938904,0.007673342130647465,0.007255901281144561,0.0068621853058758175,0.006490760616059271,0.006140287958508808,0.0058095154574589886,0.005497272247651841,0.005202462639652183,0.004924060766044888,0.004661105661727352,0.004412696737603278,0.004177989611716934,0.003956192264794212,0.003746561491329972,0.003548399620232248,0.003361051481338362,0.003183901597295466,0.003016371581264367,0.002857917723452133,0.0027080287512614085,0.002566223748682893,0.002432050222321215,0.002305082302331521,0.0021849190680552286,0.002071182988366546,0.00196351846804884,0.001861590492414418,0.001765083362597085,0.001673699514877662,0.0015871584179181428,0.0015051955421524661,0.0014275613963478512,0.0013540206263357689,0.0012843511715596653,0.001218343475552594,0.0011557997464163028,0.0010965332639370773,0.0010403677301586527,0.0009871366603818842,0.0009366828120272036,0.0008888576486691703,0.0008435208369351327,0.0008005397742083496,0.0007597891449905511,0.0007211505041330637,0.0006845118851300999,0.0006497674319669178,0.000616817052909828,0.0005855660948688429,0.0005559250370915873,0.0005278092028982717,0.0005011384883711247,0.00047583710692540235,0.0004518333487670643,0.0004290593543710749,0.00040745090105713533,0.00038694720187493637,0.00018374535804830663
0.06331917629744721,0.11017411487431295,0.09924403663918113,0.0904023546229642,0.08289010975463507,0.0763451728223341,0.07055353142773324,0.06537328034773227,0.060703255994184024,0.05646763771199059,0.05260747798584631,0.04907564904200534,0.04583363642990501,0.04284940379762736,0.04009591440780835,0.03755007388380349,0.035191953438399426,0.03300420585499253,0.030971617568039678,0.029080759119055277,0.02731970819296725,0.025677827186644353,0.024145582408894473,0.022714395528383335,0.021376520330153304,0.020124939564786726,0.018953277924679324,0.01785572808973651,0.01682698746282929,0.015862203716858536,0.014956927663591635,0.014107072250059527,0.01330887671384412,0.012558875110510626,0.011853868566518738,0.011190900722932329,0.010567235927594565,0.00998033980264934,0.009427861875723115,0.008907620011951445,0.008417586421613,0.007955875052561096,0.007520730203202791,0.007110516215989099,0.006723708128350991,0.006358883175682811,0.006014713055136844,0.005689956869095278,0.0053834546782873804,0.005094121602717522,0.004820942415708462,0.004562966583487288,0.004319303706966482,0.004089119328014618,0.003871631066901235,0.003666105060308622,0.003471852673170711,0.0032882274602609174,0.0031146223555830535,0.002950467070566426,0.0027952256829589656,0.0026483944006737425,0.002509499486493691,0.002378095330318561,0.0022537626572700017,0.0021361068607941153,0.0020247564513002914,0.0019193616110819017,0.0018195928474759523,0.001725139737047382,0.001635709753783944,0.0015510271751495545,0.001470832060321902,0.0013948792952852354,0.0013229377001582714,0.0012547891941241743,0.0011902280139293106,0.001129059982349894,0.0010711018229862465,0.0010161805182678264,0.0009641327077224426,0.0009148041237023903,0.0008680490621917648,0.000823729886202048,0.000781716559617493,0.0007418862095820919,0.0007041227154406544,0.0006683163225747486,0.0006343632794597997,0.0006021654965468054,0.000571630225474221,0.0005426697573412895,0.0005152011388927583,0.0004891459054195534,0.0004644298293685501,0.0004409826836675075,0.0004187380188433055,0.00039763295313100314,0.0003776079747184269,0.00035860675539629155,0.0001702879874814901
0.05879459366736328,0.10230191682605216,0.09215313547079917,0.08394344172689316,0.07696813929093649,0.07089098976466901,0.06551328183815786,0.060703255994184024,0.056366981471158706,0.05243405850622351,0.04884975409916448,0.045570309913353424,0.04255996510504845,0.03978897376043722,0.037232232118708075,0.03486829690896742,0.0326786641161847,0.03064722671844433,0.02875985879279408,0.02700409096307299,0.025368853238792788,0.023844268487274223,0.022421484560688543,0.021092536365356906,0.01985023143012221,0.018688054130768128,0.017600084888476863,0.016580931503254015,0.015625670412800496,0.014729796132965656,0.01388917749646168,0.013100019581020306,0.012358830427571688,0.011662391817958806,0.011007733511754325,0.01039211044572938,0.009812982485269572,0.009267996381295274,0.008754969643287841,0.008271876084396529,0.007816832829494136,0.007388088609014742,0.006984013186067006,0.006603087786800327,0.006243896419758005,0.005905117986354083,0.0055855190977627395,0.0052839475228872584,0.004999326202383192,0.0047306477713238565,0.004476969539722611,0.004237408886741678,0.004011139028338384,0.00379738512334081,0.0035954206870185135,0.0034045642837297746,0.0032241764738180217,0.003053656992400476,0.0028924421396725117,0.00274000236508741,0.0025958400285998745,0.0024594873243544563,0.002330504353731701,0.0022084773353880857,0.0020930169414409353,0.001983756749714627,0.001880351803262778,0.001782477268574452,0.0016898271849957874,0.0016021132986692235,0.001519063974477295,0.0014404231802790934,0.0013659495381706278,0.0012954154378211832,0.0012286062075959649,0.0011653193391631053,0.0011053637618402695,0.0010485591633371365,0.0009947353535142284,0.0009437316682635935,0.0008953964107756875,0.0008495863275858814,0.0008061661171945914,0.0007650079689464819,0.0007259911301830159,0.0006890014998966795,0.0006539312470414428,0.0006206784519587737,0.0005891467693652577,0.0005592451116050428,0.0005308873507795121,0.0005039920385761527,0.0004784821427288085,0.00045428479899926356,0.00043133107774539527,0.0004095557641528389,0.00038889715127437153,0.00036929684513178733,0.0003506995810861552,0.00033305305079858044,0.00015815386958860497
0.05469097172646764,0.09516210544213144,0.08572191287048381,0.07808539583214458,0.07159707032464357,0.06594417900067406,0.060941887501728687,0.05646763771199059,0.05243405850622351,0.048775666468573564,0.04544155085198731,0.04239100915068028,0.03959077784001874,0.037013188266221686,0.0346348897379144,0.03243593641817666,0.030399116458576292,0.02850944760601859,0.026753790353202134,0.02512054605213354,0.023599417712389048,0.02218121789660321,0.020857712571348164,0.01962149280920511,0.018465868348808256,0.01738477850804998,0.016372717025577077,0.015424668189776225,0.014536052200033622,0.01370267813818743,0.012920703263462952,0.012186597599504329,0.011497112976900425,0.010849255851729162,0.010240263341623895,0.009667582017581222,0.009128849069487577,0.0086218755231188,0.00814463123942441,0.007695231469113661,0.007271924768018523,0.006873082108438622,0.006497187044614106,0.006142826811383201,0.005808684249740709,0.005493530468267033,0.005196218161634764,0.004915675516119433,0.004650900641632413,0.004400956476872067,0.0041649661203558425,0.003942108546247117,0.003731614667539379,0.003532763714034562,0.0033448798963412046,0.0031673293294598587,0.002999517192861019,0.0028408851062611054,0.002690908702142711,0.002549095378610741,0.002414982216947262,0.002288134050266885,0.0021681416710998755,0.0020546201664020936,0.0019472073699013173,0.001845562422399645,0.0017493644318612236,0.0016583112252924748,0.0015721181854684574,0.0014905171662751154,0.001413255480609072,0.0013400949555223106,0.001270811049710708,0.00120519202874406,0.001143038194047586,0.001084161161633429,0.0010283831870986498,0.0009755365337799637,0.0009254628809211678,0.0008780127691613189,0.0008330450807989033,0.0007904265524073077,0.0007500313177499062,0.000711740478841599,0.0006754417033099178,0.0006410288464076298,0.0006084015959602791,0.0005774651388156683,0.0005481298473496606,0.0005203109848222649,0.0004939284282931469,0.0004689064080008569,0.00044517326221253477,0.0004226612065114793,0.00040130611665315646,0.00038104732413102565,0.00036182742365607496,0.0003435920918569615,0.00032628991646204385,0.0003098722353327369,0.00014714649239308238
0.05095118269188381,0.08865529169316955,0.07986084787600611,0.07274667788301703,0.06670214504556693,0.061435890381314806,0.05677572564422939,0.05260747798584631,0.04884975409916448,0.04544155085198731,0.04233544073013118,0.03949350601805757,0.036884759008321444,0.03448342406359417,0.03226774807342103,0.030219149820734037,0.02832159501643461,0.02656112641688313,0.02492550344275596,0.02340392094783378,0.02198678638366819,0.020665540839086782,0.01943251357501491,0.018280802504898608,0.017204175037561553,0.016196985085904336,0.015254103050902301,0.014370856320785108,0.01354297837080315,0.012766564952479242,0.012038036173678018,0.01135410350867086,0.010711740958838034,0.010108159731024052,0.009540785913259103,0.009007240717666981,0.008505322934672044,0.008032993298310226,0.007588360511873338,0.007169668722436046,0.006775286263049324,0.00640369550908218,0.006053483716563404,0.005723334729855881,0.00541202145965182,0.0051183990464875595,0.0048413986363758515,0.00458002170327787,0.004333334862070284,0.004100465122258715,0.0038805955384318275,0.0036729612191818556,0.003476845659614869,0.0032915773671167298,0.0031165267535688823,0.002951103269389889,0.0027947527578887077,0.002646955010557797,0.0025072215056491515,0.002375093314748035,0.0022501391627767625,0.0021319536287609797,0.0020201554760186716,0.0019143861010578675,0.001814308091782929,0.0017196038862711954,0.001629974524507971,0.0015451384856343432,0.0014648306042363696,0.0013888010598719636,0.0013168144341915884,0.0012486488307033375,0.0011840950526172678,0.001122955834480948,0.0010650451238896144,0.0010101874095429751,0.000958217092403648,0.0009089778970601883,0.000862322320365861,0.0008181111148451575,0.0007762128044977341,0.000736503230740657,0.0006988651265778731,0.0006631877169908963,0.0006293663438302812,0.0005973021136724838,0.0005669015670430426,0.0005380763676710917,0.0005107430104284889,0.0004848225468300129,0.00046024032689210605,0.00043692575632937533,0.00041481206816358293,0.0003938361077831763,0.00037393813064329467,0.00035506161180652845,0.000337153066582635,0.00032016188162161535,0.0003040401557718895,0.0002887425501162024,0.00013711307333082396
0.04752955376233281,0.08270201550334066,0.07449836975758428,0.06786209854605696,0.06222359561069646,0.05731107913967759,0.052963930698565864,0.04907564904200534,0.045570309913353424,0.04239100915068028,0.03949350601805757,0.036842430580037666,0.03440887725502939,0.0321688023111526,0.03010191425256581,0.02819088034323325,0.026420743635443222,0.024778484660720634,0.023252685264333328,0.021833266271364116,0.020511279624814083,0.019278741450417136,0.01812849636607472,0.01705410599348789,0.0160497564639715,0.01511018100384609,0.014230594623246495,0.01340663861353858,0.012634333067396808,0.011910036011982345,0.011230408037094214,0.010592381522038757,0.009993133734225196,0.00943006320903722,0.008900768925657165,0.008403031877566552,0.007934798705752116,0.007494167114593581,0.007079372836513664,0.0066887779481486775,0.006320860369000758,0.005974204399369215,0.005647492174294069,0.005339495928414081,0.00504907097938144,0.004775149350730798,0.004516733965732725,0.00427289335134029,0.0040427567996706715,0.0038255099406163118,0.003620390684536623,0.0034266854993285634,0.0032437259893426107,0.0030708857478489032,0.002907577458048788,0.002753250219662662,0.002607387081025668,0.0024695027586210463,0.002339141527581065,0.002215875268897216,0.0020993016597510225,0.0019890424951493207,0.0018847421302859088,0.0017860660336360135,0.0016926994420145836,0.0016043461094477976,0.001520727142757177,0.0014415799169109345,0.0013666570641063212,0.0012957255311687801,0.0012285657000038232,0.0011649705664845099,0.001104744973516026,0.0010477048942777317,0.0009936767621757311,0.0009424968440283447,0.0008940106534577122,0.0008480724017850758,0.0008045444836976244,0.0007632969953475684,0.0007242072826721749,0.000687159517827711,0.0006520443019543531,0.0006187582924010084,0.0005872038528051491,0.0005572887245954214,0.0005289257184254367,0.0005020324242933586,0.0004765309390911774,0.00045234761053550634,0.00042941279635819694,0.0004076606378046084,0.0003870288465763344,0.0003674585043211519,0.0003488938739145027,0.0003312822217865236,0.0003145736506026224,0.00029872094169544443,0.00028367940660615,0.0002694067471870889,0.00012793146188873556
0.04438875967024869,0.07723733952002476,0.06957598856063107,0.0633783829280099,0.05811257772728817,0.0535247608205045,0.04946493357652926,0.04583363642990501,0.04255996510504845,0.03959077784001874,0.036884759008321444,0.03440887725502939,0.03213613816060956,0.030044087692187138,0.02811377595629505,0.026329016186610876,0.024675840318202302,0.02314208965929465,0.021717100953018875,0.02039146138905734,0.019156814485670026,0.0180057041923814,0.016931448171400132,0.015928033680988163,0.014990031197112619,0.014112522117603832,0.013291037769445069,0.0125215075761137,0.011800214717114177,0.011123757963343667,0.010489018644091547,0.00989313190868224,0.00933346160383533,0.008807578215335732,0.008313239420780771,0.00784837287865997,0.007411060943748882,0.006999527047306775,0.006612123523628499,0.006247320698748587,0.005903697083438131,0.005579930536759398,0.005274790285062905,0.0049871296982782615,0.004715879737248629,0.004460042998236199,0.004218688290656872,0.0039909456911792485,0.0037760020251049325,0.0035730967316934537,0.0033815180750970814,0.0032005996675644327,0.003029717274531364,0.0028682858751739523,0.0027157569550730343,0.0025716160095397567,0.002435380238860474,0.0023065964185864304,0.0021848389294862186,0.0020697079338464,0.001960827685429767,0.0018578449620563903,0.0017604276109292674,0.0016682631973710602,0.001581057748783761,0.0014985345862186805,0.001420433236926321,0.0013465084213997273,0.0012765291092741958,0.0012102776390273788,0.001147548896563471,0.0010881495483698461,0.001031897325269239,0.000978620353032117,0.0009281565266117155,0.0008803529247539826,0.0008350652621558,0.0007921573766476661,0.000751500748849436,0.000712974052114462,0.0006764627306969518,0.0006418586041749396,0.0006090594964637593,0.0005779688876726297,0.0005484955873056151,0.0005205534274693637,0.000494060974694701,0.0004689412592090141,0.0004451215204862493,0.00042253296809586366,0.000401110556802994,0.000380792775030692,0.00036152144587814523,0.000343241539856853,0.0003259009986391285,0.00030945056912217144,0.0002938436471615147,0.0002790361304114688,0.0002649862796729064,0.00025165458823674016,0.00011950182938345617
0.04149775335917205,0.07220724897968056,0.06504505242242886,0.0592512170206545,0.05432846273418135,0.05003951735405243,0.046244157093130345,0.04284940379762736,0.03978897376043722,0.037013188266221686,0.03448342406359417,0.0321688023111526,0.030044087692187138,0.028088289391018595,0.026283692374764356,0.024615164670727385,0.023069648419458577,0.02163577722149046,0.02030358265779353,0.019064265266870883,0.017910013077152453,0.016833855869303804,0.015829546715758924,0.014891464649277153,0.014014533913810967,0.013194156380144706,0.012426154528052707,0.011706722991557728,0.011032387108120267,0.010399967241183888,0.009806547899927492,0.009249450873777904,0.008726211747002804,0.00823455927791153,0.007772397218966054,0.007337788227481962,0.0069289395771026385,0.0065441904255812144,0.006182000434654555,0.005840939569814282,0.0055196789324017115,0.005216982499008288,0.004931699660567307,0.004662758469386324,0.004409159513489455,0.004169970349212793,0.00394432043227784,0.0037313964941837474,0.003530438318034651,0.0033407348732900494,0.003161620773600854,0.0029924730265643643,0.002832708046995272,0.0026817789090108485,0.002539172815101118,0.0024044087621313062,0.0022770353867568247,0.002156628974475522,0.002042791617938071,0.001935149512069391,0.0018333513741377525,0.001737066978455798,0.0016459857964792463,0.0015598157335779649,0.001478281954824686,0.001401125792685337,0.0013281037304122417,0.0012589864550767403,0.0011935579749714,0.001131614796655387,0.0010729651570471066,0.0010174283065333654,0.0009648338393774443,0.0009150210679341013,0.0008678384376449612,0.0008231429797781742,0.0007807997992699423,0.0007406815953085542,0.0007026682122758462,0.0006666462190036016,0.0006325085144145998,0.0006001539577086441,0.0005694870215370591,0.0005404174665322482,0.0005128600357909921,0.0004867341680613105,0.00046196372833053577,0.000438476754727404,0.0004162052206414281,0.00039508481114464665,0.0003750547127362629,0.00035605741557900167,0.0003380385274735741,0.00032094659878784647,0.000304732957681084,0.0002893515549718343,0.0002747588180454586,0.00026091351327545923,0.0002477766163981243,0.00023531119036208567,0.00011174113511319
0.03883033312836148,0.06756615887812556,0.06086450225180773,0.055443202581219486,0.05083696256798942,0.0468237701968498,0.04327242021899602,0.04009591440780835,0.037232232118708075,0.0346348897379144,0.03226774807342103,0.03010191425256581,0.02811377595629505,0.026283692374764356,0.02459508779317665,0.02303380342248823,0.02158762118615415,0.020245905677881315,0.018999329557816858,0.0178396592597726,0.016759585195167015,0.01575258538885993,0.014812814637821303,0.013935013439872745,0.013114432438206758,0.012346769183952638,0.011628114785644184,0.010954908571026573,0.010323899302312312,0.009732111793458342,0.009176818016099514,0.008655511962016554,0.008165887668279442,0.007705819922748408,0.007273347253486884,0.006866656874296911,0.006484071315202677,0.006124036509139036,0.005785111143765273,0.005465957117284842,0.005165330960188799,0.004882076105946501,0.004615115909951312,0.004363447330871378,0.0041261351989619055,0.003902307006723199,0.0036911481659744894,0.00349189768160367,0.003303844199060449,0.003126322387686689,0.002958709626351759,0.002800422962230549,0.002650916316148992,0.00250967791138286,0.0023762279054859725,0.0022501162063842325,0.0021309204563428885,0.0020182441690462932,0.0019117150063362176,0.0018109831829619047,0.001715719988241847,0.0016256164149849386,0.0015403818870306334,0.0014597430772442556,0.0013834428088048828,0.001311239033127614,0.0012429038786200657,0.0011782227645998518,0.0011169935754418228,0.0010590258905331107,0.0010041402657352573,0.0009521675625821721,0.0009029483217353543,0.0008563321774290207,0.0008121773100731589,0.0007703499341738772,0.0007307238190983004,0.0006931798404766886,0.00065760556000986,0.0006238948317709818,0.0005919474331954368,0.0005616687190374749,0.000532969296837299,0.0005057647223700654,0.0004799752137657834,0.00045552538313021855,0.00043234398444823123,0.00041036367675226053,0.0003895208015298277,0.00036975517351383116,0.00035100988393929524,0.0003332311154887538,0.00031636796822113577,0.0003003722957511728,0.00028519855106202367,0.00027080364134168117,0.0002571467912778876,0.0002441894143196425,0.00023189499138074905,0.0002202289565378327,0.0001045792946619069
0.03636411800511152,0.06327513136152496,0.05699926611340955,0.051922394679565276,0.047608788938055535,0.04385054546574596,0.04052479697186995,0.03755007388380349,0.03486829690896742,0.03243593641817666,0.030219149820734037,0.02819088034323325,0.026329016186610876,0.024615164670727385,0.02303380342248823,0.021571673397628166,0.020217332930872467,0.018960822447416925,0.01779340731036616,0.016707377146459368,0.01569588684075013,0.014752828838571319,0.01387272934835121,0.0130506630580971,0.012282182381616769,0.011563258239957824,0.010890230101423398,0.010259763524727322,0.009668813839115026,0.009114594883193688,0.008594551947154638,0.008106338232791083,0.007647794275194519,0.007216929874463401,0.006811908166173497,0.0064310315236516535,0.006072729038113622,0.005735545362459432,0.005418130739789764,0.005119232065764659,0.004837684855497293,0.00457240600544119,0.004322387255977195,0.004086689274307609,0.0038644362870075555,0.003654811201724964,0.0034570511656539515,0.00327044351420272,0.0030943220696523985,0.0029280637543088184,0.0027710854867476695,0.0026228413338427736,0.0024828198936919857,0.002350541887795668,0.002225557943361295,0.0021074465481637425,0.001995812162610258,0.0018902834751875208,0.0017905117886918773,0.00169616952633634,0.0016069488473395635,0.0015225603629581072,0.001442731944870601,0.0013672076182689452,0.0012957465329491366,0.0012281220061665064,0.0011641206318243336,0.0011035414506824284,0.00104619517696862,0.0009919034772515427,0.0009404982975478315,0.0008918212351319149,0.0008457229517908615,0.0008020626254647313,0.0007607074376203265,0.0007215320936982076,0.0006844183743175084,0.0006492547151712765,0.0006159358135225269,0.0005843622595112629,0.0005544401905811201,0.0005260809674136613,0.0004992008700064939,0.00047372081246390037,0.00044956607527219493,0.00042666605396430614,0.00040495402303238753,0.00038436691413590643,0.00036484510764415567,0.0003463322367114989,0.0003287750030271531,0.0003121230035111038,0.00029632856729589537,0.00028134660230782257,0.0002671344508694629,0.0002536517537528281,0.0002408603221538113,0.00022872401712719596,0.0002172086359910749,0.0002062818052814986,9.795643994184831e-5
0.0340797949421201,0.059300566029206525,0.05341907956936809,0.04866122722317345,0.044618668212608625,0.04109656667328443,0.03797977803649566,0.035191953438399426,0.0326786641161847,0.030399116458576292,0.02832159501643461,0.026420743635443222,0.024675840318202302,0.023069648419458577,0.02158762118615415,0.020217332930872467,0.018948061112327108,0.017770472121596492,0.016676380293106752,0.015658559843960862,0.014710595863110465,0.013826764639984446,0.013001936391663693,0.012231495340030402,0.01151127340537264,0.010837494710143503,0.010206728759334455,0.009615850652363117,0.009062007046174742,0.008542586859075413,0.008055195913741625,0.007597634876904513,0.0071678799745467925,0.006764066059336465,0.006384471682383097,0.006027505881652809,0.00569169644906431,0.005375679475523934,0.005078190006211986,0.0047980536647243,0.004534179124890375,0.004285551327612769,0.004051225354360144,0.0038303208819756435,0.0036220171525914724,0.003425548401944589,0.0032401996970106844,0.0030653031393052185,0.002900234396175677,0.0027444095268182103,0.002597282073592583,0.0024583403930425046,0.0023271052032998313,0.0022031273275880114,0.0020859856159013146,0.001975285028393038,0.0018706548660875275,0.001771747135961392,0.0016782350385879871,0.0015898115681234684,0.001506188214893532,0.0014270937621102472,0.0013522731691361471,0.001281486534131307,0.001214508129797575,0.001151125506376919,0.0010911386568137754,0.001034359239102587,0.0009806098514931125,0.0009297233566727299,0.0008815422511515812,0.0008359180765409244,0.0007927108696720239,0.0007517886486880457,0.000713026932623817,0.00067630829198039,0.0006415219281245294,0.0006085632795757995,0.0005773336532226801,0.0005477398787906724,0.0005196939849771223,0.0004931128957422377,0.0004679181454782227,0.0004440356117150473,0.00042139526421233753,0.00039993092941068356,0.0003795800691729504,0.0003602835729228336,0.0003419855622800493,0.00032463320744084354,0.00030817655449955506,0.00029256836302860544,0.0002777639532981586,0.0002637210624920885,0.0002503997093785621,0.00023776206690035665,0.0002257723421888293,0.00021439666356982707,0.00020360297410115542,0.00019336093124884242,9.18209061759915e-5
0.03196055281807919,0.0556132152301394,0.05009759874665143,0.045635705107437974,0.04184460075598373,0.038541572596470064,0.03561864042473528,0.03300420585499253,0.03064722671844433,0.02850944760601859,0.02656112641688313,0.024778484660720634,0.02314208965929465,0.02163577722149046,0.020245905677881315,0.018960822447416925,0.017770472121596492,0.016666101801716238,0.01564003510473594,0.014685495804216242,0.013796468091356873,0.0129675843499365,0.01219403393611504,0.011471488228656318,0.01079603844835314,0.010164143614970617,0.009572586640917313,0.009018437018906256,0.008499018902968558,0.008011883635212824,0.007554785966648714,0.007125663369551338,0.006722617952634347,0.006343900582091944,0.005987896882244298,0.005653114846022919,0.00533817383212512,0.005041794760588067,0.004762791349526993,0.004500062260442014,0.004252584038453924,0.004019404751201411,0.003799638243531772,0.003592458937333856,0.003397097114424444,0.0032128346293114063,0.003039001005805203,0.0028749698765439397,0.0027201557300997117,0.00257401093447069,0.0024360230093631724,0.002305712123263512,0.002182628793429564,0.0020663517697794703,0.001956486085869326,0.001852661261517917,0.0017545296435882915,0.0016617648727779918,0.0015740604653460971,0.0014911285001921806,0.0014126984021518053,0.0013385158135654565,0.0012683415470096902,0.0012019506124722815,0.0011391313130764621,0.0010796844038748477,0.001023422308939849,0.0009701683920812429,0.000919756277133147,0.0008720292141706915,0.0008268394881174486,0.0007840478666397248,0.0007435230844649483,0.0007051413614352318,0.0006687859519654785,0.0006343467235680987,0.0006017197624094694,0.0005708070040814067,0.0005415158877509468,0.000513759032115594,0.00048745393167764703,0.0004625226719208158,0.00043889166219075564,0.0004164913850213791,0.00039525616082808704,0.00037512392700505236,0.00035603603042369536,0.0003379370324951324,0.00032077452595199226,0.0003044989626450846,0.00028906349160060917,0.00027442380669783027,0.00026053800338687785,0.00024736644384339493,0.0002348716300520099,0.00022301808431700494,0.0002117722367350125,0.00020110231922482787,0.00019097826568264262,0.00018137161789430868,8.612771843813372e-5
