0.061341554748292504,0.08853751263311627,0.06965182501134537,0.0561530525202123,0.045894422063984086,0.03785205385732526,0.03142515574043192,0.02622144351472344,0.021967547633054696,0.01846450801328109,0.01556299560623553,0.013148352813930786,0.011130999540222897,0.009439987239738684,0.008018506034356748,0.006820659343761942,0.005809092046954789,0.0049532113079037154,0.004227829671528571,0.003612115667406504,0.003088772561244811,0.0026433891075826263,0.0022639217801030606,0.0019402787183252224,0.0016639831952080589,0.001427899826541519,0.0012260106855276898,0.0010532313965735708,0.0009052594602106702,0.0007784487093400669,0.0006697050587022857,0.0005763996836764713,0.0004962965236948343,0.00042749160196256693,0.0003683621247393392,0.0003175236989466151,0.0002737943076461689,0.00023616392491622971,0.00020376884767102452,0.00017586998116062447,0.0001518344447954392,0.00013111997140516883,0.00011326166054225926,9.786071860720105e-5,8.457487821064875e-5,7.311023871443313e-5,6.321431103481121e-5,5.467008406180845e-5,4.72909586967334e-5,4.091641946683095e-5,3.540833376255656e-5,3.064778561568608e-5,2.65323651174956e-5,2.2973846538610666e-5,1.9896198293882495e-5,1.7233876410868915e-5,1.4930360368360228e-5,1.2936896272672303e-5,1.1211417508016778e-5,9.717617391097382e-6,8.424152082120022e-6,7.303955178072441e-6,6.333648110137547e-6,5.4930327631779905e-6,4.764654693739065e-6,4.1334269926378986e-6,3.5863062644477244e-6,3.112013411948127e-6,2.7007929556158874e-6,2.34420550791955e-6,2.034948783148917e-6,1.766703175837568e-6,1.5339984995091225e-6,1.3320989558971197e-6,1.1569038156582884e-6,1.0048616433272471e-6,8.728962018820516e-7,7.583424318525203e-7,6.588911225944616e-7,5.725410852164685e-7,4.975578013044751e-7,4.324376631782651e-7,3.758770434868228e-7,3.267455366188497e-7,2.8406280487287224e-7,2.4697854009443317e-7,2.1475511839346552e-7,1.8675258339353288e-7,1.6241564315123352e-7,1.412624088691882e-7,1.2287464045439298e-7,1.0688929595819587e-7,9.299120946729556e-8,8.090674577606106e-8,7.039830072458753e-8,6.125953379336135e-8,5.3311234869926205e-8,4.639774033116315e-8,4.038382500243178e-8,3.5152006447903576e-8,1.530010329299186e-8
0.08853751263311627,0.12779696231653448,0.10054044188490208,0.08105790826799053,0.06625138572910982,0.054643324613571354,0.045366722857697606,0.03785547059157779,0.03171506043136341,0.026658363477737645,0.022469872468944274,0.018984114200124247,0.016071804883583785,0.013630548249547236,0.01157835202571278,0.00984897350181868,0.008388496779664245,0.007152765265337535,0.006105423518050643,0.0052164028486412495,0.004460736148433314,0.0038176209270414513,0.0032696720821234204,0.0028023214545451133,0.0024033321400223975,0.0020624033442245768,0.0017708472574809175,0.0015213236253235236,0.00130762083385327,0.0011244747074314887,0.0009674180368741438,0.0008326552621374834,0.0007169578290160249,0.0006175766000153689,0.0005321683800605902,0.0004587341595861591,0.0003955671116060485,0.0003412087285646669,0.00029441176764764387,0.00025410890296460355,0.0002193861704914979,0.00018946044530723793,0.00016366031693825552,0.0001414098327767229,0.00012221466560860452,0.00010565033276757358,9.135215380873078e-5,7.90066830583917e-5,6.834439474468585e-5,5.913343299163718e-5,5.117426795159968e-5,4.429512370488311e-5,3.834806402452549e-5,3.320563937118449e-5,2.875801303586442e-5,2.4910496639884983e-5,2.158143560626255e-5,1.8700394024198435e-5,1.6206595789668686e-5,1.4047585248108652e-5,1.2178075938476621e-5,1.0558960619715829e-5,9.156459652869063e-6,7.94138812700704e-6,6.88852494475778e-6,5.976069493805836e-6,5.1851735899742214e-6,4.499538132877152e-6,3.905065419670993e-6,3.389559347063544e-6,2.9424668305388726e-6,2.554654711701604e-6,2.2182172313735463e-6,1.9263098369320863e-6,1.6730056857074683e-6,1.453171714186928e-6,1.2623615798019331e-6,1.0967231569270553e-6,9.529185903291652e-7,8.280551864022987e-7,7.196256603342351e-7,6.254564618473986e-7,5.43663078470518e-7,4.7261136647804536e-7,4.108840903061476e-7,3.572519635777962e-7,3.1064858151139697e-7,2.701487180357288e-7,2.349495327070783e-7,2.043542946195306e-7,1.777582838455737e-7,1.5463657714998898e-7,1.345334644960064e-7,1.1705327718986279e-7,1.0185243820507333e-7,8.863257080919712e-8,7.713452375674373e-8,6.713319042427232e-8,5.843301576064655e-8,5.086409921984244e-8,2.213940709138255e-8
0.06965182501134537,0.10054044188490208,0.07909919048600123,0.06377297146284855,0.052124959665445614,0.042992932400545136,0.03569491316844853,0.029785601708339215,0.02495467708753063,0.020976280419634896,0.017680889325770888,0.014938337649745503,0.01264692559420505,0.010726103063473519,0.00911136986806435,0.007750614636313075,0.006601422534429857,0.005629055695445043,0.004804912950907833,0.004105338604197442,0.0035106901683387842,0.003004601339598345,0.0025733942108206107,0.0022056069441787826,0.001891611710398533,0.0016233038492215468,0.0013938476807497414,0.001197467700942579,0.001029276366510453,0.0008851315453004757,0.0007615181403488724,0.0006554495015395987,0.0005643851005206028,0.0004861616214867793,0.00041893515570241846,0.0003611326138728997,0.0003114108118950163,0.0002686219601945516,0.00023178450937126008,0.0002000584855802708,0.0001727245965490419,0.000149166509990696,0.00012885580550862485,0.00011133918301691305,9.622757840761927e-5,8.318689342568311e-5,7.193009342240067e-5,6.221046556885131e-5,5.381586263864067e-5,4.6563784671327596e-5,4.029717363603384e-5,3.488081537418868e-5,3.019825920378696e-5,2.6149179152024538e-5,2.264711223238646e-5,1.961751885276575e-5,1.6996118627259733e-5,1.4727461793824774e-5,1.2763702310393218e-5,1.1063543692715265e-5,9.5913328849255e-6,8.316281058838739e-6,7.211793300508775e-6,6.254891750896892e-6,5.425718992427007e-6,4.7071103700158145e-6,4.084225555539724e-6,3.544231045992402e-6,3.0760264695136425e-6,2.6700085843699904e-6,2.3178677206417707e-6,2.0124121556277426e-6,1.7474165488381356e-6,1.5174911061263155e-6,1.3179686094471638e-6,1.144806848466428e-6,9.94504334189351e-7,8.640274697919276e-7,7.507476069544159e-7,6.523866340846486e-7,5.669699299879338e-7,4.927856774939432e-7,4.2834967032398816e-7,3.7237486547540043e-7,3.2374503625277016e-7,2.814919694877679e-7,2.4477572655966856e-7,2.128675535931861e-7,1.8513508270729128e-7,1.6102951506822665e-7,1.4007451849317079e-7,1.2185660872431078e-7,1.0601681480514773e-7,9.224345601406183e-8,8.026588118737862e-8,6.984904140318945e-8,6.07887844279061e-8,5.290777437433053e-8,4.605195300782305e-8,4.00874703913051e-8,1.7449011137255548e-8
0.0561530525202123,0.08105790826799053,0.06377297146284855,0.05141743251769615,0.0420269741445598,0.03466473040195073,0.02878095875228459,0.024016699601123237,0.020121799167471643,0.016914187977455364,0.014257209178256625,0.012045930936453703,0.010198368254636103,0.008649585101846352,0.0073475835227063135,0.006250352464837086,0.005323697546234227,0.004539613081764482,0.0038750404676906464,0.0033109079233274857,0.0028313789805671993,0.002423258350925661,0.0020755180936967293,0.0017789168556052865,0.001525691874432137,0.0013093083945943003,0.0011242547497452467,0.0009658740304307363,0.0008302252474286405,0.0007139684094494177,0.0006142690882390573,0.0005287189354603299,0.00045526931033783476,0.0003921757227374513,0.0003379512278204712,0.00029132725199887497,0.00025122060513554055,0.00021670565535252765,0.0001869908221787532,0.00016139868944023937,0.0001393491581746227,0.00012034515728141185,0.00010396050969604508,8.982961792260028e-5,7.763868734155443e-5,6.711825103894041e-5,5.803679755939312e-5,5.019533435415336e-5,4.3422745918564104e-5,3.7571827543684535e-5,3.2515893994534864e-5,2.8145877874080432e-5,2.4367845414954153e-5,2.110086839315228e-5,1.8275200088749602e-5,1.5830711015533765e-5,1.3715546741561665e-5,1.1884975709732095e-5,1.0300399700680058e-5,8.928503604237501e-6,7.740524574537729e-6,6.71162355061488e-6,5.820344593743116e-6,5.048149595937969e-6,4.379017708113601e-6,3.79910036589666e-6,3.2964240977235363e-6,2.8606344136934163e-6,2.4827750283622216e-6,2.1550974858572253e-6,1.8708969529790474e-6,1.624370543728591e-6,1.410495050672356e-6,1.2249213970112642e-6,1.0638834997858328e-6,9.24119557028638e-7,8.028040490608593e-7,6.97488982059508e-7,6.060531061630241e-7,5.266580162754243e-7,4.5771019468835255e-7,3.978281844565791e-7,3.4581419439135523e-7,3.00629532512577e-7,2.6137334776015334e-7,2.2726423107785745e-7,1.9762428834168847e-7,1.7186535065186034e-7,1.4947703307978036e-7,1.3001639238981746e-7,1.1309896812974966e-7,9.839102082497559e-8,8.560280627044712e-8,7.448274671367986e-8,6.48123785807222e-8,5.640197264347564e-8,4.90867365886242e-8,4.272352208734023e-8,3.7187968942884484e-8,3.237202797269035e-8,1.4090906059578015e-8
0.045894422063984086,0.06625138572910982,0.052124959665445614,0.0420269741445598,0.03435216216351822,0.02833490264949723,0.023525935852401536,0.019631911644103828,0.016448397025106365,0.013826598199793927,0.011654833138237425,0.009847346000016716,0.008337133562029475,0.007071125449403748,0.006006824689141918,0.0051098959866126975,0.00435239218636517,0.003711423867187272,0.003168144669231321,0.0027069665467487417,0.0023149456104073554,0.0019812965795549045,0.0016970055457386987,0.0014545187955438653,0.001247491097491251,0.0010705809073402184,0.0009192828938187174,0.000789790362960674,0.0006788817875614996,0.0005838268806291069,0.0005023085950484878,0.0004323581600724942,0.0003723008328859155,0.00032071048942434836,0.00027637153122886914,0.00023824686589907825,0.00020545094361846834,0.00017722701317402553,0.00015292790747584379,0.0001319997876299524,0.00011396837176922726,9.842725447099321e-5,8.502798803245479e-5,7.34716508522088e-5,6.350167277359019e-5,5.48977242925163e-5,4.747050730804657e-5,4.105731073105823e-5,3.551821569876322e-5,3.073285306637037e-5,2.6597630875881107e-5,2.302336212686929e-5,1.9933233785425616e-5,1.7261066919180724e-5,1.494982539114166e-5,1.295033691791909e-5,1.1220195692665432e-5,9.722820339826734e-6,8.426644837704274e-6,7.304423333993399e-6,6.33263256589526e-6,5.490957972458348e-6,4.761851605374019e-6,4.130151663681643e-6,3.582754944410311e-6,3.108334751506352e-6,2.697097873532065e-6,2.340575151176029e-6,2.0314409360928763e-6,1.7633574090203787e-6,1.5308402951683071e-6,1.3291430035710992e-6,1.1541566356588902e-6,1.0023236667598146e-6,8.705634121162405e-7,7.562076525658856e-7,6.569450218271499e-7,5.707729518595508e-7,4.959561396779908e-7,4.3099064281390244e-7,3.745728340456467e-7,3.2557255216428486e-7,2.830098770607363e-7,2.4603503589702567e-7,2.139110149591472e-7,1.8599851010091878e-7,1.6174289886161297e-7,1.406629607176623e-7,1.2234110919442923e-7,1.0641493180625297e-7,9.256986149359978e-8,8.053282722028074e-8,7.006675204982022e-8,6.096578484728357e-8,5.30511671753938e-8,4.61676502403106e-8,4.018038824257664e-8,3.49722444163314e-8,3.044145460927385e-8,2.649960068154072e-8,1.1534926205929565e-8
0.03785205385732526,0.054643324613571354,0.042992932400545136,0.03466473040195073,0.02833490264949723,0.023372063101321228,0.019405718513442027,0.01619394902297211,0.013568161702095849,0.01140564744088124,0.009614302058861685,0.008123401988188256,0.006877688505368157,0.005833393051454208,0.004955466820437515,0.004215591894668191,0.0035907186635298904,0.0030619686758983564,0.002613797863454087,0.0022333493741832633,0.0019099470844106264,0.0016346951707382068,0.0014001587559885759,0.0012001072790186716,0.0010293069030502117,0.0008833516166669268,0.0007585251124269162,0.0006516873226042122,0.0005601808343752637,0.00048175342303700096,0.0004144937197704257,0.0003567776311367331,0.0003072235955955231,0.00026465513007878187,0.00022806941042924442,0.0001966108610629005,0.00016954891469308153,0.00014625925217667205,0.00012620795342792052,0.00010893808852189537,9.405835822989014e-5,8.123345889455972e-5,7.017590052332519e-5,6.063905149418644e-5,5.241122005668515e-5,4.5310613364335354e-5,3.9181040156545735e-5,3.388824435206499e-5,2.9316774492360695e-5,2.5367308755960133e-5,2.1954367659967114e-5,1.900435697767158e-5,1.645389215323745e-5,1.4248362877817384e-5,1.2340702714439596e-5,1.0690333915429264e-5,9.262262025842193e-6,8.026298633227882e-6,6.95639381526804e-6,6.030062549932215e-6,5.22789165120904e-6,4.533115753428698e-6,3.9312525322789425e-6,3.409788768799727e-6,2.9579100724282033e-6,2.5662681105750507e-6,2.22678007334983e-6,1.9324558532022193e-6,1.6772490631015275e-6,1.4559285666538616e-6,1.2639676638282655e-6,1.0974484791290235e-6,9.529794443628744e-7,8.276240638786553e-7,7.18839404154138e-7,6.244229670552955e-7,5.424667932020051e-7,4.7131780237197625e-7,4.0954351558349436e-7,3.5590242215452925e-7,3.093183568749349e-7,2.6885834000697293e-7,2.3371340834275815e-7,2.0318203029956279e-7,1.7665575400624618e-7,1.5360678544940862e-7,1.335772351483866e-7,1.1616980762167909e-7,1.0103973865794884e-7,8.788781201057635e-8,7.64543099930593e-8,6.6513772252745e-8,5.787045404614729e-8,5.035439005065777e-8,4.381798247475669e-8,3.813304319358399e-8,3.318822912736816e-8,2.8886818273223805e-8,2.5144780873008272e-8,2.1889106328353995e-8,9.5281758821881e-9
0.03142515574043192,0.045366722857697606,0.03569491316844853,0.02878095875228459,0.023525935852401536,0.019405718513442027,0.016112751852084328,0.013446211565753263,0.011266143071073986,0.009470680632662404,0.007983364192107184,0.006745482171680223,0.005711160738727655,0.0048440643843231795,0.004115096173498964,0.003500746762318721,0.00298188028547626,0.0025428235923928635,0.0021706716186683725,0.0018547501542756847,0.0015861953902516768,0.0013576215069243287,0.00116285556285263,0.0009967244520033731,0.0008548825689173659,0.0007336715937303687,0.000630005826714115,0.0005412779916655185,0.00046528154212904793,0.00040014634804162556,0.00034428528614678135,0.0002963497561443351,0.00025519253311558424,0.0002198366720308053,0.0001894494215210962,0.000163320296310348,0.00014084261167147602,0.00012149790714458897,0.00010484278710462059,9.049778726571197e-5,7.813794272046944e-5,6.748478762421133e-5,5.829956143820511e-5,5.037743360093087e-5,4.3542589037048234e-5,3.764404227852647e-5,3.255206904380294e-5,2.815516167436929e-5,2.435742950306671e-5,2.107637750098883e-5,1.8241006840553572e-5,1.579018965716932e-5,1.3671277558180092e-5,1.1838909557732778e-5,1.0253990282875014e-5,8.882813660367477e-6,7.69631098817189e-6,6.669405423095974e-6,5.78045756572457e-6,5.010789076443097e-6,4.344273164757549e-6,3.7669824215048013e-6,3.266885846116749e-6,2.833588098674927e-6,2.4581050110389837e-6,2.1326702477730058e-6,1.8505687392640828e-6,1.605993133167632e-6,1.393920044965962e-6,1.2100033449637038e-6,1.0504821095624144e-6,9.121011994562627e-7,7.92042714148938e-7,6.87866817778453e-7,5.974606421704255e-7,5.189941536256913e-7,4.5088202533787605e-7,3.9175069062833736e-7,3.4040986655285264e-7,2.958279359805448e-7,2.571106608251259e-7,2.2348277184538963e-7,1.9427204314914758e-7,1.688955133151762e-7,1.4684756153640782e-7,1.2768958715130474e-7,1.1104107531696979e-7,9.657186130772278e-8,8.399543146460414e-8,7.306312092064671e-8,6.355908721368253e-8,5.5295955345336567e-8,4.811104400407862e-8,4.1863094890572485e-8,3.642943765588941e-8,3.170353207144146e-8,2.7592836933390512e-8,2.401696201032159e-8,2.090606521799649e-8,1.8199462296105723e-8,7.92221032845344e-9
0.02622144351472344,0.03785547059157779,0.029785601708339215,0.024016699601123237,0.019631911644103828,0.01619394902297211,0.013446211565753263,0.011221145987655667,0.009401983497545285,0.007903733422854997,0.006662601495323911,0.005629601372315288,0.004766457560469117,0.004042852673688216,0.003434508724818097,0.0029218096877711014,0.0024887885433260495,0.0021223674103610646,0.00181177800019907,0.0015481133882523333,0.0013239772150703336,0.00113320634149296,0.0009706496538035639,0.0008319903103928099,0.000713601952041263,0.0006124317106982347,0.0005259045350800452,0.0004518445942339102,0.00038841045016944215,0.00033404139447810056,0.0002874128826166871,0.0002473994155302228,0.00021304354247833612,0.00018352991361564623,0.00015816351225851882,0.00013635135713722197,0.00011758709339121419,0.00010143799441574963,8.753398039280285e-5,7.555832733722014e-5,6.523979598165378e-5,5.634595530565464e-5,4.8677512896524414e-5,4.2063495163273726e-5,3.635714590711982e-5,3.14324329156356e-5,2.718106982926025e-5,2.3509975175336323e-5,2.0339102709527972e-5,1.7599587444800898e-5,1.5232160334818616e-5,1.3185791792082017e-5,1.1416530284320077e-5,9.886507367740072e-6,8.563084827052181e-6,7.418123233918515e-6,6.4273543183914785e-6,5.569842157758989e-6,4.827520398306329e-6,4.184794605361625e-6,3.6282004295595186e-6,3.1461096353433657e-6,2.72847719151914e-6,2.36662360640026e-6,2.0530475284262923e-6,1.7812643478861258e-6,1.5456671460062718e-6,1.3414068582229404e-6,1.16428896467289e-6,1.0106844019624157e-6,8.77452716205068e-7,7.618757567489135e-7,6.616004493516703e-7,5.745893925387791e-7,4.99078196935858e-7,4.3353863809485153e-7,3.7664682303303433e-7,3.272556819606445e-7,2.84371192134435e-7,2.471318230315389e-7,2.14790762638165e-7,1.8670054536296295e-7,1.6229975443768847e-7,1.4110151656072417e-7,1.2268354534613285e-7,1.0667952350140128e-7,9.277164236242468e-8,8.068414223287265e-8,7.017771829741004e-8,6.104467532721824e-8,5.310473024700007e-8,4.620137536321968e-8,4.019872687406938e-8,3.497879348401784e-8,3.0439108772299065e-8,2.649067856905965e-8,2.305620117511467e-8,2.006852394364228e-8,1.7469304647303928e-8,1.5207850304983872e-8,6.620054905932865e-9
0.021967547633054696,0.03171506043136341,0.02495467708753063,0.020121799167471643,0.016448397025106365,0.013568161702095849,0.011266143071073986,0.009401983497545285,0.007877866324515093,0.006622594709645796,0.005582727604911145,0.004717228304291124,0.003994032437261499,0.0033877420724449936,0.0028780184660237296,0.0024484282154057027,0.002085594729190822,0.0017785616986800354,0.001518307620363802,0.0012973703189218186,0.001109553084051057,0.0009496923378818876,0.0008134723379585596,0.0006972762703364374,0.0005980657934941212,0.0005132830310743131,0.00044077042162243667,0.0003787048745549186,0.0003255434605761477,0.00027997845432436996,0.0002408999983222141,0.00020736500577524155,0.0001785711913240293,0.0001538353321981654,0.00013257503091270578,0.00011429338498286255,9.856607674015071e-5,8.503048290823016e-5,7.337647373218867e-5,6.333862841650462e-5,5.4689640113199985e-5,4.7234721802119867e-5,4.0806855720881634e-5,3.5262754832110325e-5,3.0479426162581167e-5,2.6351243578467704e-5,2.2787452289732763e-5,1.971003964675971e-5,1.7051917050415013e-5,1.4755366375732355e-5,1.2770711503104157e-5,1.1055181594192722e-5,9.571937829460676e-6,8.289239609651864e-6,7.179729835613636e-6,6.2198219319649156e-6,5.389173863069014e-6,4.67023657640382e-6,4.047866160980407e-6,3.5089905835133223e-6,3.0423231994040708e-6,2.638116373510611e-6,2.2879495124201806e-6,1.9845466333688594e-6,1.7216192974029232e-6,1.4937313332775005e-6,1.2961822902510761e-6,1.1249069941299626e-6,9.763889548219896e-7,8.475856929422898e-7,7.358643261332912e-7,6.389459899182335e-7,5.54857868469709e-7,4.81891782445223e-7,4.1856842857919344e-7,3.636064920335955e-7,3.1589596120246107e-7,2.7447506790299044e-7,2.385103558880758e-7,2.0727944955165223e-7,1.8015615386654654e-7,1.5659756747916323e-7,1.3613293476200576e-7,1.1835400025015848e-7,1.0290666141280047e-7,8.948374367123672e-8,7.781874563405799e-8,6.768042332176646e-8,5.886810002478364e-8,5.1207603902185784e-8,4.454774871433946e-8,3.875728459148957e-8,3.3722255648601544e-8,2.934370980850886e-8,2.5535713594063344e-8,2.2223631024252974e-8,1.9342631266793754e-8,1.6836394463034193e-8,1.4655989252853531e-8,1.2758899090535798e-8,5.554088759370741e-9
0.01846450801328109,0.026658363477737645,0.020976280419634896,0.016914187977455364,0.013826598199793927,0.01140564744088124,0.009470680632662404,0.007903733422854997,0.006622594709645796,0.0055674258438044855,0.004693310955773841,0.003965759388890086,0.003357821309903461,0.002848149744540479,0.002419649779182846,0.0020585088200838556,0.0017534834508268413,0.0014953644631032562,0.001276568835960893,0.001090824163416628,0.0009329216733978511,0.0007985209594538328,0.0006839942431835448,0.000586301220620913,0.0005028878201377134,0.00043160382759641763,0.0003706355196163077,0.0003184503207529412,0.00027375115507240633,0.0002354386580850614,0.00020257979428523355,0.00017438171840612228,0.00015016994672881505,0.00012937008408530487,0.00011149249397073837,9.611941208120616e-5,8.289409403161607e-5,7.151166077032519e-5,6.17113641529245e-5,5.327004301158302e-5,4.599657912646442e-5,3.972719452816455e-5,3.4321457880195916e-5,2.9658889400400448e-5,2.5636071722152194e-5,2.216418899794574e-5,1.9166928927655648e-5,1.6578692706943783e-5,1.4343066513443023e-5,1.2411515359279544e-5,1.0742266185077533e-5,9.299352150300721e-6,8.051794344554077e-6,6.972900746654917e-6,6.0396652944931354e-6,5.232252493414692e-6,4.533555162079345e-6,3.928814752833228e-6,3.405295240919764e-6,2.952002900877172e-6,2.559445410172626e-6,2.2194246766996226e-6,1.92485859945998e-6,1.6696276639736594e-6,1.4484428644903601e-6,1.2567319485619306e-6,1.0905414096845252e-6,9.464520204299609e-7,8.215060128322801e-7,7.131442812242427e-7,6.191522123385521e-7,5.376129443546706e-7,4.668670251954002e-7,4.0547758479580246e-7,3.522002601125642e-7,3.0595721784397287e-7,2.6581471121900266e-7,2.3096368560895769e-7,2.0070301498188373e-7,1.7442500918396154e-7,1.5160288178284238e-7,1.3177991099430564e-7,1.145600631076509e-7,9.959987946308133e-8,8.660145538395901e-8,7.530636297848795e-8,6.5490389956725e-8,5.6958984101316703e-8,4.95433080589502e-8,4.309682212327386e-8,3.7492323852688755e-8,3.2619383044886415e-8,2.8382118922520365e-8,2.4697273576233136e-8,2.1492541933449547e-8,1.8705123882096224e-8,1.628046881872901e-8,1.417118689661332e-8,1.233610470749747e-8,1.0739446127709782e-8,4.675060823208412e-9
0.01556299560623553,0.022469872468944274,0.017680889325770888,0.014257209178256625,0.011654833138237425,0.009614302058861685,0.007983364192107184,0.006662601495323911,0.005582727604911145,0.004693310955773841,0.0039564964617940235,0.0033432151307335733,0.00283075320697021,0.0024011189255908894,0.0020399041070917542,0.0017354668920296912,0.0014783307261825654,0.0012607335028872839,0.0010762836924172146,0.0009196943832117908,0.0007865751293087246,0.0006732673794877901,0.0005767132216391406,0.0004943499024255716,0.0004240244989965388,0.0003639244916563908,0.00031252098516013505,0.00026852206366394064,0.00023083431609125134,0.000198530986245179,0.00017082552163888995,0.00014704954182736575,0.0001266344393663051,0.00010909597763160634,9.402136921602311e-5,8.105841376891318e-5,6.99063503637595e-5,6.030814080025624e-5,5.204394992616105e-5,4.492562941159014e-5,3.879204433644213e-5,3.350510894004294e-5,2.8946420064798555e-5,2.501439512292837e-5,2.1621836537163205e-5,1.869385716586207e-5,1.6166111656990803e-5,1.3983287367776512e-5,1.2097815754020489e-5,1.0468771210824689e-5,9.060929442936485e-6,7.843961724468291e-6,6.7917450066523404e-6,5.881770868543037e-6,5.09463886479531e-6,4.413621986467471e-6,3.824293780952415e-6,3.314208226516869e-6,2.8726247696177096e-6,2.4902720492453798e-6,2.1591447780887257e-6,1.8723290566763145e-6,1.623852081730106e-6,1.4085527935000625e-6,1.2219705046619868e-6,1.0602489778014767e-6,9.200537811294332e-7,7.985010612202976e-7,6.930961365696506e-7,6.016805420651652e-7,5.223863480473003e-7,4.535967436072031e-7,3.9391201593154885e-7,3.421201792612166e-7,2.9717161161314844e-7,2.581571469543949e-7,2.2428914756853638e-7,1.9488514745171086e-7,1.6935371429057088e-7,1.47182226446957e-7,1.2792630332184403e-7,1.1120066354735636e-7,9.667121656407042e-8,8.404821981754102e-8,7.308035686930407e-8,6.354961154294555e-8,5.526683028539619e-8,4.806787967388529e-8,4.181031867178841e-8,3.637051620211431e-8,3.164115402888503e-8,2.752906309832541e-8,2.395334851848583e-8,2.0843764420784067e-8,1.8139305194198604e-8,1.5786984103674056e-8,1.3740774217628881e-8,1.1960689947946885e-8,1.041199042230841e-8,9.06448843618915e-9,3.94597545692388e-9
0.013148352813930786,0.018984114200124247,0.014938337649745503,0.012045930936453703,0.009847346000016716,0.008123401988188256,0.006745482171680223,0.005629601372315288,0.004717228304291124,0.003965759388890086,0.0033432151307335733,0.002825038185546677,0.002392039891397746,0.0020290205821236335,0.0017238079166270043,0.0014665664903225975,0.0012492901235126239,0.0010654209945492807,0.0009095591500072435,0.0007772378307707509,0.0006647476299230376,0.0005689974664019621,0.0004874037018811322,0.0004178010315711647,0.00035837039873964135,0.000307580341852888,0.00026413902694364007,0.00022695484067988565,0.00019510388568154836,0.00016780307236943272,0.00014438777164494125,0.00012429320119156746,0.00010703888066943869,9.22156187221706e-5,7.947459564878892e-5,6.85181859713742e-5,5.909222951554151e-5,5.097951142356955e-5,4.399425348670873e-5,3.797745326772936e-5,3.2792935301626425e-5,2.8324001461825163e-5,2.4470586318988438e-5,2.1146838777026775e-5,1.827906404590704e-5,1.5803970621322896e-5,1.3667175756139382e-5,1.1821930252065368e-5,1.0228029539574872e-5,8.850883148855829e-6,7.66071898031462e-6,6.631902400468665e-6,5.742353229665055e-6,4.9730462533193116e-6,4.307583050617347e-6,3.7318247611322828e-6,3.233576956114775e-6,2.802319090304863e-6,2.428972119232244e-6,2.105698809987084e-6,1.8257320723722968e-6,1.583227318683396e-6,1.3731354392303624e-6,1.1910934737823737e-6,1.0333304797607635e-6,8.965864566530489e-7,7.780424925377393e-7,6.752605598409147e-7,5.861316113808792e-7,5.088308189853211e-7,4.4177896055086413e-7,3.836091016686926e-7,3.331378380760378e-7,2.893404680868994e-7,2.5132955253614145e-7,2.18336395440475e-7,1.896950436960493e-7,1.6482845999188246e-7,1.432365710497805e-7,1.2448593460502107e-7,1.0820080399425842e-7,9.40553997070008e-8,8.1767223548907e-8,7.109127361164847e-8,6.181503773523794e-8,5.375415990509924e-8,4.6748688445018005e-8,4.065982733435816e-8,3.536712268935678e-8,3.076602571682046e-8,2.6765781412081068e-8,2.3287599171828645e-8,2.0263067431917193e-8,1.7632779566776005e-8,1.5345142722528205e-8,1.335534507739431e-8,1.1624460330967086e-8,1.0118671079869341e-8,8.808595202709512e-9,7.668701513852949e-9,3.338401395043129e-9
0.011130999540222897,0.016071804883583785,0.01264692559420505,0.010198368254636103,0.008337133562029475,0.006877688505368157,0.005711160738727655,0.004766457560469117,0.003994032437261499,0.003357821309903461,0.00283075320697021,0.002392039891397746,0.0020254376525381396,0.0017180794367444227,0.0014596608165559043,0.0012418555922482331,0.0010578860239215913,0.000902200433885704,0.0007702273105127388,0.0006581851233924355,0.0005629334733077748,0.00048185540586568286,0.0004127635477720968,0.0003538246743483471,0.0003034986873980102,0.0002604889636721895,0.00022370174834201312,0.00019221279512422534,0.00016523984921750206,0.0001421198677867921,0.00012229010129029402,0.00010527233542560396,9.065973100595638e-5,7.810580712787189e-5,6.731519842914733e-5,5.803588527421278e-5,5.0052650205922606e-5,4.318155785308837e-5,3.726529100755093e-5,3.216920443702988e-5,2.777798154701542e-5,2.3992798304877684e-5,2.0728914702834006e-5,1.7913627121531506e-5,1.5484525770374357e-5,1.3388010362870258e-5,1.1578024647408588e-5,1.0014976630563018e-5,8.664816527502862e-6,7.498248821015998e-6,6.4900584557754854e-6,5.61853425683544e-6,4.864975235482051e-6,4.213267617320091e-6,3.649522258047049e-6,3.161763658724424e-6,2.7396631014996284e-6,2.37430953505344e-6,2.058012778078996e-6,1.7841344075060958e-6,1.546942374608302e-6,1.3414859690000263e-6,1.1634882406481662e-6,1.0092534074990387e-6,8.755871324823972e-7,7.59727857325659e-7,6.592876400616105e-7,5.722011643060099e-7,4.966817779969935e-7,4.311835812114794e-7,3.7436872119155703e-7,3.2507917147719846e-7,2.8231237377093437e-7,2.4520020828967903e-7,2.1299083320023987e-7,1.850329978128074e-7,1.6076248934885178e-7,1.3969042040368414e-7,1.2139310481433217e-7,1.0550330462174908e-7,9.170266083954837e-8,7.97151465627032e-8,6.930140321592355e-8,6.025383983599381e-8,5.239239178960872e-8,4.556084951953973e-8,3.962368012371672e-8,3.4463275130842053e-8,2.99775669082014e-8,2.6077963987419607e-8,2.2687562338790465e-8,1.9739595467953943e-8,1.717609123939333e-8,1.4946707673419493e-8,1.3007723720222302e-8,1.132116425145863e-8,9.854041311847852e-9,8.577696092351203e-9,7.467228174850076e-9,6.501000408086749e-9,2.830104668560385e-9
0.009439987239738684,0.013630548249547236,0.010726103063473519,0.008649585101846352,0.007071125449403748,0.005833393051454208,0.0048440643843231795,0.004042852673688216,0.0033877420724449936,0.002848149744540479,0.0024011189255908894,0.0020290205821236335,0.0017180794367444227,0.0014573836315179799,0.001238194440470599,0.0010534507061882512,0.0008974044002223458,0.0007653472314938601,0.0006534021265478269,0.0005583619520402785,0.0004775632885204179,0.00040878663059017856,0.00035017678843084037,0.0003001789189067527,0.00025748677661609643,0.00022100060723880596,0.00018979271112132918,0.00016307915212087753,0.00014019642126757983,0.00012058211799082777,0.00010375890546729643,8.932114630079706e-5,7.692374137053398e-5,6.627278630918728e-5,5.7117732522124964e-5,4.924479735462736e-5,4.247141423138019e-5,3.6641550777387474e-5,3.162175305433722e-5,2.7297798513538948e-5,2.35718602347522e-5,2.036010138692189e-5,1.7590632299466745e-5,1.520177362936381e-5,1.314057828028344e-5,1.136157234730135e-5,9.8256816890114e-6,8.49931600097742e-6,7.353586672305119e-6,6.363638393625486e-6,5.508077576167782e-6,4.768483238757487e-6,4.128988202710401e-6,3.5759202764799723e-6,3.097494664460666e-6,2.6835501458563756e-6,2.325322679860007e-6,2.0152510334071015e-6,1.7468098242119954e-6,1.514366048976506e-6,1.3130557403863048e-6,1.1386778858024213e-6,9.876031562692765e-7,8.566953485660258e-7,7.432437451279559e-7,6.449048542460635e-7,5.596522130273017e-7,4.857331232230528e-7,4.216313508757422e-7,3.6603495808686105e-7,3.1780855271062957e-7,2.759693425225511e-7,2.396664667083903e-7,2.0816315143141318e-7,1.808212997248132e-7,1.570881803147918e-7,1.3648492675891404e-7,1.1859659841426027e-7,1.030635891849512e-7,8.957419967313545e-8,7.785821382844699e-8,6.76813430973444e-8,5.884041996439376e-8,5.115923897753974e-8,4.44849573544597e-8,3.868497930740804e-8,3.364425858486896e-8,2.926296268717452e-8,2.5454449910487837e-8,2.2143517034139356e-8,1.926488118920699e-8,1.6761864404085258e-8,1.4585253591364058e-8,1.2692312424733672e-8,1.1045924742477524e-8,9.613851860714605e-9,8.368088557186784e-9,7.284304539130084e-9,6.341359980861237e-9,5.52088525251015e-9,2.4034581436190673e-9
0.008018506034356748,0.01157835202571278,0.00911136986806435,0.0073475835227063135,0.006006824689141918,0.004955466820437515,0.004115096173498964,0.003434508724818097,0.0028780184660237296,0.002419649779182846,0.0020399041070917542,0.0017238079166270043,0.0014596608165559043,0.001238194440470599,0.0010519861679472164,0.000895038228891757,0.0007624681739578729,0.0006502766738440153,0.0005551704155795315,0.00047442512265883155,0.00040577834505935856,0.0003473446938625467,0.00029754823347704663,0.00025506814856763194,0.00021879478983155912,0.00018779390937534012,0.00016127741077961479,0.00013857931865275848,0.00011913595659936204,0.00010246953756548171,8.817453512928257e-5,7.590633140816777e-5,6.537173630643579e-5,5.6321050646471194e-5,4.8541407259920376e-5,4.185117311775546e-5,3.609523483205559e-5,3.1141021444795096e-5,2.6875144005251506e-5,2.3200552218669034e-5,2.0034125408853866e-5,1.730462893855683e-5,1.4950978657681381e-5,1.292076537448523e-5,1.1168999134586547e-5,9.65703956258714e-6,8.351683896322957e-6,7.224388821891307e-6,6.250605961647629e-6,5.409213998752165e-6,4.682033047736416e-6,4.053409086670216e-6,3.509858120952019e-6,3.0397613133325416e-6,2.6331036336045666e-6,2.281249695471853e-6,1.9767513913133148e-6,1.7131827340900144e-6,1.4849979922166156e-6,1.2874097784880412e-6,1.1162842415380494e-6,9.68050923971269e-7,8.396252044728044e-7,7.28341542026261e-7,6.318959970205944e-7,5.482967228573313e-7,4.7582130863849467e-7,4.129800129180177e-7,3.5848406514985976e-7,3.1121832816140136e-7,2.7021771481090536e-7,2.3464683758272628e-7,2.037824431941929e-7,1.7699824708686689e-7,1.5375183661855079e-7,1.3357335795877025e-7,1.1605574143743482e-7,1.0084625419400254e-7,8.76391982337397e-8,7.616959721213701e-8,6.620773691159507e-8,5.7554442988810595e-8,5.0036995623407986e-8,4.350559446414478e-8,3.7830299169923056e-8,3.289838107427048e-8,2.8612030306418663e-8,2.4886370315192574e-8,2.1647738283038957e-8,1.88321955777322e-8,1.63842372527206e-8,1.4255673820413558e-8,1.2404662150301922e-8,1.0794865475001305e-8,9.394725196517911e-9,8.17682951930327e-9,7.117365957366292e-9,6.1956465073237375e-9,5.393695785376394e-9,4.695893731494887e-9,2.0443328055106195e-9
0.006820659343761942,0.00984897350181868,0.007750614636313075,0.006250352464837086,0.0051098959866126975,0.004215591894668191,0.003500746762318721,0.0029218096877711014,0.0024484282154057027,0.0020585088200838556,0.0017354668920296912,0.0014665664903225975,0.0012418555922482331,0.0010534507061882512,0.000895038228891757,0.0007615164638710998,0.0006487323584084981,0.0005532840099958455,0.00047237003366261236,0.00040367305533668685,0.00034526852506352144,0.0002955526198451389,0.0002531847394420814,0.000217041292686921,0.0001861783113432415,0.00015980102952301402,0.00013723900412105717,0.00011792567467432862,0.00010138150270478947,8.720001349459233e-5,7.503620324204245e-5,6.459688264899783e-5,5.563261223634009e-5,4.7930950870511625e-5,4.1310791319548e-5,3.561759833480254e-5,3.0719398141105495e-5,2.650339508000418e-5,2.2873112912852594e-5,1.9745975965655292e-5,1.705125972289274e-5,1.4728352301259927e-5,1.2725277952902337e-5,1.099744176443092e-5,9.506561343661333e-6,8.21975678927606e-6,7.108774810688591e-6,6.149326674466935e-6,5.320522838371579e-6,4.604389797653599e-6,3.985456901888553e-6,3.4504027772027063e-6,2.987752566199161e-6,2.5876185288011287e-6,2.2414776690890713e-6,1.9419810009140204e-6,1.6827898674248861e-6,1.4584354089424571e-6,1.2641978491666222e-6,1.0960027590844726e-6,9.50331872569376e-7,8.241463812750899e-7,7.148209368733512e-7,6.200868446080455e-7,5.379831504825867e-7,4.6681451056898404e-7,4.0511488999406416e-7,3.516162747736118e-7,3.052216959258016e-7,2.6498196457909886e-7,2.3007560172582807e-7,1.9979151909826304e-7,1.7351407002675493e-7,1.5071014257090935e-7,1.3091801311263368e-7,1.1373771789777677e-7,9.882273383251141e-8,8.587278885349249e-8,7.462764708711873e-8,6.486173546824151e-8,5.6379496904819604e-8,4.90113709143613e-8,4.2610316317151864e-8,3.704880228513747e-8,3.221620417238677e-8,2.801654925961177e-8,2.436656503754789e-8,2.1193989132603125e-8,1.8436105544600155e-8,1.6038476683307574e-8,1.3953844829267818e-8,1.21411802300939e-8,1.056485613060316e-8,9.193933699938468e-9,8.001542124521255e-9,6.96434112228681e-9,6.062054853425891e-9,5.277067687671579e-9,4.594073570012378e-9,3.999771837658767e-9,1.7413016501186937e-9
0.005809092046954789,0.008388496779664245,0.006601422534429857,0.005323697546234227,0.00435239218636517,0.0035907186635298904,0.00298188028547626,0.0024887885433260495,0.002085594729190822,0.0017534834508268413,0.0014783307261825654,0.0012492901235126239,0.0010578860239215913,0.0008974044002223458,0.0007624681739578729,0.0006487323584084981,0.0005526598632182387,0.0004713533077454878,0.0004024267407960677,0.00034390642186991026,0.00029415316468336256,0.00025180093737006,0.00021570789006084695,0.0001849169975128807,0.00015862421935175595,0.00013615259227503333,0.00011693104108757889,0.00010047697045747822,8.638190506756425e-5,7.429960158405417e-5,6.393617508570581e-5,5.504187465549628e-5,4.7404214579897385e-5,4.0842223964692305e-5,3.520162214495958e-5,3.035076275961985e-5,2.6177217793077142e-5,2.258489576229927e-5,1.9491606760591756e-5,1.6827002121808717e-5,1.4530828753671603e-5,1.2551448258303654e-5,1.0844579234835965e-5,9.372227986301988e-6,8.101778495780179e-6,7.0052172236231e-6,6.05847217149067e-6,5.240848902979863e-6,4.534548922989265e-6,3.924258086497809e-6,3.396794609810655e-6,2.9408078556120864e-6,2.5465204067013532e-6,2.205507076848118e-6,1.910505462725041e-6,1.6552534480712496e-6,1.4343497546442666e-6,1.2431342131111463e-6,1.0775849172662198e-6,9.342298418050307e-7,8.100708570528004e-7,7.025183752512163e-7,6.093351189273375e-7,5.285877198675264e-7,4.5860504320947624e-7,3.979422897523817e-7,3.453500650850393e-7,2.9974771965601416e-7,2.6020036294751806e-7,2.2589903949206202e-7,1.9614362682602926e-7,1.703280775140376e-7,1.479276805217358e-7,1.2848806273363834e-7,1.1161569051388629e-7,9.696966468701694e-8,8.425463112793019e-8,7.321465386791156e-8,6.362791883424694e-8,5.530215462003098e-8,4.807067237106325e-8,4.178894037172303e-8,3.633162054937266e-8,3.159000409720772e-8,2.7469792044000563e-8,2.388917401744248e-8,2.0777164831609365e-8,1.807216404920178e-8,1.5720708412164815e-8,1.3676391138638526e-8,1.1898925610819928e-8,1.0353334033648074e-8,9.009244274855637e-9,7.840280367633799e-9,6.823534121910897e-9,5.9391069831086034e-9,5.169712742745245e-9,4.500332970556735e-9,3.917918130153153e-9,3.4111282869588453e-9,1.4850540672797546e-9
0.0049532113079037154,0.007152765265337535,0.005629055695445043,0.004539613081764482,0.003711423867187272,0.0030619686758983564,0.0025428235923928635,0.0021223674103610646,0.0017785616986800354,0.0014953644631032562,0.0012607335028872839,0.0010654209945492807,0.000902200433885704,0.0007653472314938601,0.0006502766738440153,0.0005532840099958455,0.0004713533077454878,0.00040201406095585757,0.000343231819767518,0.0002933235977415193,0.00025089166235768307,0.00021477118551270144,0.00018398848929904437,0.00015772748937500783,0.0001353025477265203,0.00011613638294805844,9.974200376728064e-5,8.57078660072856e-5,7.368562862554722e-5,6.338001725179595e-5,5.4540405291132526e-5,4.695380114448102e-5,4.043899126411599e-5,3.484163681607554e-5,3.0030159719227328e-5,2.5892284091018412e-5,2.2332123370565136e-5,1.9267722893279203e-5,1.662898349216816e-5,1.4355904534588907e-5,1.2397095277359661e-5,1.070851200837467e-5,9.252385499712703e-6,7.996309118362468e-6,6.912462751816227e-6,5.976951701970281e-6,5.1692430208350815e-6,4.471684527609135e-6,3.8690940593590154e-6,3.34840844184554e-6,2.898383289133571e-6,2.5093361034450964e-6,2.172926292329744e-6,1.8819666868090897e-6,1.6302619589260981e-6,1.412470025437343e-6,1.2239831071387756e-6,1.0608256066992816e-6,9.19566385920646e-7,7.972433788041834e-7,6.912987779714466e-7,5.995232888449447e-7,5.200081642373544e-7,4.5110391790441046e-7,3.913847742282976e-7,3.3961804644243805e-7,2.947377513647122e-7,2.5582186712833816e-7,2.2207272486229787e-7,1.9280009740468557e-7,1.674066098407484e-7,1.4537514956888117e-7,1.2625799892293585e-7,1.0966745220158841e-7,9.526771230486806e-8,8.276789073250294e-8,7.191595927309113e-8,6.249352279542899e-8,5.431130064466425e-8,4.720521973705073e-8,4.1033035830204615e-8,3.5671410956534595e-8,3.1013384934214506e-8,2.6966187383178192e-8,2.3449344033728075e-8,2.0393037443218504e-8,1.7736687681756806e-8,1.5427723256721365e-8,1.3420516591811798e-8,1.1675461877564232e-8,1.0158176118690446e-8,8.838806810014671e-9,7.691431916927235e-9,6.693539773389668e-9,5.825578186664283e-9,5.070563482142611e-9,4.413741471906396e-9,3.8422934101242935e-9,3.345080930317482e-9,2.912424767234737e-9,1.2679563817171788e-9
