0.061341554748342464,0.1033036833673977,0.09088259744027893,0.08105654756255487,0.07286920717186263,0.06586432413460996,0.05977196988939504,0.05441314180824719,0.04966031249075986,0.04541803861982363,0.0416122807424576,0.03818402047084457,0.03508520304154361,0.03227602999919821,0.029723080676796187,0.02739796601382516,0.025276337392508452,0.023337139866929646,0.021562038269098693,0.019934968516544305,0.018441781480287522,0.01706995654024479,0.015808368457776723,0.014647095636778407,0.013577260935104418,0.012590898374428228,0.011680840679157367,0.010840623729334947,0.010064404872334398,0.009346892680003466,0.00868328623090417,0.008069222374350732,0.00750072972399124,0.006974188359903433,0.006486294398870468,0.0060340287369858026,0.0056146293861448066,0.005225566917952243,0.004864522606489369,0.004529368924253527,0.004218152096182648,0.003929076460274558,0.003660490418673598,0.0034108737936315997,0.0031788264267909594,0.0029630578822877063,0.0027623781323851543,0.0025756891189990874,0.0024019770981741836,0.0022403056857098202,0.0020898095317884446,0.0019496885612002648,0.0018192027225085589,0.0016976671962538534,0.0015844480178916556,0.0014789580756364613,0.0013806534479071549,0.0012890300487607975,0.0012036205528386558,0.0011239915745834758,0.0010497410786293598,0.0009804960008286297,0.0009159100614321951,0.0008556617535438286,0.0007994524917275918,0.0007470049069998961,0.0006980612758778794,0.0006523820720662297,0.000609744630566891,0.000569941914958275,0.0005327813792856996,0.0004980839168536068,0.000465682888884586,0.00043542322658152513,0.0004071606007780993,0.00038076065373936555,0.00035609828821465007,0.0003330570092904732,0.00031152831486660343,0.00029141113100206433,0.0002726112886676539,0.0002550410386990441,0.00023861860207364909,0.000223267752779306,0.00020891743081601077,0.00019550138308596643,0.00018295783004603243,0.00017122915621784786,0.00016026162276226892,0.00015000510050910748,0.00014041282190550147,0.00013144115049954462,0.00012304936668672923,0.00011519946851527678,0.00010785598646501776,0.00010098581118176504,9.455803322967965e-5,8.854379400643586e-5,8.291614700609473e-5,7.764992869224046e-5,3.63608191522619e-5
0.1033036833673977,0.1739733586080554,0.15305655905410065,0.1365095840450543,0.12272206874151825,0.11092572735778372,0.10066602563445759,0.0916415399688133,0.08363752608971686,0.07649326618907448,0.07008408444694125,0.06431059901276259,0.05909188967175516,0.054360938993073926,0.05006146909201625,0.04614567479763243,0.04257255463591558,0.03930665334626737,0.03631709550526008,0.03357682997692446,0.031062030225072146,0.02875161197189091,0.026626840636883586,0.024671008469609956,0.022869166493602266,0.021207900060350005,0.019675139477061065,0.018259999115644687,0.01695263985830453,0.015744150815940883,0.014626447085700156,0.013592180948937382,0.012634664400937079,0.01174780129310038,0.010926027672575694,0.010164259147600274,0.00945784430452945,0.008802523357392927,0.0081943913420216,0.007629865272649444,0.007105654764099939,0.0066187356960793475,0.006166326555644905,0.005745867145333039,0.005354999384912809,0.00499154997186238,0.004653514696329811,0.004339044231013597,0.004046431239461426,0.0037740986650430935,0.00352058907911168,0.0032845549815836844,0.003064749958536943,0.002860020612797637,0.00266929919291109,0.002491596853431699,0.002325997487082676,0.002171652075552158,0.002027773510975363,0.001893631845599049,0.0017685499307326935,0.0016518994104062143,0.0015430970386096123,0.0014416012916910297,0.0013469092504508721,0.0012585537287468918,0.0011761006278504932,0.0010991464973270186,0.0010273162852379066,0.0009602612620825228,0.0008976571040680142,0.0008392021227246714,0.0007846156290206227,0.0007336364210907657,0.0006860213857884934,0.0006415442049020614,0.0005999941577879125,0.0005611750129234858,0.0005249040013454807,0.0004910108656534205,0.0004593369787459292,0.00042973452689100064,0.00040206575228561407,0.0003762022505040324,0.0003520243186941772,0.00032942035074186304,0.00030828627582272193,0.00028852503713422493,0.000270046107787642,0.0002527650411502779,0.0002366030530501174,0.00022148663351316978,0.00020734718589063457,0.00019412069134831702,0.00018174739689053683,0.00017017152520394565,0.0001593410047424676,0.00014920721861304883,0.0001397247708895483,0.00013085126911276243,6.127356091835292e-5
0.09088259744027893,0.15305655905410065,0.13465554196283058,0.120098669375436,0.10796930570963204,0.09759159128145556,0.08856567315630315,0.08062638952727386,0.07358483016875073,0.06729961176349852,0.06166105699875568,0.05658173956269974,0.05199047376247501,0.04782830411949024,0.0440457226829597,0.04060067490868524,0.037457091434183076,0.03458378187802147,0.031953584724951356,0.029542702674067556,0.0273301750979269,0.025297453730453,0.023428057333995722,0.02170728767551744,0.020121993719730502,0.018660374185644146,0.017311810957198304,0.016066727548558812,0.014916468098402136,0.013853193318292545,0.012869790550531612,0.011959795649396254,0.011117324830803577,0.010337014977958386,0.009613971158204393,0.00894372032031826,0.008322170315412325,0.007745573520836518,0.00721049446189681,0.006713780919326312,0.006252538085400897,0.005824105396173229,0.005426035719677091,0.005056076625188921,0.004712153494240007,0.004392354266739312,0.004094915642541205,0.003818210580497014,0.0035607369573183723,0.003321107265080711,0.0030980392404964113,0.0028903473320349288,0.002696934920965975,0.002516787222406433,0.0023489648007416,0.002192597640424815,0.002046879719857571,0.0019110640415220537,0.001784458076183458,0.00166641958377238,0.001556352776730753,0.001453704795401016,0.001357962468078549,0.0012686493307229527,0.0011853228839288146,0.0011075720667602096,0.0010350149291861628,0.000967296486202935,0.0009040867385101785,0.0008450788460331142,0.0007899874416126967,0.0007385470734428273,0.0006905107658332025,0.0006456486887222238,0.0006037469273259908,0.0005646063438668816,0.000528041524125963,0.0004938798022234986,0.000461960357439584,0.00043213337751470474,0.00040425928329928217,0.0003782080100025991,0.00035385834077914305,0.00033109728860501557,0.00030981952280160867,0.00028992683688103,0.00027132765456360213,0.0002539365711454779,0.00023767392755946228,0.00022246541474513996,0.000208241706051643,0.00019493811562341316,0.00018249428088379588,0.00017085386733262922,0.00015996429404981213,0.00014977647839645083,0.00014024459852455444,0.0001313258724281491,0.00012298035232816487,0.00011517073329836381,5.3931087564748105e-5
0.08105654756255487,0.1365095840450543,0.120098669375436,0.10711607123434108,0.09629839882973878,0.08704290386536884,0.07899298771246999,0.07191217256137983,0.06563198357689037,0.0600263315276679,0.05499740332102143,0.05046722980615126,0.046372325575728235,0.04266011239581646,0.03928643754431638,0.03621379541045855,0.03341001810079569,0.030847288906579506,0.028501384154110965,0.02635108045502521,0.024377684235018682,0.02256465332412133,0.020897288982164197,0.019362482600913444,0.01794850540699866,0.016644832378037322,0.01544199367499044,0.014331448418706816,0.013305476774574332,0.01235708715711914,0.01147993601766742,0.010668258176301598,0.009916806043822834,0.00922079638489784,0.008575863512275489,0.007978017992825409,0.007423610101258582,0.0069092973788832945,0.006432015757681514,0.0059889537930424425,0.005577529615333837,0.005195370268085614,0.00484029314727516,0.004510289296541459,0.004203508344912052,0.003918244902758036,0.0036529262557487563,0.0034061012159344733,0.0031764300071785156,0.002962675076876767,0.0027636927386555724,0.0025784255622863655,0.002405895435972208,0.0022451972350835334,0.0020954930388144208,0.001956006842144496,0.0018260197164674738,0.0017048653771229924,0.001591926120213201,0.0014866290953586443,0.0013884428838785226,0.0012968743552656987,0.0012114657775383376,0.0011317921591684314,0.0010574588026110408,0.0009880990512444246,0.0009233722134339567,0.0008629616486352763,0.0008065730020402409,0.0007539325755410425,0.0007047858237052181,0.0006588959645763091,0.000616042696005686,0.0005760210089756617,0.0005386400902316988,0.0005037223070383338,0.00047110226758792853,0.0004406259511798051,0.0004121499026509372,0.00038554048609942305,0.00036067319332454967,0.0003374320027475031,0.0003157087850117488,0.000295402751653193,0.00027641994359142025,0.0002586727564759866,0.00024207950007867213,0.00022656398921488616,0.00021205516382459023,0.00019848673608656095,0.00018579686253551372,0.00017392783935402025,0.0001628258191578736,0.0001524405476839301,0.0001427251189462359,0.00013363574751511925,0.00012513155668036555,0.00011717438136834776,0.00010972858473596789,0.0001027608874668534,4.812010443767164e-5
0.07286920717186263,0.12272206874151825,0.10796930570963204,0.09629839882973878,0.08657363766379156,0.07825318878031484,0.07101649211975003,0.06465096877207044,0.059005170242367955,0.05396575001902426,0.04944478004248121,0.04537217068875932,0.04169085228949787,0.03835356002302881,0.03532060305979656,0.03255826589524535,0.030037631289871802,0.0277336934410789,0.025624676456662776,0.023691501512139557,0.021917363928414202,0.020287393006733934,0.018788375180213868,0.017408526316040118,0.016137302672496967,0.014965242611342466,0.013883833045403748,0.012885395972067282,0.011962991464499362,0.011110334254654713,0.010321721627586072,0.009591970794342625,0.008916364256365383,0.00829060194888237,0.007710759165388076,0.007173249436868562,0.006674791678863395,0.006212381028671235,0.00578326288753378,0.005384909757290612,0.005015000521084695,0.0046714018694725,0.004352151615284364,0.004055443676843365,0.0037796145376962215,0.003523131017197992,0.003284579207916652,0.003062654453223644,0.0028561522547020032,0.0026639600122311535,0.0024850495110727705,0.002318470080661786,0.002163342357822,0.0020188525951468847,0.0018842474619315541,0.0017588292903594205,0.0016419517250175833,0.0015330157381988792,0.001431465977173644,0.0013367874134561399,0.0012485022666342029,0.0011661671783746025,0.0010893706146535946,0.0010177304761664271,0.000950891898958521,0.0008885252289266843,0.000830324155549067,0.0007760039912836723,0.0007253000845030087,0.0006779663549752717,0.0006337739417276601,0.0005925099541355221,0.0005539763178822495,0.0005179887081127599,0.00048437556287469,0.0004529771703879488,0.00042364482432551316,0.00039624004181735076,0.00037063383921629063,0.00034670606116802335,0.00032434475887139266,0.0003034456137209953,0.00028391140291506457,0.0002656515037835266,0.00024858143391559995,0.0002326224244206549,0.00021770102379692433,0.00020374873014557173,0.0001907016495997409,0.00017850017905730745,0.00016708871139184053,0.00015641536149841283,0.0001464317116627147,0.0001370925748231987,0.0001283557744369162,0.00012018193973959302,0.00011253431528619176,0.00010537858375595085,9.868270105356644e-5,9.241674283033555e-5,4.327638081058204e-5
0.06586432413460996,0.11092572735778372,0.09759159128145556,0.08704290386536884,0.07825318878031484,0.07073272695154964,0.06419179031102651,0.058438246119304704,0.05333521239148786,0.04878024437434947,0.04469387094074451,0.04101274363639851,0.03768528165451335,0.03466876596632851,0.031927323038369426,0.02943047993180825,0.027152100457595862,0.025069583647945426,0.02316324778276091,0.021415848798864823,0.0198121980469122,0.018338854845560748,0.016983876262064823,0.01573661131593168,0.014587530119323844,0.013528080814544208,0.012550568867520873,0.011648054515169953,0.01081426508744876,0.010043519613824298,0.009330663653024457,0.00867101268964346,0.008060302753550852,0.007494647166235574,0.006970498512158363,0.006484615088258094,0.006034031210778529,0.005616030857289095,0.005228124205404028,0.004868026697178202,0.0045336403124683206,0.004223036781338799,0.003934442503546978,0.0036662249759154275,0.003416880554198712,0.003185023399721154,0.0029693754806069256,0.0027687575131490894,0.0025820807435657372,0.0024083394823465817,0.0022466043137550212,0.0020960159124331565,0.0019557794063000955,0.0018251592321846463,0.0017034744366391519,0.001590094379187293,0.001484434800112299,0.0013859542188550712,0.001294150632457438,0.0012085584869587253,0.0011287458969528666,0.0010543120912638072,0.000984885064900104,0.0009201194191705737,0.0008596943737305685,0.0008033119357800551,0.0007506952131803545,0.0007015868592333881,0.0006557476381578529,0.0006129551013296045,0.0005730023650994329,0.0005356969819123019,0.0005008598971765702,0.00046832448494430086,0.0004379356561608136,0.0004095490336453022,0.00038303018854472966,0.0003582539334814781,0.00033510366791048105,0.0003134707716567703,0.0002932540429150636,0.00027435917726961745,0.00025669828464582566,0.00024018944126043187,0.00022475627393059566,0.00021032757433178933,0.0001968369409219694,0.0001842224464870014,0.00017242632938178947,0.00016139470673955146,0.00015107730799923755,0.00014142722726571836,0.0001324006931364666,0.00012395685470197992,0.00011605758255450651,0.00010866728371189014,0.00010175272944982832,9.52828951241917e-5,8.922881110812403e-5,8.356342405196893e-5,3.913073386959754e-5
0.05977196988939504,0.10066602563445759,0.08856567315630315,0.07899298771246999,0.07101649211975003,0.06419179031102651,0.05825596829580548,0.05303467503545911,0.048403696804649954,0.04427006993873972,0.04056167817729661,0.03722103576484004,0.0342013354838383,0.03146381172535451,0.0289759108155081,0.026709979842669984,0.024642301273596734,0.022752365608342984,0.021022312416787536,0.019436493320612536,0.01798112512812805,0.01664401084367495,0.015414312606970293,0.0142823649440042,0.013239519721148174,0.012278016323604507,0.011390872120700862,0.010571789404827336,0.009815075828330772,0.009115575987831803,0.008468612285598531,0.007869933564860238,0.00731567029940991,0.00680229534305507,0.006326589420471207,0.0058856106817279236,0.0054766677571182615,0.005097295838490931,0.004745235389175859,0.004418413145822947,0.004114925124756197,0.0038330213879066155,0.0035710923578285425,0.003327656501044121,0.0031013492223725334,0.0028909128343780066,0.002695187483807933,0.0025131029311606587,0.0023436710928641385,0.0021859792663950703,0.0020391839680706653,0.0019025053217590626,0.0017752219433275485,0.0016566662722261663,0.0015462203070553578,0.0014433117063265243,0.0013474102200293457,0.0012580244212156873,0.0011746987098638813,0.001097010564439456,0.0010245680186536377,0.0009570073434174917,0.000893990915988907,0.000835205259870693,0.0007803592407316842,0.0007291824049395663,0.0006814234486970678,0.0006368488066593771,0.0005952413500821142,0.0005563991854862817,0.0005201345455033632,0.00048627276439069424,0.0004546513313641483,0.00042511901545149756,0.0003975350562020613,0.0003717684149547396,0.00034769708189307576,0.0003252074345500488,0.00030419364369331254,0.0002845571229344625,0.0002662060186880968,0.00024905473735724066,0.00023302350694239145,0.00021803797041242568,0.00020402880844174083,0.00019093138932667038,0.00017868544400966718,0.0001672347643554891,0.00015652692293190683,0.00014651301272720777,0.00013714740530710624,0.0001283875260630631,0.00012019364531216546,0.00011252868407530875,0.00010535803347610801,9.864938676841257e-5,9.237258307884244e-5,8.649946203093096e-5,8.100372845653214e-5,7.586082647577938e-5,3.5523911142995774e-5
0.05441314180824719,0.0916415399688133,0.08062638952727386,0.07191217256137983,0.06465096877207044,0.058438246119304704,0.05303467503545911,0.048281544445048175,0.044065783042053774,0.04030276629586538,0.03692684695634618,0.03388569583877166,0.03113670436797278,0.028644584195878897,0.026379701660482868,0.024316884233564873,0.022434541738315494,0.020714004252340934,0.019139013287448214,0.01769532397559276,0.016370389320342738,0.015153106234073233,0.014033608846583057,0.013003098508983069,0.012053702656743881,0.011178356634230502,0.01037070398616069,0.009625011744857664,0.008936098004556858,0.008299269643095353,0.007710268488407668,0.0071652245615561605,0.0066606152860581025,0.0061932297582840135,0.005760137333901738,0.0053586599134387985,0.0049863474141342845,0.004640955996783991,0.00432042868536868,0.004022878072988276,0.003746570852488487,0.00348991394881637,0.003251442061494386,0.003029806452673367,0.0028237648375369143,0.002632172253380194,0.0024539727998320396,0.0022881921556776735,0.0021339307898837895,0.001990357794303059,0.0018567052740939977,0.0017322632396424911,0.0016163749497540361,0.00150843266187475,0.0014078737500609478,0.0013141771553856416,0.00122686013748112,0.0011454752991889965,0.0010696078590700549,0.0009988731493950527,0.0009329143191360925,0.0008714002237507762,0.0008140234853711188,0.0007604987084304324,0.0007105608373211714,0.0006639636438754131,0.0006204783337367716,0.0005798922614991889,0.0005420077455544764,0.0005066409744435216,0.0004736209971220231,0.0004427887903044724,0.0004139963966480909,0.0003871061280447457,0.00036198982886455344,0.00033852819432831933,0.0003166101396654469,0.0002961322161089486,0.0002769980700232065,0.00025911794183595873,0.00024240820170289348,0.00022679091906146857,0.00021219346352257737,0.00019854813467694125,0.0001857918186354661,0.00017386566931263184,0.00016271481256721924,0.00015228807151093085,0.0001425377113941622,0.00013341920264171598,0.00012489100067534023,0.00011691434129594298,0.00010945305049677107,0.0001024733676395083,9.594378103049877e-5,8.983487499392108e-5,8.411918761023086e-5,7.877107836115334e-5,7.376660495809996e-5,6.908340869970315e-5,3.235030387900074e-5
0.04966031249075986,0.08363752608971686,0.07358483016875073,0.06563198357689037,0.059005170242367955,0.05333521239148786,0.048403696804649954,0.044065783042053774,0.04021828169311714,0.0367839639719032,0.03370291981622664,0.030927393266399372,0.02841849941480301,0.02614403380977426,0.02407695247869157,0.022194282689714517,0.020476320973563056,0.018906028892992588,0.017468568693033204,0.01615094025567293,0.014941692947658736,0.013830693854022025,0.012808939151533139,0.011868398970268423,0.011001888592040043,0.010202960603462402,0.009465813901915393,0.008785216386649058,0.008156438863033216,0.007575198207288969,0.0070376082379333404,0.0065401370452517205,0.006079569765600784,0.005652975974431082,0.005257681018123683,0.0048912407216338966,0.004551419003935658,0.004236168007668184,0.0039436104124324495,0.0036720236520484117,0.0034198257970247253,0.003185562898766592,0.002967897620657925,0.002765599005860167,0.00257753325111916,0.0024026553737126963,0.0022400016734064124,0.002088682903138947,0.0019478780732397546,0.001816828822995574,0.0016948343011922856,0.0015812465043312796,0.0014754660266801667,0.001376938181782545,0.0012851494595793843,0.0011996242869174376,0.001119922062878722,0.0010456344433526568,0.0009763828518095201,0.00091181619585241,0.0008516087708570555,0.0007954583340831871,0.0007430843343014214,0.000694226283277059,0.0006486422568753938,0.0006061075146470262,0.0005664132279173915,0.0005293653071406033,0.0004947833202511107,0.00046249949452503887,0.00043235779502529166,0.0004042130733915121,0.00037793028128165797,0.00035338374323412493,0.0003304564842446858,0.00030903960765674057,0.0002890317194010599,0.000270338394981604,0.00025287168582674175,0.00023654966196816427,0.00022129598824417295,0.00020703953143247182,0.00019371399598389506,0.00018125758614568992,0.00016961269248409521,0.00015872560098918872,0.00014854622304105508,0.00013902784469541378,0.0001301268938368929,0.00012180272389744357,0.00011401741289580923,0.00010673557667810387,9.992419532938368e-5,9.355245178142434e-5,8.759158173802747e-5,8.201473409354706e-5,7.679684108558905e-5,7.191449748944001e-5,6.734584819422938e-5,6.307048356367904e-5,2.953467101669805e-5
0.04541803861982363,0.07649326618907448,0.06729961176349852,0.0600263315276679,0.05396575001902426,0.04878024437434947,0.04427006993873972,0.04030276629586538,0.0367839639719032,0.03364303514428435,0.030825190396974178,0.028286755541042763,0.02599216918167968,0.023911979363373026,0.022021453513759115,0.020299582309012965,0.018728346245797944,0.01729216305840242,0.015977463060254327,0.01477235713078312,0.013666373193802317,0.012650244261941224,0.011715735933520072,0.010855504515049463,0.010062979229363056,0.009332263587217532,0.008658052171218622,0.008035559935094305,0.007460461757616749,0.00692884046542247,0.006437141903774923,0.005982135913322403,0.0055608822862596025,0.00517070094640025,0.0048091457313726715,0.004473981262057447,0.004163162471267759,0.003874816431717776,0.003607226180984066,0.003358816287678895,0.0031281399404958082,0.002913867374046787,0.002714775471574636,0.0025297384072194284,0.0023577192083028276,0.00219776213441171,0.00204898578353728,0.001910576846365565,0.0017817844399508898,0.0016619149602459596,0.0015503274001046376,0.0014464290858423462,0.001349671790431977,0.0012595481864112745,0.0011755886057189038,0.0010973580769884535,0.0010244536141767978,0.0009565017331343191,0.0008931561750454495,0.0008340958180621805,0.0007790227600375475,0.0007276605571629197,0.0006797526048316332,0.0006350606482375433,0.000593363411518907,0.0005544553352584951,0.0005181454132164916,0.0004842561198462707,0.0004526224210327813,0.00042309086120556963,0.0003955187204923317,0.0003697732362072763,0.000345730883467614,0.0003232767101541724,0.0003023037219124459,0.0002827123131688295,0.0002644097405368074,0.0002473096353177353,0.0002313315520042769,0.00021640055000845485,0.0002024468060505191,0.000189405254835399,0.00017721525588724335,0.00016582028451952438,0.0001551676451205168,0.00014520820509239096,0.00013589614786996057,0.00012718874360897634,0.00011904613621617401,0.00011143114552983726,0.00010430908351308135,9.764758343556806e-5,9.141644110154004e-5,8.558746723265364e-5,8.013435020198757e-5,7.503252836532051e-5,7.025907129548322e-5,6.57925692864581e-5,6.161303052362667e-5,5.770178537400027e-5,2.7020698647600488e-5
0.0416122807424576,0.07008408444694125,0.06166105699875568,0.05499740332102143,0.04944478004248121,0.04469387094074451,0.04056167817729661,0.03692684695634618,0.03370291981622664,0.030825190396974178,0.028243462814125597,0.02591772447870977,0.02381539539459132,0.021909492770017414,0.020177357507921156,0.018599741590641428,0.01716013614529649,0.015844265191804763,0.014639696589714646,0.013535537862673752,0.012522194771821538,0.011591177131708263,0.010734940770776275,0.009946757549651075,0.009220607445592999,0.008551088193632594,0.007933339047765747,0.007362976008124106,0.006836036442972704,0.006348931469511904,0.005898404791669046,0.00548149694868226,0.005095514125576309,0.004738000833383882,0.004406715889460094,0.004099611226181743,0.0038148131359175413,0.003550605622498787,0.0033054155822400816,0.003077799580178321,0.0028664320214965497,0.0026700945476554466,0.002487666510724934,0.0023181164001089757,0.0021604941121506627,0.0020139239680538254,0.0018775983979020736,0.001750772218487684,0.0016327574419478935,0.0015229185597569785,0.0014206682531671157,0.0013254634871159576,0.0012368019491942883,0.001154218799845657,0.0010772837037637817,0.0010055981154881329,0.0009387927952643829,0.000876525533738591,0.0008184790661802457,0.0007643591591228304,0.0007138928537619819,0.0006668268521892434,0.0006229260339304706,0.0005819720913449108,0.000543762273633442,0.0005081082301209607,0.0004748349444545705,0.0004437797519758289,0.00041479143334069955,0.00038772937811332175,0.0003624628125304362,0.00033887008620902236,0.00031683801302704196,0.00029626126179413924,0.0002770417927695414,0.0002590883363391668,0.00024231591053065424,0.00022664537434716366,0.00021200301408714692,0.00019832016010490946,0.00018553283166302748,0.00017358140770231583,0.00016241032157830737,0.00015196777791124652,0.0001422054898819105,0.0001330784354508104,0.00012454463105868608,0.0001165649215163515,0.00010910278486738617,0.00010212415113223855,9.559723389129587e-5,8.949237376845828e-5,8.378189295204694e-5,7.843995993621952e-5,7.344246374660704e-5,6.876689695943798e-5,6.439224687809558e-5,6.029889428687228e-5,5.646851922885615e-5,5.2884013307569894e-5,2.476469902655098e-5
0.03818402047084457,0.06431059901276259,0.05658173956269974,0.05046722980615126,0.04537217068875932,0.04101274363639851,0.03722103576484004,0.03388569583877166,0.030927393266399372,0.028286755541042763,0.02591772447870977,0.02378358574048456,0.021854444879640222,0.020105543251270064,0.018516089483416653,0.017068422092947788,0.01574739294192745,0.014539902718768372,0.013434543956987233,0.012421321934733498,0.011491433150522479,0.010637087147028768,0.009851361499825656,0.00912808255094874,0.008461726389553031,0.007847335941930017,0.007280451017558698,0.006757048875900923,0.006273493413530701,0.005826491470443493,0.005413055061049277,0.005030468569898472,0.004676260133222407,0.004348176571201373,0.004044161348269848,0.003762335128637481,0.0035009785672385774,0.003258517033524963,0.003033507013984457,0.002824623978371285,0.0026306515261060523,0.0024504716564222803,0.0022830560278302783,0.0021274580914630234,0.0019828059978197407,0.0018482961901387374,0.0017231876089595505,0.0016067964415452454,0.0014984913583571818,0.0013976891857017011,0.0013038509696735381,0.0012164783919575914,0.0011351105022483904,0.0010593207362479748,0.0009887141916839377,0.0009229251375738184,0.000861614734775501,0.0008044689481591268,0.0007511966326871622,0.0007015277777017298,0.000655211895050245,0.0006120165382748968,0.0005717259413681001,0.0005341397665931582,0.0004990719519636731,0.00046634964981619696,0.0004358122488066912,0.00040731047222713514,0.0003807055462869682,0.00035586843260235895,0.0003326791195686924,0.00031102596781949765,0.000290805105394934,0.0002719198685979295,0.0002542802849201274,0.00023780259465362545,0.00022240880814092256,0.00020802629589271315,0.00019458740897422382,0.00018202912732459336,0.00017029273385398783,0.00015932351232326612,0.00014907046721596455,0.00013948606390225358,0.00013052598756463796,0.00012214891948835295,0.00011431632939322553,0.00010699228262148284,0.00010014326106523716,9.373799683214329e-5,8.774731769265885e-5,8.214400344775546e-5,7.690265242502894e-5,7.199955735367959e-5,6.741258994270817e-5,6.312109352851541e-5,5.910578320823855e-5,5.534865292637289e-5,5.1832889007195904e-5,4.854278967379494e-5,2.2731845066148795e-5
0.03508520304154361,0.05909188967175516,0.05199047376247501,0.046372325575728235,0.04169085228949787,0.03768528165451335,0.0342013354838383,0.03113670436797278,0.02841849941480301,0.02599216918167968,0.02381539539459132,0.021854444879640222,0.020081850560152104,0.01847486411850513,0.017014382355123314,0.015684177802677224,0.014470332248066653,0.01336080993438965,0.012345129568150814,0.011414107883063573,0.01055965610465387,0.009774616242880063,0.00905262785655167,0.008388018471963021,0.0077757126044459834,0.0072111555811086026,0.0066902492674977,0.006209297460652297,0.005764959202461922,0.0053542086340766515,0.004974300293874009,0.004622738976985993,0.004297253440720586,0.003995773372365757,0.0037164091391311688,0.0034574339225549866,0.003217267906806223,0.0029944642428701776,0.0027876965551359434,0.0025957477928326075,0.002417500257678333,0.002251926664021256,0.0020980821079605513,0.001955096839386737,0.0018221697446166168,0.0016985624599018811,0.0015835940464967307,0.001476636166342797,0.0013771087052576111,0.0012844757968783482,0.0011982422061296016,0.0011179500359798887,0.001043175725107745,0.0009735273079587436,0.0009086419118733216,0.0008481834685231567,0.000791840619479095,0.0007393247978430689,0.0006903684696688856,0.0006447235207461093,0.0006021597755447479,0.0005624636365836218,0.0005254368336581466,0.0004908952732794875,0.0004586679796823156,0.0004285961195311886,0.0004005321032788372,0.000374338756649553,0.00034988855640817086,0.00032706292512530225,0.0003057515800463295,0.0002858519316569193,0.0002672685279235072,0.0002499125405133378,0.00023370128966996358,0.00021855780463490328,0.0002044104168152554,0.0001911923831518468,0.00017884153729956324,0.00016729996647401376,0.00015651371198411234,0.00014643249161739452,0.000137009442233126,0.00012820088100089005,0.00011996608387859937,0.00011226708004632513,0.00010506846108005417,9.833720377612747e-5,9.204250560063913e-5,8.615563184361723e-5,8.064977359900074e-5,7.549991577918786e-5,7.06827144363526e-5,6.617638270184009e-5,6.196058472280144e-5,5.801633701370658e-5,5.432591668640043e-5,5.08727760694873e-5,4.7641463250707393e-5,4.461754812038854e-5,2.0893776764373435e-5
0.03227602999919821,0.054360938993073926,0.04782830411949024,0.04266011239581646,0.03835356002302881,0.03466876596632851,0.03146381172535451,0.028644584195878897,0.02614403380977426,0.023911979363373026,0.021909492770017414,0.020105543251270064,0.01847486411850513,0.016996529398760285,0.01565296620825729,0.01442924700611481,0.013312568500070066,0.012291859041803688,0.011357476911733055,0.010500974427625265,0.00971491071582642,0.008992701119640012,0.00832849463820906,0.00771707312450845,0.007153767595839744,0.006634388159673155,0.006155164889694559,0.005712697593785843,0.005303912867746757,0.004926027166005001,0.0045765148797509425,0.004253080611162502,0.003953634985394805,0.003676273463571314,0.003419257715010074,0.003180999182872901,0.0029600445391544244,0.0027550627732719976,0.0025648336994823356,0.002388237701400661,0.0022242465584963594,0.0020719152223604223,0.0019303744291282662,0.0017988240504950917,0.0016765270983962952,0.0015628043100190843,0.001457029249384647,0.0013586238694415428,0.0012670544858121961,0.0011818281191897477,0.001102489168457451,0.0010286163811984925,0.0009598200918111942,0.0008957397009960628,0.000836041373322851,0.0007804159319393031,0.0007285769318609719,0.0006802588952220853,0.0006352156935162268,0.0005932190635567717,0.0005540572450124948,0.0005175337287214674,0.00048346610606539095,0.00045168501052911605,0.0004220331434950531,0.00039436437703288703,0.00036854292720243063,0.00034444259186555,0.0003219460476355353,0.00030094420109821277,0.0002813355898042,0.00026302582897813013,0.0002459271002453658,0.00022995767897682467,0.0002150414971940611,0.00020110773917430755,0.0001880904671796033,0.00017592827496841316,0.0001645639668926965,0.00015394426060641453,0.00014401951156366903,0.0001347434576201129,0.0001260729822244078,0.0001179678947625315,0.00011039072676147796,0.00010330654277153437,9.668276480859933e-5,9.048900935452976e-5,8.469693597191433e-5,7.928010668677762e-5,7.421385533061694e-5,6.947516611387986e-5,6.504256076136851e-5,6.089599357599995e-5,5.701675385981638e-5,5.338737515646558e-5,4.9991550821795825e-5,4.6814055472484194e-5,4.3840671883708135e-5,4.105812294770894e-5,1.922700416851278e-5
0.029723080676796187,0.05006146909201625,0.0440457226829597,0.03928643754431638,0.03532060305979656,0.031927323038369426,0.0289759108155081,0.026379701660482868,0.02407695247869157,0.022021453513759115,0.020177357507921156,0.018516089483416653,0.017014382355123314,0.01565296620825729,0.014415658837250267,0.013288714014091041,0.012260341636304156,0.011320346195306197,0.0104598489408122,0.009671070659425435,0.008947159264414306,0.008282051122955464,0.007670358195367016,0.007107275211287428,0.006588502603949886,0.006110181982181995,0.005668841685923881,0.005261350529898956,0.004884878256369338,0.004536861528643341,0.0042149745356738905,0.003917103460631038,0.003641324207227639,0.003385882889519437,0.003149178678378925,0.0029297486677848372,0.002726254480911995,0.0025374703805245355,0.0023622726858982396,0.002199630328930821,0.002048596406592898,0.001908300607979016,0.0017779424113351233,0.0016567849612219576,0.0015441495476089806,0.0014394106193694155,0.0013419912734625207,0.0012513591681808864,0.001167022815471791,0.0010885282127335826,0.0010154557791612062,0.0009474175659471042,0.0008840547129097126,0.0008250351273925427,0.000770051363985523,0.0007188186857873136,0.0006710732901171884,0.0006265706833717809,0.00058508419124036,0.0005464035920588646,0.0005103338621192718,0.00047669402299188417,0.00044531608191176845,0.0004160440570565773,0.0003887330803944945,0.0003632485714357824,0.0003394654759186601,0.0003172675639006254,0.0002965467823086631,0.0002772026574676834,0.0002591417434627116,0.00024227711260150445,0.0002265278845708131,0.00021181879115591065,0.00019807977370751937,0.00018524561072209324,0.00017325557316346394,0.00016205310536948278,0.000151585529520461,0.00014180377185157812,0.00013266210893158508,0.00012411793245486026,0.00011613153115329995,0.0001086658885045659,0.00010168649504553899,9.516117420357178e-5,8.905992061551313e-5,8.335475001172471e-5,7.801955979615141e-5,7.302999954289361e-5,6.836335066464304e-5,6.399841458267917e-5,5.991540878184519e-5,5.609587016705965e-5,5.252256519541732e-5,4.9179406290479665e-5,4.605137408441164e-5,4.312444507348313e-5,4.0385524291866636e-5,3.7822382646274656e-5,1.77117992916942e-5
0.02739796601382516,0.04614567479763243,0.04060067490868524,0.03621379541045855,0.03255826589524535,0.02943047993180825,0.026709979842669984,0.024316884233564873,0.022194282689714517,0.020299582309012965,0.018599741590641428,0.017068422092947788,0.015684177802677224,0.01442924700611481,0.013288714014091041,0.012249908443502044,0.011301962925073433,0.010435479870268327,0.009642275383108884,0.008915179041707438,0.00824787498344387,0.0076347740868372704,0.007070909944983772,0.006551853307547734,0.0060736410473772595,0.005632716683444436,0.005225880198004393,0.004850245400968414,0.004503203478195744,0.0041823916468241296,0.0038856660607482357,0.003611078277610938,0.003356854728538597,0.0031213787350339722,0.0029031746980679035,0.002700894148881361,0.0025133034034009946,0.0023392726032060718,0.002177765960753572,0.002027833054619975,0.0018886010430943304,0.0017592676839116098,0.001639095063692933,0.0015274039542843981,0.0014235687239113996,0.00132701274090484,0.0012372042158816828,0.001153652434798487,0.0010759043414087788,0.0010035414326249222,0.0009361769345928271,0.0008734532311879054,0.0008150395196519951,0.000760629671104707,0.0007099402761601113,0.0006627088578765386,0.0006186922362859844,0.0005776650303964057,0.000539418284959613,0.0005037582107415544,0.0004705050279867982,0.0004394919039131043,0.0004105639759877048,0.0003835774534521339,0.0003583987903475047,0.00033490392389532494,0.00031297757273189043,0.00029251258990000296,0.000273409366038627,0.00025557527864050137,0.00023892418355753783,0.00022337594531287794,0.00020885600307943113,0.00019529496943947915,0.0001826282593298278,0.00017079574674460632,0.0001597414470093086,0.00014941322263846424,0.00013976251091205472,0.00013074407149505328,0.00012231575255373635,0.00011443827393727577,0.00010707502614017627,0.00010019188382558988,9.375703281156453e-5,8.77408095179054e-5,8.211555192418757e-5,7.685546118834144e-5,7.19364731248404e-5,6.733613882394136e-5,6.303351372557607e-5,5.9009054530014026e-5,5.524452337697856e-5,5.172289875537994e-5,4.8428292658871087e-5,4.534587353241656e-5,4.246179459107028e-5,3.976312712889319e-5,3.7237798453843484e-5,3.487453411913971e-5,1.6331402074352074e-5
0.025276337392508452,0.04257255463591558,0.037457091434183076,0.03341001810079569,0.030037631289871802,0.027152100457595862,0.024642301273596734,0.022434541738315494,0.020476320973563056,0.018728346245797944,0.01716013614529649,0.01574739294192745,0.014470332248066653,0.013312568500070066,0.012260341636304156,0.011301962925073433,0.010427406943382872,0.009628004164523779,0.008896204713061684,0.008225393660489494,0.007609744424113496,0.007044100853091095,0.006523881262525094,0.006044999505050858,0.005603799441583471,0.005197000072923577,0.004821649245397408,0.004475084318894082,0.004154898539642113,0.0038589121242895708,0.0035851472647945443,0.0033318064188518626,0.003097253370385425,0.0028799966398221077,0.0026786748982440337,0.0024920440989894543,0.002318966088606121,0.002158398496914432,0.0020093857380135485,0.0018710509799407249,0.0017425889615217752,0.0016232595528966054,0.001512381970759067,0.001409329571920196,0.0013135251586968676,0.0012244367387060397,0.00114157368914038,0.0010644832816311435,0.0009927475294424747,0.0009259803233263794,0.0008638248263407797,0.0008059511015318967,0.0007520539491591236,0.000701850932921631,0.0006550805769491123,0.000611500717161954,0.0005708869924676511,0.0005330314627800519,0.0004977413421386363,0.00046483783653741666,0.0004341550769539435,0.00040553913912435083,0.00037884714245518293,0.00035394642112251094,0.000330713761133054,0.00030903469767850234,0.0002888028677073759,0.00026991941301297145,0.0002522924296312597,0.00023583645973869732,0.00022047202252579567,0.00020612518087181637,0.0001927271409237659,0.00018021388191773744,0.00016852581384818642,0.00015760746074530273,0.00014740716754343183,0.00013787682870690593,0.00012897163689284692,0.00012064985010512954,0.00011287257591289027,0.00010560357141300471,9.880905775156486e-5,9.245754807886766e-5,8.651968792502919e-5,8.096810707150797e-5,7.57772820426249e-5,7.092340843236115e-5,6.63842823275054e-5,6.213919016422932e-5,5.816880638485748e-5,5.44550983247957e-5,5.098123780529528e-5,4.773151893588262e-5,4.469128167917957e-5,4.184684075853593e-5,3.918541952207708e-5,3.669508841070183e-5,3.43647076940409e-5,3.218387417039186e-5,1.5071435775825546e-5
0.023337139866929646,0.03930665334626737,0.03458378187802147,0.030847288906579506,0.0277336934410789,0.025069583647945426,0.022752365608342984,0.020714004252340934,0.018906028892992588,0.01729216305840242,0.015844265191804763,0.014539902718768372,0.01336080993438965,0.012291859041803688,0.011320346195306197,0.010435479870268327,0.009628004164523779,0.008889914985242692,0.008214241939941497,0.007594877811547163,0.007026443211614636,0.006504177718450965,0.006023851278386477,0.005581691336596986,0.005174322338447418,0.004798715073268123,0.004452143933940875,0.00413215060437902,0.0038365130137936326,0.0035632186405742394,0.0033104414359770157,0.0030765217811161566,0.0028599490013609605,0.002659346050119457,0.002473456042661089,0.002301130375538342,0.002141318211790061,0.0019930571470570257,0.0018554649013529934,0.0017277319051261161,0.001609114667472926,0.0014989298309365032,0.0013965488307576546,0.0013013930880528927,0.0012129296755265667,0.0011306674027055756,0.001054153274605247,0.0009829692833021077,0.0009167294970948078,0.000855077416167211,0.0007976835673362548,0.0007442433137892016,0.0006944748582791236,0.0006481174208145639,0.0006049295740060655,0.0005646877209333108,0.0005271847021155046,0.0004922285195704812,0.000459641167139797,0.00042925755748689925,0.00040092453698893464,0.00037449998071707475,0.000349851960480224,0.00032685797951608354,0.0003054042680821307,0.00028538513471284156,0.00026670236845713347,0.00024926468775542544,0.0002329872320730158,0.00021779109277222236,0.00020360287996956574,0.00019035432244709485,0.00017798189794328723,0.0001664264913659422,0.0001556330787163807,0.00014555043465702732,0.00013613086186012747,0.0001273299404446807,0.00011910629591317884,0.00011142138416096606,0.00010423929224107975,9.752655366534416e-5,9.125197714765347e-5,8.538648775035032e-5,7.990297949850116e-5,7.477617860833681e-5,6.998251652112764e-5,6.550001201799968e-5,6.130816173344883e-5,5.7387838455498497e-5,5.372119662784363e-5,5.029158452768043e-5,4.70834626351271e-5,4.408232773612066e-5,4.127464234583288e-5,3.864776906521369e-5,3.618990951390175e-5,3.389004751407434e-5,3.1737896215021356e-5,2.9723848877773792e-5,1.3919466531102094e-5
