0.06134155474849612,0.10805588185081794,0.09820880463564641,0.09017389055888625,0.08329613133265013,0.07726269077752268,0.07188879641278079,0.06705196883577935,0.06266489704495504,0.05866213121853048,0.05499276602403036,0.05161607714531202,0.04849875416262872,0.04561305902108059,0.04293555176962682,0.040446179999145127,0.03812761034804757,0.03596472627826397,0.03394424318903755,0.03205440829560635,0.030284763007026427,0.02862595223148967,0.027069569481738998,0.025608029691328027,0.024234463763181724,0.02294263035759142,0.021726841506790162,0.020581899425494987,0.019503042472300003,0.018485898647569332,0.017526445348895026,0.016620974360051943,0.01576606124236396,0.014958538454771575,0.014195471648978386,0.013474138682097236,0.012792010969264078,0.012146736856959328,0.011536126751156561,0.010958139776594766,0.010410871774827773,0.009892544478773718,0.009401495723861147,0.008936170577115765,0.008495113279193833,0.008076959909957437,0.007680431700508139,0.007304328922543263,0.006947525295829399,0.006608962861420764,0.006287647274213742,0.005982643474856747,0.0056930717040408335,0.005418103827355844,0.0051569599427658125,0.004908905244596237,0.004673247121536231,0.004449332468330208,0.004236545192498553,0.0040343039002774805,0.0038420597462283934,0.0036592944332623223,0.0034855183513185506,0.0033202688432704824,0.00316310858824842,0.0030136240931143074,0.0028714242842432097,0.002736139191585288,0.0026074187182219197,0.0024849314894198338,0.0023683637750944314,0.0022574184804976735,0.0021518142003131707,0.002051284331564353,0.001955576241511457,0.0018644504864561567,0.001777680078024979,0.001695049793945122,0.0016163555300828109,0.0015414036911155053,0.0014700106173062798,0.0014020020449156956,0.0013372125982947826,0.0012754853114085897,0.001216671176952358,0.0011606287214741863,0.001107223604696634,0.0010563282416366192,0.0010078214460216665,0.0009615880938471828,0.0009175188056952284,0.0008755096467139012,0.0008354618432875396,0.0007972815152900645,0.0007608794230576504,0.0007261707281891478,0.0006930747673432047,0.0006615148383544711,0.0006314179978585428,0.0006027148697785156,0.00028766973206087194
0.10805588185081794,0.1903466900941302,0.17300144267641393,0.15884817482476077,0.14673314604018017,0.13610532199465153,0.12663924178816544,0.11811916849452553,0.11039131131038937,0.10334038601010898,0.09687672721719665,0.09092860251931212,0.08543733842428192,0.08035407666170746,0.07563752968342174,0.07125237678876406,0.06716808663106821,0.06335803259505002,0.05979881485455274,0.056469731736234374,0.05335236116997488,0.05043022479791448,0.04768851514214767,0.045113871582580733,0.04269419461425339,0.04041849047034518,0.03827674009942217,0.03625978786333406,0.03435924635347132,0.032567414481851964,0.030877206594305262,0.029282090801959093,0.02777603506713988,0.026353459857016648,0.02500919638983068,0.023738449667728423,0.022536765631214706,0.021400001872874108,0.0203243014420455,0.019306069346409938,0.018341951411701307,0.01742881521369677,0.01656373283606538,0.01574396524507493,0.014966948096217902,0.014230278815281883,0.013531704818089185,0.012869112747127598,0.01224051862079481,0.011644058802999069,0.011077981711380275,0.01054064019372511,0.010030484507449922,0.009546055846114038,0.009085980363736729,0.00864896365093537,0.008233785623256024,0.007839295785897066,0.00746440884195787,0.007108100616363661,0.00676940426807876,0.006447406767262104,0.006141245616648056,0.0058501057970270776,0.0055732169195458064,0.005309850568505914,0.0050593178208458295,0.004820966928165943,0.00459418114934447,0.004378376723182836,0.004173000970355459,0.0039775305155313745,0.0037914696211831106,0.0036143486249907014,0.0034457224741039905,0.0032851693490756756,0.0031322893714247624,0.002986703389570869,0.0028480518374496486,0.0027159936611794513,0.0025902053093201857,0.0024703797823825285,0.0023562257381419954,0.002247466648793467,0.002143840006708829,0.0020450965760040324,0.001950999686731611,0.001861324569231576,0.001775857725995117,0.0016943963390061087,0.0016167477101305741,0.0015427287326148023,0.0014721653919841544,0.0014048922943910754,0.001340752220891337,0.001279595706077441,0.0012212806396057936,0.0011656718894238575,0.0011126409452700027,0.0010620655813060494,0.0005069147684557077
0.09820880463564641,0.17300144267641393,0.1572373979256918,0.14437429993191175,0.13336360452896034,0.12370451959072026,0.11510125916181568,0.10735775685855442,0.10033424428063675,0.09392594863234716,0.08805138007092173,0.08264534660610034,0.0776545244633271,0.07303451014111384,0.06874778056232467,0.0647622354393016,0.06105012714349223,0.057587256742455795,0.05435235787238124,0.05132661630300217,0.048493289551615026,0.04583740161896788,0.04334549503413898,0.0410054272590713,0.03880620188224182,0.03673782740925713,0.03479119818704968,0.032957993250572803,0.031230589818161403,0.029601988851300165,0.028065750631469544,0.026615938714749876,0.025247070933769544,0.02395407636853003,0.02273225739986867,0.021577256113061716,0.020485024447224887,0.019451797579433605,0.01847407011794877,0.01754857474644067,0.01667226301130975,0.01584228799232712,0.015055988632642348,0.014310875538216972,0.013604618078605357,0.012935032645971178,0.012300071948942837,0.011697815230633929,0.0111264593160611,0.010584310405113984,0.010069776536793335,0.009581360660715244,0.00911765425669167,0.008677331451460712,0.008259143587829532,0.007861914204438075,0.007484534390130915,0.007125958480401512,0.006785200066036806,0.006461328288654977,0.006153464398243838,0.005860778551484175,0.0055824868320293874,0.005317848474451353,0.005066163276147756,0.004826769182379093,0.004599040031878027,0.004382383450182353,0.004176238879827959,0.003980075737803596,0.0037933916905210086,0.003615711037999722,0.0034465831995564994,0.003285581293644299,0.003132300805718982,0.0029863583376012817,0.002847390432844335,0.0027150524733270676,0.0025890176419024608,0.002468975946892847,0.002354633304379905,0.002245710674343482,0.002141943247517576,0.0020430796793610567,0.0019488813682004696,0.0018591217750063352,0.001773585781909011,0.0016920690872122904,0.0016143776344998972,0.0015403270739860857,0.0014697422539014342,0.0014024567401516308,0.0013383123626969848,0.0012771587868791977,0.0012188531083127466,0.0011632594699134725,0.0011102486997341572,0.0010596979685221462,0.0010114904657019634,0.0009655150927467097,0.00046083308652792795
0.09017389055888625,0.15884817482476077,0.14437429993191175,0.13256390988334044,0.12245429297479626,0.11358565104024043,0.10568641070158957,0.0985765552916813,0.09212775765959647,0.08624382156354282,0.08084992779599087,0.07588622087207941,0.07130374199641487,0.0670617224353407,0.0631257106481733,0.05946623397319861,0.056057816097634605,0.052878238906862274,0.04990797679316872,0.04712975554923193,0.04452820312076833,0.04208956933161201,0.03980149822648249,0.037652841142129634,0.03563350171976898,0.033734306255341795,0.03194689437150178,0.030263626144950373,0.02867750268327285,0.02718209777857228,0.025771498758164868,0.024440255027210644,0.023183333081775837,0.021996077002143344,0.02087417361268079,0.01981362163573258,0.018810704284665858,0.017861964826829058,0.01696418472565192,0.016114364033095963,0.01530970374975743,0.014547589914113646,0.01382557921529326,0.013141385954978657,0.01249287020412082,0.011878027023070753,0.01129497663183368,0.01074195542883205,0.010217307771166001,0.009719478439392887,0.00924700571862147,0.008798515037158394,0.008372713108363683,0.007968382528956403,0.007584376792697106,0.00721961568107643,0.006873080997944592,0.006543812618210354,0.006230904823182767,0.0059335028993200145,0.005650799977531609,0.00538203409355377,0.005126485452111668,0.004883473878076,0.004652356440194197,0.004432525233778503,0.004223405310823075,0.0040244527457514445,0.0038351528268209534,0.003655018364372417,0.003483588106974661,0.0033204252578447335,0.003165116084463626,0.003017268614635013,0.0028765114133665753,0.0027424924345756524,0.002614877942579384,0.002493351498980771,0.0023776130102030266,0.002267377831808727,0.002162375925883385,0.0020623510678602144,0.001967060099911301,0.0018762722275971824,0.00178976835707325,0.0017073404705223796,0.0016287910371563033,0.0015539324577279919,0.0014825865403464457,0.0014145840058969773,0.0013497640210385145,0.0012879737571601796,0.00122906797387181,0.0011729086254002631,0.0011193644886218282,0.001068310811420458,0.001019628980150098,0.0009732062052054333,0.0009289352235097442,0.0008867140169687704,0.000423222773040105
0.08329613133265013,0.14673314604018017,0.13336360452896034,0.12245429297479626,0.11311596758838505,0.10492391881857266,0.09762729794085923,0.09105982597336859,0.0851029688525533,0.07966787140068043,0.074685424112098,0.07010033926193882,0.06586739424191235,0.061948931484991476,0.05831312852234616,0.054932761801463226,0.05178429913716087,0.04884721789244162,0.04610348245783691,0.04353713680795457,0.041133981907043426,0.03888131682341034,0.036767728446035486,0.03478291882138962,0.03291756199394136,0.031163184250830867,0.029512063137408395,0.02795714167231589,0.026491954985660926,0.025110567188648236,0.023807516738382717,0.02257776890758656,0.021416674230942123,0.020319932013446396,0.01928355814918109,0.018303856629294568,0.0173773942266649,0.016500977923820548,0.01567163472316363,0.01488659353580224,0.01414326888786488,0.013439246223993895,0.012772268618087057,0.012140224730207844,0.011541137867121104,0.010973156025086028,0.010434542810259184,0.009923669142848701,0.009439005664649253,0.008979115778854352,0.00854264925914619,0.008128336373786904,0.007734982474513125,0.00736146300704657,0.00700671890527943,0.006669752333693879,0.00634962274747361,0.006045443242715595,0.005756377171409019,0.0054816349997187375,0.0052204713884637655,0.00497218247779764,0.004736103360123381,0.0045116057257321845,0.004298095667846669,0.004095011634490595,0.0039018225165363685,0.0037180258610325506,0.0035431462005993952,0.003376733490752404,0.0032183616468875603,0.0030676271738899544,0.002924147881826031,0.0027875616814826212,0.0026575254545609106,0.00253371399298518,0.0024158190026708493,0.0023035481676983785,0.0021966242705075897,0.00209478436454396,0.0019977789959200395,0.0019053714707458341,0.0018173371654723255,0.0017334628771927055,0.0016535462114060026,0.0015773950050901736,0.0015048267826303294,0.0014356682427008258,0.0013697547740617877,0.0013069299987022095,0.0012470453404561307,0.0011899596175975607,0.001135538658097627,0.0010836549360398809,0.001034187228021257,0.0009870202883280228,0.0009420445417585889,0.0008991557931731439,0.0008582549526699769,0.0008192477755097662,0.0003910223080197169
0.07726269077752268,0.13610532199465153,0.12370451959072026,0.11358565104024043,0.10492391881857266,0.09732539322110445,0.09055740525302536,0.08446572667050667,0.0789404139347778,0.07389905147107867,0.06927753834154182,0.0650245936749132,0.0610982722589577,0.05746364565349871,0.054091197622157194,0.05095567754100494,0.04803525862313529,0.045310905513714195,0.04276588963865913,0.04038541129047346,0.038156300413784705,0.036066776482510665,0.03410625345682883,0.03226517963384745,0.030534904863707024,0.028907569473634043,0.027376010602442102,0.025933682632986343,0.02457458914734112,0.023293224371901733,0.02208452250196291,0.020943813616272733,0.01986678513504858,0.018849447973125932,0.017888106691117622,0.01697933306840066,0.016119942622546568,0.01530697367318562,0.014537668615508814,0.013809457121725377,0.013119941028275572,0.012466880704461392,0.011848182726330037,0.011261888706406875,0.010706165147063018,0.010179294204949285,0.009679665269431065,0.009205767267969511,0.008756181623904569,0.008329575800686911,0.007924697374128487,0.0075403685823274835,0.007175481306709142,0.006828992444123716,0.006499919634811807,0.0061873373133649184,0.0058903730543523325,0.005608204187022223,0.005340054655580823,0.00508519210514248,0.004842925173770413,0.004612600973919717,0.00439360274847303,0.004185347686981214,0.003987284889756346,0.0037988934681496694,0.0036196807711381535,0.003449180728111942,0.003286952299317511,0.0031325780264076925,0.002985662675430427,0.002845831965728393,0.0027127313786841356,0.002586025040525096,0.002465394674373733,0.0023505386164036704,0.0022411708917840847,0.0021370203466523283,0.002037829832047748,0.001943355436496201,0.001853365764058125,0.0017676412547361006,0.0016859735447787988,0.0016081648640471347,0.0015340274681284495,0.0014633831032014565,0.001396062501375743,0.0013319049047423454,0.001270757616243616,0.0012124755759083117,0.0011569209607140384,0.0011039628066911514,0.0010534766520468725,0.0010053441999146942,0.0009594529996413692,0.0009156961454887015,0.0008739719917036717,0.0008341838831035855,0.0007962399001558255,0.0007600526177370687,0.00036276943843898627
0.07188879641278079,0.12663924178816544,0.11510125916181568,0.10568641070158957,0.09762729794085923,0.09055740525302536,0.08426025542110138,0.07859235319078439,0.0734514061736753,0.06876073422717344,0.06446069729455917,0.06050358320955529,0.05685036577407465,0.05346854724664585,0.05033066543917597,0.04741322691936867,0.04469592381645149,0.04216104542695043,0.03979302729163592,0.03757809958157765,0.03550400870701775,0.033559793905547086,0.031735605772861386,0.030022557258871374,0.028412600124798182,0.026898421597495226,0.025473357222565274,0.02413131683429609,0.022866721246414257,0.0216744477723132,0.020549783076392936,0.01948838215674792,0.018486232485518117,0.017539622517616427,0.016645113919221244,0.015799516979954242,0.014999868766440827,0.014243413643221237,0.013527585849518353,0.012849993869781084,0.012208406372661379,0.01160073952830698,0.011025045540065642,0.010479502251594969,0.009962403706366169,0.009472151554825642,0.009007247218905917,0.008566284732889978,0.008147944191271461,0.007750985742249583,0.007374244072493846,0.007016623336338429,0.006677092486088776,0.00635468096616823,0.0060484747383664356,0.005757612607602269,0.005481282821846317,0.005218719922391257,0.00496920182260896,0.004732047096673089,0.0045066124600294105,0.004292290426087267,0.004088507125352872,0.0038947202736188263,0.00371041727771583,0.0035351134679723756,0.0033683504481928778,0.0032096945537499755,0.00305873540984071,0.0029150845828830943,0.002778374317918643,0.002648256355947301,0.0025244008255513664,0.0024064952034259512,0.0022942433393355263,0.0021873645407160455,0.002085592712904427,0.0019886755514978843,0.0018963737830585276,0.0018084604510834948,0.0017247202442750922,0.001644948864222985,0.0015689524302066882,0.0014965469184815595,0.0014275576338948805,0.0013618187119741713,0.0012991726493694969,0.001239469861009354,0.0011825682622098078,0.0011283328743840783,0.0010766354527356262,0.0010273541346452787,0.0009803731076161518,0.0009355822954784897,0.0008928770618424585,0.0008521579297541618,0.0008133303165813073,0.0007763042833345418,0.0007409942974750706,0.0007073190084501049,0.0003376005176552281
0.06705196883577935,0.11811916849452553,0.10735775685855442,0.0985765552916813,0.09105982597336859,0.08446572667050667,0.07859235319078439,0.07330587025076762,0.06851087169694892,0.06413583942539947,0.060125148289267516,0.056434298050733966,0.05302688970192371,0.049872613195364734,0.046945855042150875,0.04422470333079853,0.04169021725750244,0.03932587834266643,0.0371171698641346,0.03505124891409872,0.03311668674948154,0.03130326042042897,0.02960178351780185,0.02800396720044951,0.026502304969418744,0.025089976279699222,0.023760765260244954,0.02250899166777759,0.02132945183966295,0.020217367881850135,0.019168343694377143,0.01817832671544728,0.017243574475946544,0.01636062522824322,0.015526272044330325,0.01473753988331572,0.013991665215738303,0.013286077855854839,0.012618384711377495,0.011986355206222266,0.011387908166098498,0.010821099989619803,0.010284113952068075,0.009775250512161993,0.009292918507100068,0.008835627138193386,0.008401978662860438,0.007990661717439701,0.007600445206132206,0.007230172698845239,0.006878757287230974,0.006545176855234147,0.006228469723747007,0.005927730634610162,0.005642107043423161,0.005370795692638611,0.005113039440358402,0.004868124322623443,0.0046353768288082825,0.004414161372845074,0.00420387794328729,0.004003959917730351,0.0038138720287387295,0.003633108468794416,0.003461191123547064,0.003297667923241848,0.003142111303754705,0.0029941167684634853,0.0028533015435400697,0.002719303320112977,0.00259177907664606,0.002470403975868951,0.0023548703309955385,0.002244886636210454,0.0021401766572451547,0.002040478577583986,0.0019455441965536072,0.001855138176033104,0.0017690373322550718,0.001687029969825428,0.0016089152551959779,0.0015345026268961358,0.0014636112403865233,0.0013960694450749975,0.0013317142914866416,0.00127039106685509,0.0012119528571594672,0.0011562601340768877,0.0011031803652087786,0.0010525876463192557,0.0010043623540775537,0.000958390818101576,0.0009145650112431757,0.0008727822569043822,0.0008329449524408575,0.0007949603076780921,0.0007587400976323995,0.0007242004286961232,0.0006912615174015247,0.0006598474810560872,0.0003149430698234229
0.06266489704495504,0.11039131131038937,0.10033424428063675,0.09212775765959647,0.0851029688525533,0.0789404139347778,0.0734514061736753,0.06851087169694892,0.06402965003585481,0.05994090495800619,0.05619265276426422,0.05274330637595459,0.04955884959820178,0.04661095658215664,0.04387569057600227,0.04133257407992241,0.03896390619647916,0.03675424977331054,0.03469003836891149,0.03275926977851984,0.030951263382671956,0.029256465416948152,0.027666290799792215,0.026172993257836286,0.024769557643556428,0.02344960985725425,0.02220734088823373,0.021037442288862784,0.019935050993104053,0.0188957018309881,0.017915286433015265,0.016990017478755115,0.016116397440955277,0.015291191137202453,0.01451140152379482,0.013774248264565025,0.013077148689139229,0.01241770081461363,0.011793668159149423,0.011202966119049695,0.010643649712905295,0.010113902527101787,0.009612026719825306,0.009136433962407015,0.0086856372107873,0.008258243215811312,0.00785294569364009,0.0074685190856817185,0.00710381284758746,0.006757746213832322,0.006429303390492136,0.006117529135393082,0.005821524687875487,0.005540444015687221,0.00527349035046934,0.005019912985175859,0.004779004310454901,0.004550097069237424,0.0043325618104787245,0.0041258045259098125,0.003929264453919418,0.003742412037033807,0.0035647470209840826,0.00339579668369365,0.003235114184168275,0.0030822770218272427,0.0029368855982664574,0.0027985618732562084,0.0026669481080446034,0.0025417056898441454,0.002422514031283775,0.0023090695395319646,0.002201084650172387,0.002098286921140495,0.0020004181828160925,0.0019072337401046593,0.001818501623005564,0.0017340018826184078,0.0016535259292889196,0.0015768759102099059,0.0015038641238926571,0.0014343124689914256,0.0013680519254835669,0.0013049220659069709,0.0012447705947779102,0.0011874529145698143,0.001132831716406893,0.0010807765940425325,0.0010311636795882866,0.0009838752998142658,0.0009387996516115604,0.0008958304954927443,0.0008548668661401172,0.0008158127988703925,0.0007785770711337143,0.0007430729581365484,0.0007092180017396112,0.0006769337919390068,0.0006461457601028651,0.0006167829833025312,0.0002943889995876917
0.05866213121853048,0.10334038601010898,0.09392594863234716,0.08624382156354282,0.07966787140068043,0.07389905147107867,0.06876073422717344,0.06413583942539947,0.05994090495800619,0.0561133661810429,0.05260456173499595,0.04937556241418262,0.0463945260263785,0.04363493704283827,0.041074388514185434,0.03869371165343938,0.03647633681589102,0.034407813419649824,0.03247544203119945,0.03066798747886279,0.028975451709913447,0.02738889150613877,0.025900270420971205,0.024502337205561275,0.023188525008816352,0.02195286705661864,0.020789925547841703,0.01969473125253618,0.018662731857349235,0.01768974751500746,0.016771932375325926,0.015905741118842187,0.015087899698633667,0.014315379646328508,0.013585375413102008,0.012895284308263089,0.012242688674555191,0.01162533999499113,0.011041144677074427,0.010488151300570847,0.009964539144973084,0.00946860784153944,0.008998768016175968,0.008553532809747078,0.00813151017544722,0.007731395867780377,0.007351967049463809,0.006992076450170748,0.006650647020523703,0.0063266670312728535,0.006019185573303998,0.005727308420258481,0.005450194218422161,0.005187050973473717,0.0049371328073805065,0.004699736960486076,0.0044742010172862945,0.004259900336466213,0.0040562456673609165,0.0038626809377291654,0.0036786811979759027,0.003503750709155262,0.003337421163511878,0.0031792500266389634,0.0030288189918752373,0.0028857325380848217,0.0027496165833222758,0.0026201172267097325,0.0024968995720399123,0.002379646627373784,0.002268058274812676,0.0021618503054890575,0.0020607535151712306,0.001964512856090901,0.0018728866413379036,0.0017856457979210927,0.0017025731652176856,0.0016234628359569694,0.0015481195366505059,0.00147635804495631,0.0014080026415570768,0.0013428865941964227,0.001280851672003147,0.001221747687952069,0.0011654320677045756,0.001111769443312892,0.001060631270059894,0.001011895465095964,0.0009654460664365143,0.0009211729112165515,0.0008789713318829509,0.0008387418692722068,0.0008003900016467398,0.0007638258886306648,0.0007289641292194116,0.0006957235330107073,0.0006640269038625975,0.0006338008353306418,0.0006049755171096648,0.0005774845518612039,0.000275632390949904
0.05499276602403036,0.09687672721719665,0.08805138007092173,0.08084992779599087,0.074685424112098,0.06927753834154182,0.06446069729455917,0.060125148289267516,0.05619265276426422,0.05260456173499595,0.04931525934871439,0.04628825280670368,0.043493692772058945,0.040906723192872696,0.038506339453292626,0.036274572432746566,0.03419588947987573,0.03225674437969239,0.030445232465787786,0.02875082168921983,0.02716413969191067,0.02567680293096397,0.024281277882729824,0.022970767077954757,0.021739114610712873,0.020580727095127593,0.01949050701168631,0.018463796085898543,0.01749632686671565,0.016584181058124814,0.01572375345789545,0.014911720585840949,0.014145013256880723,0.013420792495213107,0.012736428293519453,0.012089480807173814,0.011477683645172793,0.010898928971705052,0.010351254180118813,0.009832829938836801,0.009341949436866837,0.008877018683499521,0.008436547736831834,0.00801914275480009,0.007623498774637694,0.007248393140652093,0.006892679511249472,0.0065552823832593365,0.00623519208051003,0.005931460159726745,0.005643195192169367,0.005369558885187031,0.0051097625105576,0.004863063611106264,0.004628762960562471,0.004406201753262687,0.004194759003540868,0.003993849136595021,0.0038029197541097626,0.0036214495604692948,0.0034489464356275007,0.0032849456427593016,0.0031290081601552666,0.002980719127121098,0.0028396863950914536,0.002705539175656156,0.002577926778470553,0.002456517431857201,0.002340997180018331,0.0022310688514872445,0.002126451093362028,0.0020268774666763467,0.0019320955985910049,0.001841866387289455,0.00175596325615094,0.001674171453544114,0.0015962873951687398,0.0015221180462698727,0.0014514803408301122,0.0013842006353843826,0.0013201141951891746,0.0012590647105372374,0.001200903841465071,0.0011454907888363876,0.0010926918901544083,0.0010423802386822327,0.0009944353242510237,0.0009487426945012402,0.0009051936352107159,0.000863684868674764,0.0008241182689015872,0.0007864005926367483,0.0007504432253476207,0.000716161941175162,0.0006834766760789191,0.0006523113133762425,0.0006225934809310184,0.0005942543593846807,0.0005672285007032405,0.0005414536564603088,0.00025843530768110065
0.05161607714531202,0.09092860251931212,0.08264534660610034,0.07588622087207941,0.07010033926193882,0.0650245936749132,0.06050358320955529,0.056434298050733966,0.05274330637595459,0.04937556241418262,0.04628825280670368,0.04344712675178841,0.040824168750897005,0.03839604981386402,0.03614305576199872,0.03404832141661507,0.03209726837571014,0.030277182630172317,0.028576890865227966,0.02698650805199654,0.025497237602781442,0.024101210993768885,0.022791357496569853,0.021561297215269615,0.020405252400826634,0.019317973264173893,0.018294675417712902,0.017330986732774945,0.016422901893059616,0.015566743286336171,0.014759127158796015,0.013996934170799336,0.013277283655052041,0.012597511010616902,0.01195514776715445,0.011347903934562004,0.010773652320509142,0.010230414547364841,0.009716348544912906,0.009229737330720938,0.008768978916400133,0.008332577203280817,0.007919133749845875,0.007527340311137221,0.007155972061831134,0.006803881427798725,0.006469992461324986,0.0061532957018426565,0.005852843472393593,0.005567745567771412,0.005297165295317541,0.005040315834749343,0.0047964568859237,0.004564891577781852,0.004344963614973427,0.004136054640204168,0.003937581793388226,0.0037489954505120493,0.0035697771265170986,0.0033994375289065487,0.0032375147489983325,0.0030835725796785757,0.002937198949765192,0.002798004465371637,0.0026656210500211053,0.0025397006757189172,0.00241991417838687,0.002305950150908523,0.002197513908078652,0.0020943265184149573,0.0019961238977108317,0.0019026559599690726,0.0018136858216657586,0.0017289890554802595,0.001648352990275527,0.0015715760538964202,0.0014984671559021903,0.001428845107721996,0.0013625380775170795,0.0012993830775384768,0.0012392254818517218,0.0011819185723551777,0.0011273231114471843,0.001075306939448805,0.0010257445952365982,0.0009785169587516046,0.0009335109138640593,0.0008906190304160885,0.0008497392641788511,0.0008107746737529148,0.0007736331532511541,0.0007382271798384282,0.0007044735753124788,0.000672293280794229,0.0006416111438010512,0.0006123557169530613,0.0005844590676133844,0.0005578565978926198,0.0005324868743357344,0.0005082914667470604,0.0002426073978448887
0.04849875416262872,0.08543733842428192,0.0776545244633271,0.07130374199641487,0.06586739424191235,0.0610982722589577,0.05685036577407465,0.05302688970192371,0.04955884959820178,0.0463945260263785,0.043493692772058945,0.040824168750897005,0.038359631387203996,0.03607816141070064,0.03396123592100053,0.031993008853373084,0.03015978273013853,0.028449611801287245,0.026851997906915726,0.025357653321789186,0.023958312987263863,0.022646583825634004,0.021415822343860802,0.02026003413446853,0.019173790549292635,0.01815215899577366,0.01719064415893773,0.01628513807033427,0.015431877407875605,0.01462740675091545,0.013868546779949309,0.013152366611727029,0.012476159613052873,0.01183742216091524,0.011233834911478946,0.010663246216364969,0.010123657387901552,0.009613209561068287,0.009130171942043325,0.008672931266587275,0.008239982316276817,0.007829919364361698,0.0074414284406950915,0.007073280321985509,0.006724324164400247,0.006393481707882009,0.006079741991268345,0.005782156523585033,0.005499834864734696,0.005231940574195265,0.0049776874910608115,0.004736336313833953,0.004507191450752873,0.0042895981155157414,0.004082939646320796,0.00388663502759333,0.0037001365966238403,0.003522927919057575,0.003354521818490816,0.0031944585476826604,0.003042304089095102,0.0028976485742890704,0.0027601048128834266,0.0026293069220484078,0.002504909048782082,0.0023865841776480948,0.0022740230177778972,0.0021669329627936537,0.002065037118290536,0.0019680733921407997,0.001875793642808113,0.0017879628815755597,0.0017043585248813012,0.0016247696931311964,0.001548996552967325,0.0014768496997670279,0.0014081495776632272,0.001342725934726733,0.0012804173107579045,0.0012210705556106143,0.0011645403760482988,0.0011106889091842057,0.0010593853209602544,0.0010105054278859577,0.000963931340584881,0.0009195511278957541,0.0008772585000994641,0.0008369525101653529,0.0007985372718296788,0.0007619216935937142,0.0007270192275509353,0.0006937476321733724,0.0006620287482910214,0.000631788287388647,0.0006029556315375589,0.0005754636442576472,0.0005492484916529029,0.000524249473285077,0.0005004088621448875,0.0004776717532093532,0.00022799296007479895
0.04561305902108059,0.08035407666170746,0.07303451014111384,0.0670617224353407,0.061948931484991476,0.05746364565349871,0.05346854724664585,0.049872613195364734,0.04661095658215664,0.04363493704283827,0.040906723192872696,0.03839604981386402,0.03607816141070064,0.03393244364276338,0.03194147633575206,0.030090356784657768,0.02836620295434933,0.026757780247233853,0.02525521547259979,0.023849773810340813,0.022533682221779983,0.021299987735221182,0.020142442336676336,0.01905540845410475,0.018033780592114523,0.017072919778181206,0.016168598284084457,0.015316952667587702,0.014514443614521533,0.013757821381549795,0.013044095889171936,0.012370510703927723,0.011734520292178807,0.011133770044803426,0.01056607866138165,0.010029422553824191,0.009521921988888044,0.009041828732321733,0.008587514997057372,0.00815746352920807,0.007750258688931866,0.007364578405570782,0.0069991869030971154,0.0066529281076952995,0.0063247196594523325,0.006013547461719948,0.005718460710868997,0.005438567355056392,0.005173029938012941,0.004921061788929912,0.0046819235239603935,0.004454919829625301,0.004239396500646961,0.004034737708569103,0.003840363480397152,0.003655727367857589,0.0034803142905593387,0.003313638537953273,0.00315524191622385,0.0030046920283644737,0.0028615806758814227,0.0027255223722775362,0.0025961529595758467,0.0024731283193923856,0.0023561231712678696,0.002244829951373005,0.0021389577657591544,0.0020382314121884446,0.0019423904655012023,0.001851188422065192,0.0017643918987816226,0.0016817798827951855,0.0016031430283288683,0.0015282829972287117,0.001457011840377758,0.0013891514169454416,0.0013245328489246908,0.001262996008737912,0.0012043890375111228,0.0011485678920628434,0.0010953959187268228,0.0010447434521762937,0.0009964874377966088,0.0009505110759332885,0.0009067034866495453,0.000864959393815104,0.000825178827182315,0.0007872668414092045,0.0007511332509127118,0.0007166923796941404,0.0006838628251109764,0.0006525672347771592,0.0006227320958711036,0.0005942875360281166,0.0005671671351752776,0.0005413077476460592,0.000516649333957073,0.0004931348017433619,0.0004707098552498932,0.0004493228528981135,0.00021446233625902356
0.04293555176962682,0.07563752968342174,0.06874778056232467,0.0631257106481733,0.05831312852234616,0.054091197622157194,0.05033066543917597,0.046945855042150875,0.04387569057600227,0.041074388514185434,0.038506339453292626,0.03614305576199872,0.03396123592100053,0.03194147633575206,0.03006737996886888,0.028324919388474146,0.026701969148087756,0.025187954476003416,0.023773582044640973,0.02245063003435055,0.02121178191627504,0.020050493061588848,0.01896088239326299,0.017937643421785,0.01697597048273941,0.016071497033418702,0.01522024362113078,0.01441857368305366,0.013663155747065947,0.01295093090429622,0.01227908465877145,0.011645022437829972,0.011046348181947024,0.010480845542719969,0.00994646130175364,0.00944129069037214,0.008963564346079922,0.008511636682449447,0.008083975486459255,0.0076791525868044885,0.007295835458637767,0.0069327796512309026,0.006588821940698181,0.0062628741247871544,0.005953917386293167,0.005660997162564685,0.0053832184671816635,0.005119741615448634,0.004869778312291545,0.0046325880659251195,0.004407474894830579,0.004193784300079717,0.0039909004771417345,0.003798243744920729,0.003615268172477093,0.0034414593851715136,0.00327633253449644,0.003119430417378416,0.002970321731899289,0.002828599458378725,0.0026938793549410936,0.002565798558296424,0.00244401428150956,0.0023282026007646964,0.0022180573242638474,0.0021132889367781946,0.0020136236143663278,0.0019188023036441348,0.0018285798608600537,0.0017427242465823528,0.00166101577173864,0.001583246391381729,0.0015092190428123119,0.001438747024844745,0.001371653415541501,0.0013077705255612054,0.0012469393847218367,0.001189009259690836,0.0011338372005421996,0.0010812876143421295,0.0010312318639924684,0.000983547890607641,0.0009381198580569843,0.0008948378180978836,0.0008535973948140471,0.0008142994872498283,0.0007768499889756354,0.0007411595236051435,0.0007071431952131134,0.0006747203528462697,0.0006438143681616517,0.0006143524254225118,0.0005862653231734662,0.0005594872868198084,0.0005339557915068124,0.0005096113946752197,0.00048639757771154306,0.00046426059621918966,0.00044314933834345774,0.000423015190697474,0.00020190595575183927
0.040446179999145127,0.07125237678876406,0.0647622354393016,0.05946623397319861,0.054932761801463226,0.05095567754100494,0.04741322691936867,0.04422470333079853,0.04133257407992241,0.03869371165343938,0.036274572432746566,0.03404832141661507,0.031993008853373084,0.030090356784657768,0.028324919388474146,0.026683482978956397,0.02515462551434755,0.023728385667070306,0.022396009212092893,0.021149751269915695,0.019982719732343723,0.018888749610277256,0.017862300971227985,0.01689837513626108,0.015992445196882032,0.015140397891362789,0.014338484591669587,0.013583279667597814,0.012871644880530997,0.012200698743084049,0.011567790001907136,0.01097047456887379,0.010406495353029926,0.009873764549387737,0.009370348019772656,0.008894451464219105,0.008444408134156672,0.008018667877022573,0.007615787337111102,0.007234421165261629,0.006873314110648399,0.006531293887748618,0.006207264726304909,0.005900201526105736,0.005609144547399039,0.0053331945780348555,0.005071508526547447,0.004823295395623664,0.004587812596949639,0.004364362572927799,0.004152289694687228,0.0039509774100456585,0.0037598456170605116,0.0035783482422072632,0.0034059710047730507,0.0032422293502634703,0.003086666537999938,0.002938851869516798,0.002798379045462443,0.002664864640589029,0.002537946686584809,0.0024172833540164126,0.0023025517256326927,0.002193446653501019,0.0020896796935125223,0.001990978111151377,0.001897083953360433,0.0018077531812136227,0.0017227548589244315,0.0016418703952400873,0.0015648928332091666,0.0014916261849067976,0.0014218848079435992,0.0013554928207310524,0.0012922835539839854,0.0012320990357707583,0.0011747895078520199,0.0011202129713405243,0.0010682347595537371,0.0010187271363270682,0.000971568918119791,0.000926645118289493,0.0008838466122461953,0.0008430698220030092,0.0008042164189121133,0.0007671930435414562,0.0007319110415005235,0.0006982862142926628,0.0006662385842038359,0.0006356921724670738,0.0006065747897930022,0.0005788178385412457,0.0005523561258937437,0.0005271276872998339,0.0005030736196239942,0.00048013792340861894,0.000458267353704158,0.00043741127902021705,0.00041752154786339583,0.00039855236243534035,0.0001902300795639648
0.03812761034804757,0.06716808663106821,0.06105012714349223,0.056057816097634605,0.05178429913716087,0.04803525862313529,0.04469592381645149,0.04169021725750244,0.03896390619647916,0.03647633681589102,0.03419588947987573,0.03209726837571014,0.03015978273013853,0.02836620295434933,0.026701969148087756,0.02515462551434755,0.023713405133267695,0.02236891801387697,0.021112912029322584,0.019938086503002495,0.018837944615315294,0.01780667495878896,0.01683905532986424,0.015930373732765013,0.015076362881935979,0.01427314541235336,0.013517187677857756,0.012805260503540805,0.012134405621899352,0.011501906790029354,0.010905264793475367,0.010342175700664369,0.009810511851710058,0.009308305163136188,0.00883373240465024,0.008385102163757902,0.007960843263728812,0.007559494436616326,0.00717969508618968,0.006820177001836625,0.006479756903968709,0.006157329720138577,0.005851862504973895,0.005562388930235779,0.0052880042797846805,0.005027860893929481,0.004781164015282988,0.00454716799318379,0.0043251728099144016,0.0041145208961866075,0.0039145942070715894,0.003724811533543884,0.003544626026674047,0.0033735229147110884,0.0032110173956981514,0.00305665268940665,0.0029099982346167397,0.002770648019120532,0.0026382190308585143,0.00251234982037106,0.0023926991649063367,0.0022789448259534426,0.002170782392896642,0.0020679242056932876,0.0019700983504830905,0.0018770477223737786,0.0017885291505317577,0.0017043125805921502,0.0016241803101733343,0.0015479262737725895,0.0014753553732607498,0.0014062828507557454,0.0013405337008834325,0.0012779421195720266,0.0012183509870051512,0.0011616113821987621,0.0011075821270718766,0.0010561293581569514,0.0010071261239433943,0.0009604520062214961,0.0009159927638546506,0.000873639997448581,0.0008332908337029717,0.0007948476280471642,0.0007582176844183591,0.0007233129911975548,0.0006900499721799458,0.0006583492517101691,0.000628135433049095,0.0005993368892549967,0.0005718855657217414,0.0005457167936903148,0.0005207691141314169,0.0004969841113108171,0.0004743062555010429,0.0004526827542854616,0.0004320634119384971,0.00041240049646114676,0.00039364861376826876,0.0003757645886255899,0.0001793536759970276
0.03596472627826397,0.06335803259505002,0.057587256742455795,0.052878238906862274,0.04884721789244162,0.045310905513714195,0.04216104542695043,0.03932587834266643,0.03675424977331054,0.034407813419649824,0.03225674437969239,0.030277182630172317,0.028449611801287245,0.026757780247233853,0.025187954476003416,0.023728385667070306,0.02236891801387697,0.02110069448209262,0.019915931314458513,0.018807742198048705,0.017769999048658724,0.016797220289089365,0.015884480101909848,0.015027333917326247,0.014221756633423288,0.013464090936480044,0.012751003721838128,0.012079449074096638,0.011446636608451327,0.010850004227366261,0.010287194543284806,0.00975603436741182,0.009254516777655292,0.008780785371027888,0.008333120376158742,0.007909926357837216,0.007509721292411592,0.007131126826998402,0.006772859566737038,0.006433723259033741,0.006112601762108372,0.005808452702774122,0.005520301741489056,0.005247237375167926,0.004988406216241581,0.004743008695589537,0.004510295144188423,0.004289562212971901,0.004080149596221078,0.0038814370278013044,0.0036928415230598893,0.0035138148429633143,0.003343841158812061,0.003182434898895914,0.0030291387607185305,0.002883521873497219,0.0027451780977581566,0.002613724450120848,0.0024887996423397854,0.0023700627253425838,0.002257191829154244,0.0021498829909436454,0.0020478490643024844,0.0019508187030627747,0.0018585354139056195,0.001770756672333583,0.0016872530974116062,0.0016078076805737043,0.0015322150645200629,0.0014602808686924144,0.0013918210577602494,0.0013266613500805685,0.0012646366633094278,0.0012055905944734144,0.0011493749322612663,0.0010958491991442491,0.0010448802213165534,0.0009963417247066848,0.0009501139551670694,0.0009060833213021223,0.0008641420584516377,0.000824187912385272,0.000786123841562434,0.0007498577366385813,0.0007153021561412155,0.000682374077386666,0.0006509946615781328,0.0006210890322648002,0.0005925860662815714,0.0005654181964931306,0.0005395212255334958,0.0005148341498962088,0.0004912989938071523,0.0004688606522306755,0.0004474667425030752,0.0004270674640709359,0.0004076154658473382,0.00038906572078905785,0.0003713754072197156,0.0003545037965196913,0.000169206073429933
