0.06134155474830605,0.08833054002743945,0.06937100660844409,0.055840415113343145,0.045572282003229825,0.03753348400438561,0.031118004364008134,0.025930336307618762,0.021695029519735787,0.0182117491850326,0.015330251144221096,0.012935272113308194,0.010936839179892549,0.009263759347230116,0.007859082328386308,0.006676844091868583,0.005679672900438609,0.0048369942345947575,0.004123662388757943,0.0035189027382902943,0.003005484453447914,0.002569066900155341,0.0021976787616111715,0.0018812997965651918,0.0016115228007316795,0.0013812788153505992,0.0011846126140985548,0.0010164984431477071,0.0008726881916049263,0.0007495858362657846,0.0006441432801938592,0.0005537736893662486,0.0004762791988122822,0.00040979046216855705,0.00035271599479359816,0.0003036996396424893,0.0002615847885846156,0.00022538423589025126,0.0001942547381842785,0.00016747551552983653,0.00014443005909080134,0.0001245907179346661,0.00010750562551082926,9.27875988440839e-5,8.010470335800238e-5,6.917222592536321e-5,5.9745839981902764e-5,5.1615780864679855e-5,4.4601878204515526e-5,3.854931615588362e-5,3.3325012314000036e-5,2.8814523009406128e-5,2.491939681219745e-5,2.1554909995555056e-5,1.8648127743313013e-5,1.6136243354242285e-5,1.3965154856398923e-5,1.2088244500502144e-5,1.0465331726423839e-5,9.061774549066364e-6,7.84769799357053e-6,6.797331347147673e-6,5.888438657547672e-6,5.101829173638703e-6,4.420936353937395e-6,3.831455712931134e-6,3.32103317790948e-6,2.8789968237684485e-6,2.4961258760517672e-6,2.1644517449539527e-6,1.8770865985014571e-6,1.6280756214842048e-6,1.412269652863653e-6,1.2252153616167195e-6,1.0630605217935465e-6,9.224722903736552e-7,8.00566686108411e-7,6.948477199739893e-7,6.031548442273374e-7,5.236175732561551e-7,4.5461628905782267e-7,3.947483813197768e-7,3.427989901717201e-7,2.9771572085740315e-7,2.585867869144327e-7,2.2462211345532637e-7,1.9513699661323152e-7,1.6953797088240474e-7,1.473105838631755e-7,1.2800881920700913e-7,1.1124594399651499e-7,9.668658745226182e-8,8.403988422468545e-8,7.305353826063564e-8,6.350868287536774e-8,5.5215429565600615e-8,4.8009012713845997e-8,4.174644993708557e-8,3.630364870057065e-8,3.157289922330477e-8,1.3730350906542521e-8
0.08833054002743945,0.1272325059382573,0.0999449282202205,0.08046712075927687,0.06568304093339239,0.0541067245668474,0.04486648844105712,0.03739340890025,0.031291229766847395,0.026271728883560108,0.022118728427309442,0.01866636491931789,0.015785152964808036,0.013372622271273005,0.011346792375200365,0.00964148917709634,0.008202901791483114,0.006987000627637102,0.005957569055335066,0.005084681844314223,0.004343515016370217,0.003713405490145469,0.0031771016102517396,0.0027201612999212532,0.002330465577446303,0.001997823052912559,0.0017136467549483878,0.0014706888698315275,0.0012628221422144245,0.0010848590833359463,0.000932401966819825,0.0008017180081997359,0.0006896352275571355,0.0005934553611083009,0.0005108808724578612,0.0004399536594094297,0.00037900348872853956,0.00032660454228395676,0.00028153874220267997,0.00024276475337520025,0.00020939174981113307,0.0001806571854630597,0.0001559079367263426,0.00013458428816356125,0.00011620631917508197,0.00010036232084863249,8.669893158475234e-5,7.49127295110166e-5,6.474306097472649e-5,5.596591889662399e-5,4.8388713666245795e-5,4.1845803514932206e-5,3.619467167313489e-5,3.1312654787485654e-5,2.7094141531634904e-5,2.344817254694686e-5,2.029638316880598e-5,1.7571239122489142e-5,1.5214522760461269e-5,1.3176033687582343e-5,1.1412472932088787e-5,9.886484344553308e-6,8.565830747366904e-6,7.4226856251099745e-6,6.433023931018812e-6,5.576097956791457e-6,4.8339862373836565e-6,4.191205186725332e-6,3.6343746366418445e-6,3.1519297107710946e-6,2.7338725416189698e-6,2.371558260702919e-6,2.057510480502139e-6,1.7852621618147762e-6,1.5492183391587256e-6,1.3445376721469372e-6,1.1670302164810007e-6,1.0130691730391452e-6,8.795146862783578e-7,7.636480323498317e-7,6.631147681483373e-7,5.75875610822769e-7,5.001639880784032e-7,4.344493459483044e-7,3.774054270668583e-7,3.2788284100123135e-7,2.848853414897287e-7,2.4754930600340644e-7,2.1512598220745984e-7,1.8696612567019524e-7,1.6250670447935955e-7,1.4125939082191174e-7,1.2280059777045467e-7,1.0676285244677378e-7,9.282732518858966e-8,8.071735883989754e-8,7.01928634645472e-8,6.104546004909983e-8,5.3094272514650806e-8,4.618228099397259e-8,2.0086580545948996e-8
0.06937100660844409,0.0999449282202205,0.0785223126183765,0.06322869263252962,0.051618951510916666,0.0425270570611751,0.03526898119477728,0.029398258063163762,0.024603906427963285,0.020659715466174733,0.017396006110586726,0.014682581156722996,0.012417790551742663,0.010521184947608925,0.00892839573232268,0.007587460136952606,0.006456119483766648,0.005499793149052218,0.0046900339426612925,0.004003334028977734,0.0034201908811053727,0.0029243692324324375,0.00250231280833052,0.002142671897029838,0.0018359214495003578,0.0015740505773585295,0.0013503088157136162,0.001158997838494824,0.000995299798361965,0.0008551353435429648,0.0007350458029957343,0.0006320951422723355,0.0005437881580537748,0.0004680020591490662,0.00040292911913194715,0.0003470285135660483,0.0002989857972922677,0.00025767875271608207,0.0002221485630716528,0.00019157544569601594,0.00016525802802761207,0.00014259587001061794,0.00012307463595338753,0.00010625350079720422,9.17544434018197e-5,7.925313559882389e-5,6.847118237468964e-5,5.9169507348053084e-5,5.1142710120160055e-5,4.4214249166372316e-5,3.82323266336777e-5,3.3066370461285344e-5,2.8604025243469965e-5,2.4748576741963216e-5,2.1416746315025905e-5,1.853680111814723e-5,1.6046934040795855e-5,1.3893874203094094e-5,1.2031694642939761e-5,1.0420788756245782e-5,9.026991228289666e-6,7.820822751180515e-6,6.776840841969786e-6,5.873081645549753e-6,5.090579796530591e-6,4.412955279878839e-6,3.826057822442581e-6,3.317660703880328e-6,2.8771970370038933e-6,2.495532558530074e-6,2.164769818194889e-6,1.8780793796120733e-6,1.6295542670529978e-6,1.414084423534712e-6,1.227248401424325e-6,1.0652198966983784e-6,9.246870731891177e-7,8.027829104320311e-7,6.970250550204247e-7,6.052638673800978e-7,5.256375376909296e-7,4.5653330090055344e-7,3.965539153428988e-7,3.444886847835765e-7,2.992884032842289e-7,2.600436878036223e-7,2.259662369836373e-7,1.9637261807639551e-7,1.7067023848974613e-7,1.483452055533157e-7,1.2895181856644172e-7,1.121034721995589e-7,9.746478043745551e-8,8.474475622377334e-8,7.369090441294917e-8,6.408410495941483e-8,5.573417998420861e-8,4.847605277271639e-8,4.216641918925463e-8,3.668086275688602e-8,1.5955676967249346e-8
0.055840415113343145,0.08046712075927687,0.06322869263252962,0.050920546657960086,0.041576010440779965,0.0342572014913991,0.028413915826351555,0.023687020392852864,0.019826352165930705,0.016649929436630795,0.01402124014860201,0.011835529197980837,0.01001100400423624,0.008482925978089473,0.007199492633448712,0.0061188818900600045,0.0052070790132491,0.004436246989127632,0.003783484075559229,0.003229863276553252,0.002759680952271734,0.002359863066426819,0.0020194919027114386,0.0017294259544756302,0.0014819926326582883,0.0012707384061952584,0.0010902246062516538,0.0009358597960156499,0.0008037616058401871,0.0006906424455923356,0.000593714663362617,0.0005106116131534024,0.00043932179030208886,0.00037813374014650583,0.00032558987764211636,0.0002804476997035491,0.00024164714754641974,0.00020828309787892206,0.00017958214120662383,0.00015488295116328644,0.00013361966758721746,0.00011530781338422048,9.953234516612468e-5,8.593750355874886e-5,7.421818350931996e-5,6.411259010432918e-5,5.539598292013674e-5,4.787534315831173e-5,4.1384823907702475e-5,3.5781865680489886e-5,3.094387764074715e-5,2.6765400282366164e-5,2.3155678196938297e-5,2.0036582432785455e-5,1.734083109394103e-5,1.5010464549159808e-5,1.2995538152330661e-5,1.1253000900664006e-5,9.745733134404255e-6,8.441720355137502e-6,7.313343603636513e-6,6.336769704192813e-6,5.491427115516029e-6,4.759555199050809e-6,4.125816480618228e-6,3.5769629849769375e-6,3.1015490064661934e-6,2.68968377235038e-6,2.3328183919201e-6,2.0235622834372156e-6,1.7555249539756267e-6,1.5231795922315608e-6,1.3217454350622927e-6,1.147086296983683e-6,9.956230195551352e-7,8.642579121537959e-7,7.503095260807132e-7,6.514563357492152e-7,5.656880994531767e-7,4.912638433135785e-7,4.266755587465089e-7,3.706168298941689e-7,3.2195571609336794e-7,2.797113075494945e-7,2.4303345277947514e-7,2.1118522544895443e-7,1.8352775760953065e-7,1.5950711763455706e-7,1.3864295518947015e-7,1.2051867364060363e-7,1.0477292299195654e-7,9.109223472622324e-8,7.920464426164523e-8,6.887416772333213e-8,5.989601786889688e-8,5.209245962663578e-8,4.5309219211982594e-8,3.941237244007256e-8,3.4285647903227505e-8,2.9828089384542e-8,1.297601469291625e-8
0.045572282003229825,0.06568304093339239,0.051618951510916666,0.041576010440779965,0.03395037137118828,0.027977170049211963,0.02320769105943471,0.01934903456978959,0.016197164209666937,0.013603644956595828,0.01145712260343712,0.009672141638634224,0.008181973781186125,0.006933799815849684,0.005885351588329826,0.005002501687045802,0.004257491308578151,0.0036276012552555054,0.003094138648083118,0.0026416535313717945,0.0022573260176961957,0.0019304819815507829,0.001652206994621562,0.001415036245580141,0.0012127038467043723,0.0010399389814041184,0.000892299296042405,0.0007660341168054512,0.0006579717015390216,0.0005654259693865307,0.0004861190947134091,0.00041811708034001326,0.0003597759927503911,0.00030969698778892437,0.00026668860780236416,0.00022973511176501826,0.000197969824603547,0.0001706526726423358,0.00014715121841825949,0.00012692462690879532,0.0001095100921236756,9.45113323961176e-5,8.158882792725459e-5,7.04515279023976e-5,6.084979890915755e-5,5.256942325049339e-5,4.542648635302534e-5,3.926301795432693e-5,3.394327304385308e-5,2.9350556327699764e-5,2.538450889980981e-5,2.1958788321869136e-5,1.899908383090794e-5,1.644141725971849e-5,1.423068772338031e-5,1.2319424429386766e-5,1.0666717301930414e-5,9.237299622605853e-6,8.000760709644234e-6,6.930869902939087e-6,6.004995869704144e-6,5.203607586757583e-6,4.5098453431221695e-6,3.9091517984438025e-6,3.3889545749045023e-6,2.9383930890180667e-6,2.5480833786403263e-6,2.2099155741697824e-6,1.9168794283109082e-6,1.6629139719096488e-6,1.4427779216813269e-6,1.251937943938404e-6,1.0864722877988178e-6,9.429876517130742e-7,8.185474478411297e-7,7.106098860776112e-7,6.16974520721939e-7,5.357360924029317e-7,4.652446604532143e-7,4.0407116091048383e-7,3.5097764538878793e-7,3.0489155924483383e-7,2.648835063636455e-7,2.3014802407603927e-7,1.9998695752338738e-7,1.737950793160699e-7,1.5104764894247997e-7,1.3128964837907525e-7,1.1412646640862518e-7,9.921583532577818e-8,8.626085047572144e-8,7.50039262385793e-8,6.522156200428461e-8,5.6719808873952805e-8,4.933034268532912e-8,4.2907061755670847e-8,3.7323138802950197e-8,3.2468466054325483e-8,2.8247440787572858e-8,2.457704568345569e-8,1.0692592260082847e-8
0.03753348400438561,0.0541067245668474,0.0425270570611751,0.0342572014913991,0.027977170049211963,0.023057461544965907,0.01912876336368785,0.0159499971421197,0.013353218002915945,0.011216240648531134,0.009447397596136248,0.007976336744708268,0.0067481195612126565,0.0057192559176973135,0.004854940554366471,0.004127069426375807,0.0035127812314100226,0.0029933636041964626,0.002553419124094347,0.0021802205104568123,0.0018632061651517318,0.001593581507185672,0.0013640011596182215,0.0011683136732347568,0.0010013551284833028,0.0008587812913056284,0.0007369304254170525,0.000632710655292688,0.0005435071147266886,0.00046710513038259426,0.00040162646627942694,0.00034547625467868954,0.00029729870596663724,0.00025594005703219284,0.00022041750769169824,0.0001898931256271749,0.00016365188522033574,0.00014108315439338498,0.0001216650640084747,0.00010495129216053865,9.05598754676613e-5,7.816372481386064e-5,6.748257668925061e-5,5.8276155536923085e-5,5.0338359081336095e-5,4.3492308965730505e-5,3.758613422923812e-5,3.248937613963487e-5,2.808992043177097e-5,2.42913776580535e-5,2.101084464007849e-5,1.8176990323065154e-5,1.5728417998148907e-5,1.3612263161748934e-5,1.1782992434193097e-5,1.0201374154123719e-5,8.833595659723587e-6,7.65050598579395e-6,6.626965853790502e-6,5.741289506597418e-6,4.974765204543023e-6,4.311243129059101e-6,3.7367810790331233e-6,3.239339739738594e-6,2.8085204933437963e-6,2.4353397531910617e-6,2.112034669064897e-6,1.8318957876794562e-6,1.589122883915894e-6,1.3787007170917684e-6,1.1962919271116346e-6,1.0381446799382595e-6,9.010130095857119e-7,7.820880929292647e-7,6.789389417624593e-7,5.894612088481721e-7,5.118329872762194e-7,4.4447663895077744e-7,3.8602582224191945e-7,3.3529700439954007e-7,2.912648434575474e-7,2.53040909552667e-7,2.1985528899313747e-7,1.910406773307363e-7,1.6601862203725863e-7,1.4428762207982675e-7,1.2541283184368225e-7,1.0901715154313764e-7,9.477351605070232e-8,8.239821983073778e-8,7.164513778185273e-8,6.230072093748578e-8,5.417966244737397e-8,4.712114347185694e-8,4.098558090572842e-8,3.565180942636486e-8,3.10146395109676e-8,2.6982740962304265e-8,2.3476808293226776e-8,2.0427970218384866e-8,8.888205295217554e-9
0.031118004364008134,0.04486648844105712,0.03526898119477728,0.028413915826351555,0.02320769105943471,0.01912876336368785,0.015871148635349608,0.013235100660598964,0.011081461916312096,0.009308985500161876,0.007841708149033594,0.006621326574978964,0.005602308176159601,0.004748606130685243,0.004031369943905905,0.0034273020631367668,0.0029174495581063137,0.002486297895638097,0.0021210799474936023,0.0018112417258568797,0.001548024387504704,0.001324133881783339,0.001133477582621674,0.000970952732197692,0.0008322753816129118,0.0007138412757911362,0.0006126121401840243,0.0005260223110407965,0.0004519017615095943,0.00038841241626060875,0.00033399529057917543,0.000287326486514119,0.00024728046563931606,0.00021289932194097118,0.0001833670186348101,0.00015798774402458332,0.00013616769471597092,0.00011739971772632349,0.00010125034282371234,8.734881745184114e-5,7.537782269719916e-5,6.506560290977224e-5,5.617928608273688e-5,4.8519208781444404e-5,4.191408971784014e-5,3.6216921224717325e-5,3.1301468775388804e-5,2.7059286090314375e-5,2.33971679082635e-5,2.02349746507156e-5,1.7503773392077144e-5,1.5144248099287238e-5,1.3105339288370854e-5,1.1343079302833292e-5,9.819594521770134e-6,8.50225011382911e-6,7.362916598302482e-6,6.377340558846813e-6,5.524604466954053e-6,4.786662791385568e-6,4.14794344886432e-6,3.5950052527359313e-6,3.116243376144015e-6,2.701636003859834e-6,2.3425263338542934e-6,2.0314349306947593e-6,1.7618981509227334e-6,1.528328972416043e-6,1.3258970838763792e-6,1.1504255379150461e-6,9.983016536536615e-7,8.66400182443049e-7,7.520170308196889e-7,6.528120749344293e-7,5.667598068017035e-7,4.921067290917676e-7,4.273345668616819e-7,3.711284946581115e-7,3.223496889431154e-7,2.800116118270622e-7,2.43259514474774e-7,2.1135271936008505e-7,1.8364930156286084e-7,1.5959284160367392e-7,1.3870096749253468e-7,1.205554424888423e-7,1.0479358845649472e-7,9.110086354604945e-8,7.920443770862217e-8,6.886763096727837e-8,5.988509776786723e-8,5.207865665661652e-8,4.529367823556384e-8,3.939595616821348e-8,3.4268996229043545e-8,2.98116671922429e-8,2.593616496941559e-8,2.2566247976028403e-8,1.9635707374985748e-8,1.708704075515445e-8,7.43515101939248e-9
0.025930336307618762,0.03739340890025,0.029398258063163762,0.023687020392852864,0.01934903456978959,0.0159499971421197,0.013235100660598964,0.011038001121581958,0.009242806230440548,0.00776519181312646,0.006541887693634313,0.005524329735251951,0.004674588708478311,0.00396263505918662,0.003364432538386364,0.002860569773812986,0.00243525409320295,0.0020755568823150883,0.0017708381548470487,0.0015123016214549471,0.0012926465712180847,0.0011057927321781492,0.0009466609094058928,0.0008109967678496637,0.0006952283391458303,0.0005963501310636277,0.0005118283920589883,0.00043952331911428257,0.0003776249216390802,0.00032459995393804494,0.00027914786433178625,0.00024016412252426608,0.00020670960901625433,0.0001779850034522388,0.00015330930887252512,0.00013210180814306367,0.00011386687641152127,9.818117605510835e-5,8.468284369245139e-5,7.306234630961319e-5,6.305473860236861e-5,5.443309874257293e-5,4.700295683756977e-5,4.059756090964747e-5,3.507385046828341e-5,3.0309028706825285e-5,2.619764176034977e-5,2.2649087955362197e-5,1.9585492093958108e-5,1.6939889940399743e-5,1.4654676564713174e-5,1.268027932427147e-5,1.0974022251833616e-5,9.499153667364422e-6,8.224013084650938e-6,7.121317075198063e-6,6.167546790809811e-6,5.342422417716953e-6,4.628452012707832e-6,4.010544022158658e-6,3.475674351879394e-6,3.01260019127231e-6,2.6116139294816057e-6,2.2643314667858874e-6,1.963510047785733e-6,1.7028914445388783e-6,1.4770669168971261e-6,1.2813608878096909e-6,1.1117307087250338e-6,9.646802635260646e-7,8.371854786122213e-7,7.266300802434506e-7,6.30750174411308e-7,5.475864249438949e-7,4.7544277762482507e-7,4.128508253617624e-7,3.5853903608431766e-7,3.114061736377611e-7,2.7049833506853406e-7,2.3498910790226866e-7,2.0416241982417643e-7,1.7739771231892267e-7,1.5415712080146727e-7,1.3397438746459276e-7,1.1644527081865391e-7,1.0121924833695895e-7,8.799233651959075e-8,7.650087679733607e-8,6.651615640194643e-8,5.783975123387193e-8,5.029949313618324e-8,4.374597729687332e-8,3.8049536958748345e-8,3.309762250015136e-8,2.879253049663654e-8,2.504943573421699e-8,2.179468551286716e-8,1.896432107407267e-8,1.6502795727751647e-8,1.4361863360742398e-8,6.249807276481766e-9
0.021695029519735787,0.031291229766847395,0.024603906427963285,0.019826352165930705,0.016197164209666937,0.013353218002915945,0.011081461916312096,0.009242806230440548,0.007740342534610312,0.0065035558804840965,0.005479534425106569,0.004627662242905561,0.003916215677121582,0.003320076554797699,0.0028191383538890835,0.002397162101524443,0.0020409351212906587,0.0017396400681595134,0.0014843737885463608,0.0012677752815850284,0.0010837345997439032,0.0009271627642733239,0.0007938083151188512,0.0006801099343729956,0.0005830772674274252,0.0005001939882938924,0.0004293385548066551,0.00036871913242600765,0.0003168199382994879,0.0002723568421958379,0.00023424050866398607,0.00020154571046105893,0.00017348571266163036,0.00014939083845031233,0.00012869049488083194,0.00011089807007274525,9.559821998397972e-5,8.24361486989882e-5,7.110855566369177e-5,6.135597972354852e-5,5.295631585779765e-5,4.571931822400395e-5,3.948193412206622e-5,3.4104339044611475e-5,2.946656409644633e-5,2.5465624597061044e-5,2.2013073239651574e-5,1.903291330511241e-5,1.645981756243217e-5,1.4237606958400375e-5,1.2317950300447326e-5,1.0659252099569431e-5,9.22570075078034e-6,7.986453453845871e-6,6.914937837141722e-6,5.988253253525136e-6,5.186657260873291e-6,4.493124952551601e-6,3.8929706261102166e-6,3.3735228277746276e-6,2.923845122356332e-6,2.534496056582258e-6,2.1973227336333557e-6,1.9052832253380693e-6,1.652293738024786e-6,1.4330970357088897e-6,1.2431491261451634e-6,1.0785216429530038e-6,9.358177234520077e-7,8.120994946271147e-7,7.048255470926366e-7,6.11797006120682e-7,5.311110050333128e-7,4.611205342541589e-7,4.003997835478111e-7,3.477142184134857e-7,3.019947377699255e-7,2.623153511072008e-7,2.2787389136629285e-7,1.979753470618208e-7,1.7201745486604228e-7,1.4947824347686893e-7,1.299052623463264e-7,1.1290626549616435e-7,9.814115231433874e-8,8.531499443904028e-8,7.417200124428942e-8,6.449029666995598e-8,5.607739751272772e-8,4.876629832032562e-8,4.241208093687953e-8,3.6888977921833636e-8,3.208782868162687e-8,2.7913875450601322e-8,2.428485343293334e-8,2.1129335597159605e-8,1.8385297961864444e-8,1.5998875825469374e-8,1.392328537492173e-8,1.211788855728142e-8,5.273691037398492e-9
0.0182117491850326,0.026271728883560108,0.020659715466174733,0.016649929436630795,0.013603644956595828,0.011216240648531134,0.009308985500161876,0.00776519181312646,0.0065035558804840965,0.005464914451877745,0.00460487108047393,0.003889344303038264,0.003291712568485705,0.0027908960141354716,0.002370019497723523,0.0020154528657311058,0.0017161052516056485,0.0014628957633490078,0.0012483498450857784,0.0010662871540936952,0.0009115773317568167,0.0007799469562705177,0.0006678256152094064,0.0005722222396783543,0.0004906250939065993,0.0004209204264830242,0.000361325963047672,0.00031033628668874266,0.00026667780059785526,0.00022927145817511034,0.00019720182132355922,0.00016969129763206008,0.00014607863309020743,0.0001258009144637917,0.00010837847578044468,9.340221510124283e-5,8.052291723569947e-5,6.944225003788023e-5,5.990516022126276e-5,5.169344196977849e-5,4.46202902482215e-5,3.852568236555379e-5,3.327245735261161e-5,2.8742984162457696e-5,2.4836327421696774e-5,2.146583417407587e-5,1.8557077277243407e-5,1.604610129044942e-5,1.3877925196479192e-5,1.2005263412399333e-5,1.0387432504847848e-5,8.989416031943967e-6,7.78106414069243e-6,6.7364080965954414e-6,5.83307291164086e-6,5.051773761232444e-6,4.37588401696797e-6,3.7910645301295222e-6,3.284945332009725e-6,2.8468522186066034e-6,2.4675717894393525e-6,2.1391494498272434e-6,1.8547156839826781e-6,1.6083365857495729e-6,1.3948852132693857e-6,1.2099308277263174e-6,1.0496434981083483e-6,9.107119133846918e-7,7.902725515146715e-7,6.85848617639077e-7,5.952973886504335e-7,5.167647940400823e-7,4.4864622791940885e-7,3.89552728380345e-7,3.3828178165444273e-7,2.9379211234427974e-7,2.551819103003362e-7,2.2167002129449845e-7,1.925796943278944e-7,1.6732453499147274e-7,1.4539636284605553e-7,1.263547125266616e-7,1.0981775425272246e-7,9.545444026849492e-8,8.297771038958362e-8,7.213861273613029e-8,6.272121543605556e-8,5.453820211080329e-8,4.742705858237122e-8,4.1246770891338764e-8,3.587496558215566e-8,3.1205432621692986e-8,2.7145979415804715e-8,2.3616571376550136e-8,2.0547720536326012e-8,1.787908891056886e-8,1.555827781500712e-8,1.3539778230885819e-8,1.1784060666404628e-8,1.0256785868899471e-8,4.4640601252777995e-9
0.015330251144221096,0.022118728427309442,0.017396006110586726,0.01402124014860201,0.01145712260343712,0.009447397596136248,0.007841708149033594,0.006541887693634313,0.005479534425106569,0.00460487108047393,0.0038805424236746933,0.003277870522876175,0.0027744531640918543,0.002352550302259171,0.0019979594351692,0.0016992082868964864,0.0014469611656531128,0.0012335736896022659,0.0010527532224406388,0.0008992962872928223,0.0007688830904671092,0.0006579150982473012,0.000563385521302931,0.0004827752558673494,0.0004139687250988046,0.00035518542016322804,0.00030492392769326717,0.00026191595902622187,0.00022508844190637523,0.0001935321480120533,0.00016647564554408923,0.00014326361000248844,0.0001233387163279316,0.00010622648487653525,9.152257173081538e-5,7.888208783355657e-5,6.801060670561616e-5,5.865658106233109e-5,5.0604937690263644e-5,4.367165977401885e-5,3.769919836096576e-5,3.255258128224113e-5,2.811610973256376e-5,2.429055075843918e-5,2.0990748816232627e-5,1.8143591943692826e-5,1.568627837274185e-5,1.3564837976949584e-5,1.1732870106387252e-5,1.0150465348649645e-5,8.783283773094433e-6,7.60176643009304e-6,6.580460418935895e-6,5.697440825295588e-6,4.933815346414057e-6,4.273299547989865e-6,3.7018524958920454e-6,3.207364028533478e-6,2.7793862254861244e-6,2.4089027241591584e-6,2.0881304648675243e-6,1.8103492361936933e-6,1.5697550648878534e-6,1.3613340670718259e-6,1.1807538657865061e-6,1.0242700961125652e-6,8.886458745643472e-7,7.710824124248254e-7,6.691592123167176e-7,5.807825089501178e-7,5.0414080453744e-7,4.376665118317112e-7,3.800028568646588e-7,3.2997531258026207e-7,2.8656693684550263e-7,2.488970758710759e-7,2.1620296939147387e-7,1.8782385854562354e-7,1.6318725280831624e-7,1.4179706005470095e-7,1.2322332479887854e-7,1.0709335486339342e-7,9.308404709385808e-8,8.091524875976503e-8,7.03440137747843e-8,6.115963220118498e-8,5.317932813331679e-8,4.62445354297741e-8,4.021767311120124e-8,3.49793529213253e-8,3.042596072356455e-8,2.646756135100245e-8,2.3026083366497545e-8,2.003374609100171e-8,1.7431696362487673e-8,1.5168826884549174e-8,1.3200751828568645e-8,1.1488918637339854e-8,9.999837812272781e-9,8.704414921840743e-9,3.788685594151847e-9
0.012935272113308194,0.01866636491931789,0.014682581156722996,0.011835529197980837,0.009672141638634224,0.007976336744708268,0.006621326574978964,0.005524329735251951,0.004627662242905561,0.003889344303038264,0.003277870522876175,0.0027690524892686405,0.0023439938368243693,0.0019877297559744225,0.0016882787356245071,0.0014359618427140439,0.0012229021588488938,0.0010426493116321295,0.000889893134356147,0.0007602422299703478,0.000650050687930951,0.0005562811024478528,0.00047639533839582623,0.0004082667629549449,0.0003501092580922736,0.0003004194723315798,0.0002579296024840293,0.00022156861041155388,0.00019043023961793325,0.0001637465443873518,0.00014086591050781064,0.00012123475224481983,0.00010438223046817328,8.990746271033941e-5,7.746879545843049e-5,6.677478822860188e-5,5.757662244489136e-5,4.966169920650378e-5,4.2848231388318615e-5,3.698066910716533e-5,3.192582499387706e-5,2.7569588171264805e-5,2.3814134296061616e-5,2.0575554245225343e-5,1.7781836605512105e-5,1.537114957044167e-5,1.3290376524754358e-5,1.1493866822954595e-5,9.942369308973818e-6,8.602121174859287e-6,7.444068990920485e-6,6.443202296493324e-6,5.5779831295496845e-6,4.829857394596799e-6,4.1828360929888644e-6,3.6231362341658914e-6,3.1388727651061264e-6,2.7197941407730176e-6,2.3570552472394255e-6,2.043022314768469e-6,1.7711052421535612e-6,1.5356134220730531e-6,1.3316317250193224e-6,1.1549137828991466e-6,1.0017901258190029e-6,8.690890771251838e-7,7.540686120575637e-7,6.54357641330021e-7,5.679054003078916e-7,4.929378117320406e-7,4.2791985011209334e-7,3.7152307320712657e-7,3.2259760358890726e-7,2.8014794396264197e-7,2.433120963797686e-7,2.113435294866067e-7,1.8359560162547905e-7,1.5950810221464733e-7,1.3859562068287206e-7,1.2043749259627625e-7,1.046691072519655e-7,9.097439079534902e-8,7.907930459397858e-8,6.874622061514754e-8,5.976905458100258e-8,5.196905402870729e-8,4.519115247292125e-8,3.9300813030402314e-8,3.418129531430909e-8,2.973128844413241e-8,2.586286078160547e-8,2.2499683727691998e-8,1.9575492704362344e-8,1.703275344022459e-8,1.4821506000137888e-8,1.289836272118691e-8,1.1225639438855696e-8,9.770602167919015e-9,8.504813802596347e-9,7.4035674800247636e-9,3.22269752303247e-9
0.010936839179892549,0.015785152964808036,0.012417790551742663,0.01001100400423624,0.008181973781186125,0.0067481195612126565,0.005602308176159601,0.004674588708478311,0.003916215677121582,0.003291712568485705,0.0027744531640918543,0.0023439938368243693,0.001984362690888003,0.0016829100811579997,0.0014295074220712183,0.0012159720318118648,0.001035644186093334,0.0008830698608994145,0.0007537587775960416,0.0006439972845945045,0.0005507019231732052,0.0004713036647785041,0.000403655593214659,0.0003459587244299305,0.0002967020058383448,0.00025461350303298495,0.00021862048482979013,0.00018781663663825247,0.00016143502054104947,0.0001388256944020714,0.00011943712731809445,0.00010280072245455376,8.85178936850411e-5,7.624924880476783e-5,6.570551617617005e-5,5.6639918622922994e-5,4.884175202079296e-5,4.213096918037813e-5,3.635360456748324e-5,3.1377903790317184e-5,2.7091044944448583e-5,2.3396357888177065e-5,2.0210963121034258e-5,1.7463764804245656e-5,1.5093743094047327e-5,1.304849978812602e-5,1.1283018619698563e-5,9.758607643004202e-6,8.441996260877542e-6,7.3045637155848145e-6,6.321679444623769e-6,5.472138710782299e-6,4.737679443484526e-6,4.102568360694062e-6,3.553246237637063e-6,3.078023706355943e-6,2.6668202548161006e-6,2.3109401817453265e-6,2.0028801846000356e-6,1.7361640411684104e-6,1.5052005086967872e-6,1.3051611300616335e-6,1.1318751170105714e-6,9.817388897136246e-7,8.516382009226265e-7,7.388810706031069e-7,6.411400110947704e-7,5.56402239533893e-7,4.829267599826356e-7,4.192073562751529e-7,3.6394067221428765e-7,3.1599867201521724e-7,2.7440487346403733e-7,2.38313831527476e-7,2.0699342338064756e-7,1.7980954850920685e-7,1.5621291148080112e-7,1.3572760124490676e-7,1.1794122051295615e-7,1.0249635296957339e-7,8.90831854159474e-8,7.743312718493025e-8,6.731329092781989e-8,5.852171753117421e-8,5.088324404943412e-8,4.424592740200182e-8,3.847794851100066e-8,3.3464931867545574e-8,2.9107624372762244e-8,2.5319884963792383e-8,2.2026943119245425e-8,1.9163890041624202e-8,1.66743712237342e-8,1.4509453343100188e-8,1.2626642093794813e-8,1.0989030722725273e-8,9.564561770456658e-9,8.325386875904635e-9,7.247311540658591e-9,6.309313513313961e-9,2.746562488726103e-9
0.009263759347230116,0.013372622271273005,0.010521184947608925,0.008482925978089473,0.006933799815849684,0.0057192559176973135,0.004748606130685243,0.00396263505918662,0.003320076554797699,0.0027908960141354716,0.002352550302259171,0.0019877297559744225,0.0016829100811579997,0.001427379408065605,0.0012125601397145747,0.0010315221155513463,0.0008786246041121992,0.0007492477499798922,0.0006395877563623396,0.0005464984815430618,0.0004673674710538953,0.0004000179511736198,0.00034263066740592135,0.00029368107600075653,0.00025188853850541086,0.0002161749868299194,0.00018563112136057948,0.0001594886439555002,0.00013709735636461325,0.000117906203390731,0.00010144753053586172,8.732397291312966e-5,7.519750678782193e-5,6.478028512690599e-5,5.582694971057573e-5,4.812816903611674e-5,4.150519664283868e-5,3.580528101064398e-5,3.0897787772006914e-5,2.6670919005760503e-5,2.3028933990049333e-5,1.988979186265215e-5,1.7183149845279998e-5,1.484866158261587e-5,1.2834529149804709e-5,1.1096269759040101e-5,9.595664407031446e-6,8.299860879168458e-6,7.1806078515831366e-6,6.213600449513911e-6,5.377920653330196e-6,4.65555849138705e-6,4.031002100315557e-6,3.490886539867446e-6,3.0236927720048298e-6,2.6194894999828617e-6,2.269711651843081e-6,1.966970214315451e-6,1.7048889038707537e-6,1.4779638254223116e-6,1.281442831474574e-6,1.1112217740075785e-6,9.637552487342195e-7,8.359797783093587e-7,7.252476770283166e-7,6.292700918705865e-7,5.460679303005934e-7,4.7392956899219695e-7,4.113743951513008e-7,3.5712136660372966e-7,3.1006189185788994e-7,2.6923642997918005e-7,2.3381429458685806e-7,2.0307621862894455e-7,1.7639929872691723e-7,1.532439910777666e-7,1.331428766746386e-7,1.156909528713032e-7,1.0053724200468592e-7,8.7377536818456e-8,7.59481273452542e-8,6.602037533115599e-8,5.739602076062779e-8,4.9903120882335407e-8,4.3392535830458e-8,3.773488670842267e-8,3.281792213142312e-8,2.8544237981982005e-8,2.4829302656900203e-8,2.1599746594112946e-8,1.8791880461245136e-8,1.635041123282603e-8,1.42273295543641e-8,1.238094539161382e-8,1.0775052078064084e-8,9.378201557074625e-9,8.163075937839299e-9,7.1059424895821705e-9,6.1861809293520074e-9,5.3858733588270275e-9,2.3447242502515467e-9
0.007859082328386308,0.011346792375200365,0.00892839573232268,0.007199492633448712,0.005885351588329826,0.004854940554366471,0.004031369943905905,0.003364432538386364,0.0028191383538890835,0.002370019497723523,0.0019979594351692,0.0016882787356245071,0.0014295074220712183,0.0012125601397145747,0.0010301612352256323,0.0008764320220919115,0.0007465872593287112,0.0006367074640851317,0.0005435652556700105,0.0004644910469757072,0.0003972679292285203,0.00034004856620574106,0.00029128891300752007,0.00024969495149088604,0.00021417960247733028,0.00018382766783170022,0.00015786715992711486,0.00013564574840074263,0.0001166113327489642,0.00010029596019578077,8.630246969528626e-5,7.429336757437763e-5,6.398153745790073e-5,5.512246342961706e-5,4.750770572196255e-5,4.095941627795625e-5,3.532572001855704e-5,3.0476818615566485e-5,2.630169865676694e-5,2.2705346464336747e-5,1.9606388455087787e-5,1.693508955908545e-5,1.4631653414396621e-5,1.264477729481461e-5,1.0930422362982485e-5,9.450766183047196e-6,8.17330969535716e-6,7.0701152446478075e-6,6.117155922445022e-6,5.293759553124232e-6,4.582133226267235e-6,3.96695643970178e-6,3.4350327346640295e-6,2.9749912374932863e-6,2.577030814377355e-6,2.2327006371258398e-6,1.9347118819579897e-6,1.676776065532403e-6,1.4534661851894349e-6,1.2600973938572018e-6,1.0926244174498027e-6,9.475533296960608e-7,8.218656452156897e-7,7.129529862688247e-7,6.185608299392075e-7,5.367400568004647e-7,4.658052051963507e-7,4.0429849134693307e-7,3.509587892907483e-7,3.046948789280094e-7,2.6456236816856786e-7,2.2974377898707278e-7,1.9953135896647814e-7,1.7331224138756536e-7,1.5055562972805803e-7,1.3080172764567765e-7,1.1365217442555678e-7,9.876177924771051e-8,8.583137626874808e-8,7.46016471908319e-8,6.484777917353671e-8,5.637484416217019e-8,4.9013801415898535e-8,4.2618038490962766e-8,3.706037758083313e-8,3.2230484127705914e-8,2.8032623235654683e-8,2.4383716865685927e-8,2.1211661193704583e-8,1.845386905111512e-8,1.605600712668015e-8,1.3970901731017172e-8,1.2157590474656634e-8,1.0580500274352165e-8,9.20873475320552e-9,8.015456384110723e-9,6.9773507031636824e-9,6.074161626662325e-9,5.288288378929136e-9,4.604435815312684e-9,2.0046555136599397e-9
0.006676844091868583,0.00964148917709634,0.007587460136952606,0.0061188818900600045,0.005002501687045802,0.004127069426375807,0.0034273020631367668,0.002860569773812986,0.002397162101524443,0.0020154528657311058,0.0016992082868964864,0.0014359618427140439,0.0012159720318118648,0.0010315221155513463,0.0008764320220919115,0.0007457079376999264,0.0006352846139122403,0.0005418320533099388,0.0004626080650662334,0.00039534422463398736,0.00033815661758234295,0.00028947526908186614,0.00024798785747661735,0.00021259447934339135,0.00018237105517731732,0.00015653955311565855,0.00013444363630792967,0.00011552865565951078,9.932514621569617e-5,8.543516447376298e-5,7.352094094794032e-5,6.329542812633722e-5,5.45144064212934e-5,4.6969875499509157e-5,4.0484509605172325e-5,3.490699628413106e-5,3.010811059620303e-5,2.597740319521967e-5,2.242040195719701e-5,1.9356244137329543e-5,1.6715670155893552e-5,1.4439321686029636e-5,1.2476296228846798e-5,1.07829182078885e-5,9.321693100058779e-6,8.06041650658359e-6,6.971414542631028e-6,6.030895652453714e-6,5.218397074036252e-6,4.5163117842982715e-6,3.909483942145735e-6,3.3848626834324144e-6,2.9312056658885313e-6,2.538825064761915e-6,2.1993698179952753e-6,1.9056388473829902e-6,1.6514207675116346e-6,1.431356259197165e-6,1.2408198475039064e-6,1.0758183034590435e-6,9.329032944311977e-7,8.090962542835745e-7,7.018237385125296e-7,6.088617801047492e-7,5.282879755866997e-7,4.5844021298789823e-7,3.978811091583816e-7,3.453673566425379e-7,2.9982329412918277e-7,2.6031811169704546e-7,2.260461852291209e-7,1.9631010566940998e-7,1.7050602987259985e-7,1.481110321118453e-7,1.2867218024942624e-7,1.1179709905343814e-7,9.714581625892872e-8,8.442371538153491e-8,7.337544367084011e-8,6.377964460094064e-8,5.5444402330583254e-8,4.820330107715626e-8,4.191201572616096e-8,3.644536147027078e-8,3.169474019093481e-8,2.7565929823300703e-8,2.3977170284001715e-8,2.0857505887508355e-8,1.814534962951055e-8,1.578723943457539e-8,1.3736760519978613e-8,1.195361154055273e-8,1.0402795204109094e-8,9.053916657936927e-9,7.880575206139877e-9,6.859836864224656e-9,5.971776942652568e-9,5.1990833061751754e-9,4.526712212031563e-9,3.941589718928625e-9,1.7161762994150528e-9
0.005679672900438609,0.008202901791483114,0.006456119483766648,0.0052070790132491,0.004257491308578151,0.0035127812314100226,0.0029174495581063137,0.00243525409320295,0.0020409351212906587,0.0017161052516056485,0.0014469611656531128,0.0012229021588488938,0.001035644186093334,0.0008786246041121992,0.0007465872593287112,0.0006352846139122403,0.000541258682680323,0.0004616766934699666,0.00039420573817062175,0.00033691581852602574,0.00028820395968785946,0.000246734207794491,0.00021138977024478135,0.00018123455094375867,0.00015548203126136608,0.00013346994746477395,0.00011463957934128906,9.851873342268816e-5,8.470770527560165e-5,7.286765748743093e-5,6.271096645820177e-5,5.3993181051415406e-5,4.650630625171429e-5,4.007318004687428e-5,3.4542755297553704e-5,2.9786133037231258e-5,2.5693221425597665e-5,2.216991693093222e-5,1.9135722426344914e-5,1.6521731593586953e-5,1.4268921033011963e-5,1.2326701318472592e-5,1.0651686324596334e-5,9.206646826335325e-6,7.959619885621359e-6,6.883150120899281e-6,5.953642761346564e-6,5.150811558620494e-6,4.457207280392952e-6,3.857814727630589e-6,3.339708077410578e-6,2.891755915702005e-6,2.5043686381776906e-6,2.1692820055324165e-6,1.87937157415438e-6,1.628493512373073e-6,1.4113479808730397e-6,1.223361821756267e-6,1.0605877802460552e-6,9.196178907760837e-7,7.975090046944955e-7,6.917187314913816e-7,6.000503158481737e-7,5.20605186111448e-7,4.517420917931834e-7,3.9204190289422494e-7,3.4027727646081143e-7,2.9538650885397474e-7,2.564509891549909e-7,2.226757519245672e-7,1.9337269836902556e-7,1.679461157090985e-7,1.4588017658363475e-7,1.2672814489477936e-7,1.1010305279469782e-7,9.566964630380149e-8,8.313742527233636e-8,7.22546276105102e-8,6.280302849185491e-8,5.459344314406496e-8,4.746183721584011e-8,4.1265961932677624e-8,3.588244266016688e-8,3.120425927536025e-8,2.71385652048717e-8,2.3604799260727823e-8,2.053305066378175e-8,1.7862643057209963e-8,1.5540907963604586e-8,1.3522122164450467e-8,1.1766586939720251e-8,1.0239830102411349e-8,8.91191434355381e-9,7.756837631059238e-9,6.7520133336800805e-9,5.877819402602224e-9,5.117207381515103e-9,4.455363257959016e-9,3.8794132410497285e-9,3.3781684801569575e-9,1.470951770836462e-9
0.0048369942345947575,0.006987000627637102,0.005499793149052218,0.004436246989127632,0.0036276012552555054,0.0029933636041964626,0.002486297895638097,0.0020755568823150883,0.0017396400681595134,0.0014628957633490078,0.0012335736896022659,0.0010426493116321295,0.0008830698608994145,0.0007492477499798922,0.0006367074640851317,0.0005418320533099388,0.0004616766934699666,0.0003938288169964485,0.00033630142530901956,0.0002874505656707384,0.00024591073734858606,0.00021054381582330875,0.00018039831124402666,0.0001546766228546965,0.0001327085454884496,0.00011392970972199561,9.786394699408461e-5,8.410879963899418e-5,7.23235668748743e-5,6.221940727395184e-5,5.355111736403146e-5,4.611028255077892e-5,3.971955620104379e-5,3.422786959295413e-5,2.9506412497859544e-5,2.5445253673303308e-5,2.1950494190258667e-5,1.8941865542304408e-5,1.6350699898279948e-5,1.4118212379894246e-5,1.21940454645922e-5,1.0535033990570253e-5,9.104156126718961e-6,7.869641350830302e-6,6.8042111747385146e-6,5.884432255444139e-6,5.090164772027423e-6,4.404091648378808e-6,3.811316459667263e-6,3.2990197491177364e-6,2.856165065651707e-6,2.473247363896959e-6,2.1420775270053377e-6,1.8555977169088132e-6,1.6077230526298377e-6,1.3932057897708764e-6,1.2075187437617221e-6,1.0467551816209182e-6,9.075428155873803e-7,7.86969879457114e-7,6.825215628942626e-7,5.920253301406886e-7,5.136038629693312e-7,4.4563454955001014e-7,3.867145960463412e-7,3.356309700714533e-7,2.913344981954974e-7,2.5291753610720285e-7,2.195947126972418e-7,1.906863199362295e-7,1.656039808313173e-7,1.4383827955234113e-7,1.2494808220370083e-7,1.0855131474080475e-7,9.431699719743134e-8,8.195836136465664e-8,7.122690314111476e-8,6.190724143469466e-8,5.3812673227390374e-8,4.678132969885073e-8,4.067285142528346e-8,3.536551195751881e-8,3.075372881753953e-8,2.6745909302971702e-8,2.3262585709644433e-8,2.0234800791139848e-8,1.760270961804932e-8,1.5314368621459086e-8,1.3324686576799018e-8,1.1594515721781795e-8,1.0089864156261475e-8,8.781213231719504e-9,7.642925842458258e-9,6.652733433678709e-9,5.791291188621782e-9,5.041792276249234e-9,4.389633269867761e-9,3.822123908320627e-9,3.32823528768459e-9,2.8983813657399687e-9,1.2621146736959015e-9
