0.061341554748351346,0.10584919416058147,0.09477599474923282,0.08587006646607298,0.07834095634222393,0.07181162504322369,0.06605916726833505,0.06093576335455975,0.056336039143567884,0.052181036202639586,0.04840939246157616,0.04497207831748962,0.04182905522678004,0.03894704954823347,0.03629801032796731,0.033858005897890564,0.03160641276548082,0.029525305448443118,0.02759898825184437,0.0258136296900644,0.02415697267492961,0.022618101657318312,0.021187253271640005,0.019855660695637878,0.0186154244842211,0.017459404433102677,0.016381128330702766,0.015374714403870726,0.014434804969598258,0.013556509329040567,0.012735354344873717,0.011967241451500327,0.011248409083867122,0.010575399700216814,0.009945030720734105,0.00935436882127716,0.008800707117538858,0.008281544848145084,0.007794569229088388,0.007337639202946028,0.006908770846219131,0.006506124233882166,0.0061279915883065,0.00577278656481553,0.00543903454446408,0.005125363822884546,0.004830497598805883,0.004553246676863271,0.0042925028107288765,0.004047232621308766,0.003816472032333873,0.0035993211729714175,0.003394939701870159,0.0032025425127935603,0.0030213957865443397,0.0028508133570080835,0.00269015336303554,0.0025388151607411563,0.002396236473131877,0.002261890756889151,0.0021352847673541467,0.0020159563050898277,0.0019034721290880074,0.0017974260226904931,0.0016974369998888142,0.0016031476406205003,0.0015142225450277685,0.0014303468970615248,0.001351225128970613,0.0012765796790482516,0.0012061498353568949,0.0011396906589717787,0.0010769719808048223,0.0010177774664724415,0.0009619037443297368,0.0009091595919082721,0.0008593651765500289,0.0008123513464477969,0.0007679589683688374,0.0007260383088078196,0.0006864484555184243,0.0006490567765460881,0.0006137384142644291,0.0005803758118945769,0.0005488582703004133,0.0005190815330673362,0.0004909473978659089,0.0004643633523802558,0.0004392422331116995,0.0004155019056023366,0.0003930649645900314,0.00037185845279892344,0.0003518135971804894,0.00033286556141892427,0.0003149532136716357,0.00029801890854785906,0.0002820082824026007,0.0002668700611243441,0.0002525558795795505,0.00023902011198108364,0.00011310985625861665
0.10584919416058147,0.182661837043264,0.163560529805292,0.1481971024334996,0.13520830219451918,0.12394386822540948,0.11401936790221479,0.10517986488156339,0.09724362609502135,0.0900744759552985,0.08356658605692724,0.07763539683532805,0.07221185484973014,0.06723857348389628,0.06266717320450854,0.0584563786157104,0.05457061961008902,0.05097897907560123,0.04765438540020395,0.0445729819997972,0.04171362751355745,0.039057494221631184,0.0365877414878818,0.034289247347845664,0.03214838575342649,0.03015284008514063,0.028291445789381142,0.026554056631558298,0.024931430274615862,0.023415129796380052,0.02199743845716612,0.020671285561086106,0.019430181661933554,0.018268161691443185,0.01717973484060853,0.016159840226911026,0.015203807546156745,0.014307322033765335,0.013466393170560476,0.012677326656145627,0.011936699241732296,0.011241336075952707,0.010588290265596823,0.009974824396495774,0.009398393791389709,0.008856631313086089,0.008347333546684987,0.00786844821362806,0.007418062690012023,0.006994393516638275,0.006595776801342296,0.0062206594267374266,0.005867590984758017,0.005535216369289053,0.0052222689660157695,0.004927564384010943,0.00464999468029223,0.004388523033508299,0.004142178826941803,0.003910053106035913,0.00369129437776268,0.003485104723162366,0.00329073619730344,0.0031074874926388593,0.002934700844485681,0.0027717591589989377,0.0026180833463362863,0.002473129842427063,0.002336388304755972,0.0022073794690067594,0.002085653154012171,0.001970786403870002,0.0018623817569835138,0.0017600656324779432,0.0016634868255812896,0.0015723151037544125,0.0014862398963143807,0.001404969071014693,0.0013282277911610477,0.0012557574476499585,0.001187314660668931,0.0011226703460946556,0.0010616088422821073,0.0010039270928960918,0.0009494338819784516,0.0008979491178147947,0.0008493031621527175,0.000803336201804665,0.0007598976597209955,0.0007188456430229327,0.0006800464254276186,0.0006433739618297279,0.0006087094329956643,0.0005759408183238432,0.0005449624948955616,0.0005156748610965559,0.0004879839832170954,0.0004618012636135281,0.00043704312898703614,0.0004136307375152415,0.00019574485184618807
0.09477599474923282,0.163560529805292,0.14646153793730354,0.13270816410130282,0.12108024240186532,0.11099576267978506,0.10211064259998626,0.09419670420966941,0.08709128925679543,0.0806725150464358,0.07484566060814224,0.06953504123129872,0.06467885062409606,0.06022572461038678,0.056132360577383356,0.05236181428466624,0.04888224785776829,0.04566598796118859,0.0426888030732121,0.03992933920186992,0.03736867255179799,0.03498995010255235,0.032778097336017775,0.030719578004919312,0.028802194764888545,0.02701492226650415,0.025347766314558373,0.023791644163744463,0.02233828211067862,0.02098012735123833,0.019710271696901538,0.01852238521994254,0.017410658262000167,0.016369750533135996,0.01539474625483922,0.014481114481380508,0.013624673882348393,0.012821561382104829,0.012068204150534806,0.011361294518250825,0.010697767450982082,0.01007478027305908,0.009489694373237573,0.008940058664839545,0.008423594600484169,0.00793818256984724,0.007481849531683016,0.007052757748329419,0.006649194508532186,0.006269562737880985,0.0059123724078433415,0.005576232665657002,0.005259844614719927,0.004961994683982798,0.004681548531870236,0.004417445435074482,0.004168693118576386,0.003934362987656606,0.0037135857262653865,0.003505547230612749,0.0033094848487287276,0.003124683900332874,0.002950474453968732,0.002786228339899631,0.0026313563797277922,0.0024853058151680027,0.0023475579204899413,0.0022176257837833446,0.0020950522439884822,0.0019794079719181804,0.0018702896840356864,0.0017673184790171076,0.0016701382879323393,0.0015784144294977431,0.0014918322628723994,0.0014100959306442215,0.0013329271855118466,0.0012600642948118503,0.0011912610171433344,0.0011262856460664307,0.0010649201161652237,0.0010069591670321468,0.0009522095613188064,0.0009004893529606407,0.0008516272021677762,0.0008054617341066994,0.0007618409381857302,0.0007206216052890995,0.0006816688003500482,0.0006448553680165805,0.0006100614691106187,0.0005771741458795061,0.0005460869142102955,0.0005166993809745044,0.0004889168849140438,0.00046265015952854163,0.0004378150165386622,0.00041433204865695857,0.00039212635037304787,0.00037112725562125654,0.00017563404565318005
0.08587006646607298,0.1481971024334996,0.13270816410130282,0.1202494664783118,0.10971588291863377,0.10058027565695671,0.09253100324049646,0.08536140095511979,0.07892414634666389,0.07310884795630002,0.06782971501885293,0.0630181980922766,0.05861831752414526,0.05458355114805902,0.050874678192462275,0.04745823668673965,0.04430538951186702,0.041391071384615286,0.03869333428468902,0.03619283638344106,0.03387243689581532,0.03171687055410022,0.029712482898767045,0.027847012702920115,0.026109411406768257,0.024489691950927317,0.022978801218613565,0.02156851162088641,0.020251328346970465,0.019020409534469318,0.017869497180078797,0.01679285704268535,0.015785226120998863,0.01484176655288788,0.0139580249885774,0.01312989665374864,0.01235359345301923,0.011625615566535047,0.010942726081736881,0.010301928273730998,0.009700445203441876,0.009135701352714076,0.00860530605476556,0.008107038513485099,0.007638834230684066,0.007198772685927418,0.006785066134212092,0.006396049402145054,0.006030170579227598,0.005685982513038021,0.005362135027698223,0.0050573677952175655,0.004770503795991768,0.004500443312762059,0.004246158408701531,0.004006687844655896,0.0037811323960111054,0.003568650533652129,0.0033684544367432456,0.003179806309128147,0.003002014972859471,0.0028344327156170357,0.0026764523711445623,0.0025275046132292867,0.0023870554459823126,0.002254603874507745,0.0021296797419356334,0.0020118417193727423,0.0019006754369446308,0.0017957917452666242,0.0016968250971663087,0.0016034320406273297,0.0015152898146520884,0.001432095040302648,0.001353562500101449,0.0012794239991313384,0.0012094273019525072,0.0011433351400381778,0.0010809242845221632,0.0010219846797084875,0.0009663186330774488,0.0009137400577636443,0.0008640737640144384,0.0008171547961026981,0.0007728278116073371,0.0007309465002759852,0.0006913730396736102,0.0006539775852116812,0.000618637792194383,0.0005852383678468989,0.0005536706512429095,0.000523832219318782,0.0004956265173170823,0.000468962511999519,0.0004437543661896682,0.0004199211332505653,0.000397386470205912,0.00037607836835579743,0.00035592890021537114,0.00033687398175105774,0.00015942657449318247
0.07834095634222393,0.13520830219451918,0.12108024240186532,0.10971588291863377,0.10010732068082184,0.09177379248825757,0.08443107376207637,0.07789068133782195,0.07201825355671909,0.06671311059961971,0.061897008941271814,0.05750742943102183,0.053493316752889486,0.049812240943444164,0.04642843099883964,0.04331136800554969,0.040434750963783905,0.03777571882789266,0.0353142535303298,0.033032713881372744,0.03091546607232276,0.028948586794751097,0.027119621825520634,0.02541738759801493,0.023831806526700472,0.022353769143506286,0.02097501776553168,0.019688047621177318,0.01848602226277618,0.017362700762085126,0.01631237470102964,0.015329813363416211,0.014410215834534224,0.013549168957266655,0.012742610280286337,0.011986795283369323,0.01127826828747136,0.010613836550461248,0.009990547130881516,0.009405666167188964,0.008856660270773337,0.008341179776636731,0.007857043631405713,0.007402225730344325,0.006974842538400999,0.006573141853591591,0.00619549258984807,0.005840375470489004,0.0055063745380218715,0.005192169397097671,0.004896528117099674,0.004618300730158564,0.0043564132664800775,0.004109862276193976,0.0038777097927337884,0.0036590786967339445,0.003453148444395468,0.003259151127913487,0.0030763678385365284,0.0029041253065398495,0.002741792793952265,0.0025887792188428183,0.002444530492133508,0.0023085270491765633,0.002180281560371887,0.002059336806312595,0.001945263704668819,0.001837659476546162,0.0017361459415333874,0.0016403679317152156,0.0015499918153683463,0.0014647041221046916,0.0013842102618903777,0.0013082333308802215,0.0012365129978496939,0.0011688044651491994,0.0011048774988160308,0.0010445155230117166,0.0009875147740357575,0.0009336835097661471,0.0008828412706360367,0.00083481818847592,0.0007894543400370491,0.0007465991419794323,0.0007061107845096563,0.0006678557011275624,0.0006317080719313306,0.0005975493582870382,0.000565267866706751,0.000534758340079133,0.0005059215743526448,0.00047866405901790705,0.00045289763987768454,0.00042853920259022966,0.0004055103756727702,0.00038373725169280407,0.0003631501254692032,0.000343683248235074,0.0003252745966935188,0.00030786565603089545,0.0001457006080206008
0.07181162504322369,0.12394386822540948,0.11099576267978506,0.10058027565695671,0.09177379248825757,0.08413575463023282,0.07740570666354119,0.07141092797905846,0.06602829332718207,0.061165542440084986,0.05675097491997794,0.052727299629603985,0.04904773046378452,0.04567338525672204,0.042571483847477665,0.03971405887662949,0.037077008107064935,0.03463938153375812,0.032382834340718314,0.030291199787788492,0.0283501506212136,0.02654692702666195,0.024870115408747506,0.023309466561214742,0.02185574476711233,0.02050060146801347,0.019236468663452022,0.01805646830833224,0.016954334801703996,0.01592434827267758,0.014961276842131277,0.01406032639928917,0.013217096708257714,0.012427542881094628,0.011687941425298692,0.01099486021056742,0.01034513181202587,0.009735829772574839,0.009164247401670378,0.00862787878748586,0.008124401745994936,0.007651662472290183,0.007207661692242073,0.00679054214192773,0.006398577223664298,0.006030160708806159,0.005683797374717844,0.005358094476186487,0.005051753964873354,0.004763565380586088,0.004492399347005474,0.004237201613031774,0.003996987586499884,0.0037708373137220613,0.0035578908636332424,0.0033573440789566728,0.0031684446613582107,0.0029904885608939002,0.00282281664278336,0.0026648116079436845,0.002515895145144234,0.002375525295361995,0.0022431940108969817,0.0021184248929713365,0.0020007710934037484,0.0018898133670609968,0.0017851582633670662,0.0016864364456316214,0.0015933011283149681,0.0015054266233186578,0.0014225069867962112,0.0013442547589366874,0.001270399789782991,0.001200688144614926,0.0011348810831991463,0.0010727541073387269,0.0010140960718059526,0.0009587083542307445,0.0009064040795920165,0.0008570073955096701,0.0008103527947716654,0.0007662844817322,0.0007246557796631598,0.0006853285761107154,0.0006481728036774673,0.0006130659539017973,0.0005798926218967392,0.0005485440797378515,0.0005189178766242027,0.0004909174641115604,0.0004644518446763352,0.0004394352420951115,0.0004157867922543537,0.0003934302530024334,0.00037229373184046247,0.0003523094302857006,0.0003334134038279375,0.00031554533651825464,0.00029864832921045435,0.0002826687005978287,0.00013377790013476996
0.06605916726833505,0.11401936790221479,0.10211064259998626,0.09253100324049646,0.08443107376207637,0.07740570666354119,0.07121538165201513,0.06570126127527809,0.060750116958751654,0.05627710411809894,0.05221628535280187,0.048514974220282614,0.04513014483457367,0.04202603985782227,0.039172513414646004,0.03654384552433132,0.0341178706049744,0.03187532189356346,0.0297993283816681,0.027875022040237507,0.026089226451888936,0.024430206636277763,0.02288746561590055,0.021451577205769845,0.02011404724640975,0.01886719743057602,0.017704067273865587,0.016618330797014635,0.015604225246950876,0.014656489746820545,0.013770312200075074,0.012941283105155243,0.012165355191126048,0.011438807988305794,0.010758216605462667,0.01012042411110961,0.009522517019745519,0.008961803462468332,0.008435793690045462,0.007942182611372,0.007478834113086641,0.007043766944533708,0.006635141982413967,0.00625125071643054,0.005890504816923894,0.0055514266650960875,0.005232640742292793,0.004932865786627619,0.004650907637497689,0.004385652697902309,0.004136061952616482,0.003901165488117045,0.00368005746529336,0.0034718915021438174,0.003275876428550442,0.0030912723785709306,0.002917387189873194,0.0027535730830057503,0.002599223595705087,0.0024537707505700307,0.002316682435743997,0.002187459980746327,0.0020656359114152173,0.0019507718689943734,0.0018424566801137215,0.00174030456543528,0.001643953476187135,0.0015530635482506536,0.0014673156647125492,0.00138641011868788,0.0013100653685916078,0.0012380168789185506,0.0011700160401510763,0.0011058291618447763,0.001045236533652124,0.0009880315491643012,0.0009340198880498536,0.0008830187524183214,0.0008348561534061161,0.0007893702444875771,0.0007464086982322156,0.0007058281234144509,0.0006674935197922924,0.0006312777678437465,0.0005970611510883513,0.0005647309088526922,0.0005341808173297356,0.0005053107970830455,0.000478026545178447,0.0004522391903789818,0.0004278649698013365,0.00040482492564018237,0.0003830446206863304,0.00036245387136208014,0.00034298649716687016,0.00032458008546056884,0.0003071757705913761,0.00029071802648483486,0.0002751544717928024,0.00026043568681375067,0.00012325752073547502
0.06093576335455975,0.10517986488156339,0.09419670420966941,0.08536140095511979,0.07789068133782195,0.07141092797905846,0.06570126127527809,0.06061520536785436,0.056048343706583514,0.051922434657337035,0.048176672221379335,0.044762470009610755,0.04164015027302981,0.03877673806254034,0.03614443311630777,0.033719516568537666,0.03148154728675423,0.02941275732048787,0.027497587995173545,0.02572232771108629,0.024074824813472284,0.022544256892717607,0.021120943186763663,0.019796190387708246,0.01856216467763816,0.017411784599387137,0.016338630658744968,0.015336868493070255,0.014401183141436458,0.013526722470755814,0.012709048213349727,0.011944093377086296,0.011228125023265617,0.010557711595264224,0.009929694126225075,0.00934116077022662,0.008789424196641415,0.00827200145985521,0.0077865960198302275,0.00733108163957627,0.0069034879250925996,0.006501987308774965,0.006124883305084122,0.005770599892143999,0.005437671891083365,0.005124736233021371,0.004830524018227589,0.004553853282882311,0.0042936224001745155,0.004048804051105817,0.0038184397078777077,0.0036016345799729926,0.003397552977775553,0.0032054140542640275,0.0030244878898230826,0.002854091888302865,0.002693587456317488,0.0025423769406022548,0.0023999008005611486,0.002265634996023329,0.002139088571433634,0.0020198014200094386,0.0019073422130749668,0.0018013064807708493,0.0017013148319203197,0.001607011301775714,0.0015180618177070768,0.0014341527733025723,0.0013549897024995629,0.0012802960461907424,0.0012098120040913637,0.0011432934654678935,0.0010805110128437947,0.0010212489931957988,0.0009653046518086697,0.000912487324066541,0.0008626176810117327,0.0008155270249158367,0.0007710566311717407,0.0007290571332814657,0.0006893879479162,0.000651916737195047,0.0006165189057079912,0.0005830771297825332,0.0005514809168058951,0.0005216261926282006,0.000493414915063611,0.00046675471178416784,0.0004415585409302501,0.0004177443729950041,0.0003952348925055013,0.00037395721821522135,0.00035384264063290094,0.0003348263757102258,0.00031684733366752534,0.0002998479019680573,0.00028377374152503687,0.0002685735953265331,0.0002541991086470099,0.00024060466011812266,0.00011387360150038424
0.056336039143567884,0.09724362609502135,0.08709128925679543,0.07892414634666389,0.07201825355671909,0.06602829332718207,0.060750116958751654,0.056048343706583514,0.051826466231003065,0.04801216936546915,0.04454925280081368,0.04139281015974017,0.038506168830005794,0.035858851218431576,0.03342516239694682,0.031183179633311964,0.029114009611242997,0.027201229679140293,0.025430459089839763,0.023789024240847167,0.02226569329869238,0.020850462978317108,0.019534385159296286,0.01830942437549138,0.017168339546712763,0.016104584966734392,0.015112226755055858,0.01418587184714487,0.013320607245032423,0.012511947730104805,0.011755790610583267,0.011048376358676337,0.010386254208722134,0.009766251961232875,0.009185449372028642,0.0086411546129887,0.008130883379014436,0.007652340282759157,0.007203402237204948,0.006782103572906706,0.006386622673235309,0.006015269943694515,0.005666476957084096,0.005338786639266888,0.005030844377070173,0.004741389946564839,0.00446925017348998,0.004213332247659088,0.003972617623636404,0.003746156447953314,0.0035330624600687643,0.0033325083209684164,0.0031437213276677006,0.0029659794771463507,0.002798607847407382,0.0026409752662067618,0.0024924912415672795,0.0023526031308051046,0.0022207935269335233,0.0020965778439773278,0.001979502083845258,0.001869140769541304,0.0017650950310465832,0.0016669908311154683,0.0015744773196934986,0.0014872253065346917,0.0014049258428339255,0.0013272889030654066,0.0012540421592815258,0.0011849298408888077,0.0011197116732335477,0.0010581618890822264,0.0010000683075581697,0.000945231475463347,0.0008934638665193742,0.0008445891341635203,0.0007984414140458224,0.0007548646727573455,0.0007137120993768818,0.0006748455368558014,0.0006381349504459514,0.0006034579305332823,0.0005706992275901473,0.0005397503169347079,0.0005105089912751295,0.00048287897921345593,0.0004567695878760075,0.0004320953680942742,0.00040877580058683305,0.00038673500180900176,0.000365901448104485,0.0003462077169710028,0.00032759024435373256,0.00030998909687810373,0.0002933477580782497,0.00027761292770658863,0.0002627343332778035,0.00024866455309408095,0.00023535884998306632,0.00022277501507619955,0.0001054366105095743
0.052181036202639586,0.0900744759552985,0.0806725150464358,0.07310884795630002,0.06671311059961971,0.061165542440084986,0.05627710411809894,0.051922434657337035,0.04801216936546915,0.044479345153810135,0.04127192102909716,0.038348313974768455,0.035674565278465464,0.03322245268480606,0.03096818258012246,0.028891454317408805,0.026974772417959647,0.025202929180688782,0.023562607660946255,0.022042071692040144,0.020630920155043198,0.01931988954300229,0.018100693413095448,0.016965890426779595,0.015908774837358197,0.014923284808351145,0.014003925050797061,0.013145701070763183,0.01234406291757123,0.011594856767699335,0.010894283022523654,0.010238859859659305,0.009625391377962061,0.009050939637013616,0.008512800016236471,0.008008479418185749,0.0075356769221079645,0.00709226655586484,0.006676281908506332,0.006285902349064315,0.0059194406509391895,0.005575331851576007,0.005252123200918488,0.004948465073415023,0.004663102733878627,0.004394868862980961,0.00414267676068257,0.0039055141552231804,0.0036824375549762145,0.00347256708786009,0.0032750817794209852,0.003089215226896036,0.0029142516306131377,0.002749522148955595,0.0025944015469780493,0.0024483051114004284,0.002310685808011026,0.0021810316599303534,0.0020588633271654763,0.001943731870355958,0.0018352166826438587,0.0017329235755750502,0.001636483006376463,0.0015455484347968486,0.0014597947990551835,0.001378917101245502,0.0013026290936944025,0.0012306620581139655,0.001162763670377813,0.0010986969444543582,0.001038239249322958,0.0009811813933960079,0.0009273267714111702,0.0008764905690975579,0.000828499021480883,0.0007831887207859507,0.0007404059703680146,0.0007000061814596108,0.0006618533095728348,0.0006258193277970722,0.0005917837344039667,0.0005596330923172948,0.000529260598329943,0.0005005656799273311,0.00047345361784441146,0.00044783519266629497,0.0004236263537746917,0.0004007479091807844,0.0003791252348095018,0.0003586880020005354,0.00033936992196127724,0.0003211085060713737,0.00030384484103315127,0.0002875233778597197,0.0002720917338268807,0.00025750050654178933,0.00024370309934424166,0.000230655557343056,0.0002183164133757274,0.00020664654326868828,9.780451491740033e-5
0.04840939246157616,0.08356658605692724,0.07484566060814224,0.06782971501885293,0.061897008941271814,0.05675097491997794,0.05221628535280187,0.048176672221379335,0.04454925280081368,0.04127192102909716,0.038296410510898715,0.03558415420153438,0.0331036562780711,0.030828741232495016,0.02873734092497726,0.02681062678420265,0.025032371904359252,0.023388471188840576,0.021866573131934186,0.02045579232906619,0.019146481574585095,0.017930048750461947,0.016798807926846515,0.015745856976604133,0.014764976008706132,0.013850542338754657,0.012997458739543888,0.0122010924594321,0.01145722305207994,0.010761997473307361,0.010111891219136249,0.009503674521701366,0.008934382805486113,0.008401290755434027,0.007901889463794554,0.007433866214748841,0.006995086541490225,0.006583578247940813,0.006197517137541783,0.0058352142317009,0.0054951042918297555,0.005175735487025823,0.004875760071520824,0.004593925955758277,0.004329069069363131,0.0040801064286218325,0.0038460298327050585,0.0036259001215093595,0.0034188419369729217,0.00322403893657168,0.0030407294136590574,0.0028682022850568117,0.0027057934100579856,0.0025528822095209347,0.0024088885573128743,0.0022732699188084265,0.0021455187142144366,0.0020251598867362594,0.0019117486574357218,0.0018048684509231402,0.0017041289769814047,0.0016091644550524087,0.0015196319698490002,0.0014352099471369138,0.0013555967399896673,0.00128050931656562,0.001209682041520388,0.0011428655434891875,0.0010798256619871868,0.0010203424677310835,0.0009642093506556024,0.0009112321705450205,0.0008612284656094177,0.0008140267146500048,0.0007694656489785207,0.0007273936103420232,0.0006876679515435431,0.0006501544767781482,0.0006147269187535501,0.0005812664500353237,0.0005496612262161672,0.0005198059586439818,0.000491601514744389,0.00046495454395226177,0.0004397771275150286,0.0004159864506003783,0.0003935044951335143,0.00037225775201032204,0.00035217695135533484,0.000333196809679432,0.0003152557927638385,0.000298295893249971,0.00028226242200217813,0.0002671038123081542,0.0002527714361064779,0.00023921943145547176,0.00022640454051608278,0.00021428595740171502,0.00020282518523470194,0.0001919859018317911,9.08669167480401e-5
0.04497207831748962,0.07763539683532805,0.06953504123129872,0.0630181980922766,0.05750742943102183,0.052727299629603985,0.048514974220282614,0.044762470009610755,0.04139281015974017,0.038348313974768455,0.03558415420153438,0.03306451173834568,0.030760134781727122,0.028646712688998432,0.02670374946819354,0.02491375782091465,0.023261666699821493,0.02173437565047276,0.020320412835699242,0.019009668035583793,0.017793180988498192,0.016662971330968668,0.015611900311174431,0.014633557126770669,0.013722164597759212,0.01287250019782371,0.012079829419151367,0.01133984913755881,0.010648639160910578,0.01000262052664383,0.009398519409843986,0.00883333572863862,0.008304315706212956,0.007808927787220116,0.007344841413445463,0.0069099082492041775,0.006502145517190916,0.0061197211589024275,0.005760940580435123,0.0054242347817399506,0.005108149696532074,0.004811336596170779,0.0045325434313187585,0.00427060700352469,0.004024445872243862,0.0037930539161470794,0.00357549447835169,0.0033708950332368842,0.003178442320844549,0.002997377901229059,0.002826994086652039,0.0026666302148528886,0.0025156692301109007,0.0023735345430116045,0.0022396871431539164,0.0021136229413069377,0.001994870320372398,0.0018829878765934394,0.0017775623341533472,0.0016782066184376984,0.001584558074120175,0.0014962768159340611,0.0014130442012294207,0.0013345614141415385,0.0012605481523646558,0.001190741408218312,0.001124894336681878,0.0010627752033707735,0.001004166406276704,0.0009488635657026838,0.0008966746770743481,0.0008474193219099695,0.0008009279326114255,0.0007570411070309084,0.0007156089692517634,0.0006764905731016877,0.000639553345324468,0.0006046725656424102,0.0005717308809870415,0.0005406178515206927,0.0005112295262192819,0.0004834680459123216,0.0004572412719558612,0.00043246243869405135,0.0004090498280959077,0.00038692646511150845,0.00036601983228478404,0.00034626160236568646,0.0003275873876852865,0.00030993650523029447,0.00029325175632702056,0.00027747921998690864,0.0002625680590471226,0.00024847033823743175,0.0002351408534205122,0.00022253697127579304,0.00021061847875116207,0.0001993474416815801,0.00018868807196118246,0.00017860660273227857,8.453558555294375e-5
0.04182905522678004,0.07221185484973014,0.06467885062409606,0.05861831752414526,0.053493316752889486,0.04904773046378452,0.04513014483457367,0.04164015027302981,0.038506168830005794,0.035674565278465464,0.0331036562780711,0.030760134781727122,0.028616800380674934,0.026651047225049074,0.024843816529727725,0.02317884715033386,0.021642124698210086,0.020221467144257377,0.01890620683283678,0.017686942212231493,0.016555341024262704,0.015503982174705444,0.014526227148457027,0.01361611432161286,0.012768271252190488,0.011977841251849142,0.011240421425823016,0.010552010011552787,0.009908961326469734,0.009307946991355093,0.008745922370592601,0.008220097380152835,0.00772791097457598,0.007267008752977505,0.006835223223678577,0.006430556346670502,0.0060511640384402765,0.005695342373336229,0.005361515259059646,0.0050482233985349595,0.00475411437748019,0.004477933741287854,0.004218516943880327,0.003974782068252497,0.0037457232308481664,0.0035304045943138213,0.0033279549232038685,0.003137562624672921,0.002958471223946886,0.0027899752302795733,0.002631416354245006,0.0024821800421780324,0.002341692296814163,0.0022094167570826106,0.0020848520130981735,0.0019675291345084486,0.0018570093930018738,0.001752882161719281,0.0016547629758959584,0.0015622917410408992,0.0014751310757849696,0.0013929647781111242,0.001315496404832566,0.0012424479548574438,0.0011735586478665433,0.0011085837906743556,0.0010472937244631088,0.0009894728463560806,0.000934918699586066,0.0008834411270803449,0.0008348614835168126,0.0007890119014645359,0.0007457346075752953,0.0007048812850645458,0.0006663124791700427,0.0006298970423504451,0.0005955116163656269,0.0005630401486650238,0.0005323734405523334,0.0005034087249159123,0.00047604927145151674,0.0004502040174207602,0.0004257872222490997,0.00040271814424801787,0.000380920737961212,0.00036032337078100145,0.0003408585574745859,0.00032246271145100047,0.0003050759116189697,0.00028864168384663304,0.00027310679600950176,0.00025842106574510033,0.0002445371801085691,0.0002314105263211746,0.0002189990329116414,0.00020726302057146647,0.00019616506209585265,0.00018566985085138312,0.00017574407719989516,0.00016635631237953055,7.873844969578871e-5
0.03894704954823347,0.06723857348389628,0.06022572461038678,0.05458355114805902,0.049812240943444164,0.04567338525672204,0.04202603985782227,0.03877673806254034,0.035858851218431576,0.03322245268480606,0.030828741232495016,0.028646712688998432,0.026651047225049074,0.024820701834571968,0.023137935276011767,0.02158761047329122,0.020156681727215464,0.018833808977643807,0.017609061808898097,0.016473688350670923,0.015419932079477838,0.014440884625907369,0.013530366083375767,0.012682826630250776,0.011893264887191307,0.011157159567762753,0.010470411804061636,0.00982929612787442,0.009230418534671714,0.008670680389091356,0.008147247186449297,0.007657521379849402,0.007199118631796064,0.0067698469690653795,0.006367688412283995,0.005990782725764643,0.005637412993946975,0.005305992777012505,0.004995054638644594,0.004703239871174922,0.004429289268553641,0.00417203482018956,0.003930392216441522,0.0037033540724135394,0.003489983788276807,0.0032894099758840056,0.0031008213907763454,0.0029234623156298087,0.002756628348405725,0.002599662553977533,0.002451951942792706,0.002312924244747702,0.0021820449494685742,0.0020588145878222414,0.0019427662323617603,0.0018334631963733694,0.0017304969136587647,0.0016334849829895276,0.0015420693626446678,0.0014559147022859958,0.0013747068001925683,0.0012981511753488162,0.0012259717449530014,0.0011579095985392654,0.001093721860918894,0.001033180636745852,0.0009760720303673455,0.0009221952348776735,0.0008713616850281672,0.0008233942691732998,0.0007781265956491885,0.0007354023095012489,0.0006950744558065075,0.0006570048860890156,0.0006210637047456627,0.0005871287524685329,0.0005550851240030096,0.0005248247178460327,0.0004962458155277245,0.0004692526884185061,0.00044375523013169375,0.0004196686127001161,0.0003969129649477685,0.0003754130714597693,0.00035509809075388084,0.0003359012913935651,0.00031775980477599317,0.0003006143935066841,0.00028440923429034863,0.00026909171441725274,0.0002546122409013739,0.0002409240614497342,0.00022798309651275717,0.00021574778166344368,0.00020417891965347854,0.00019323954151440796,0.0001828947761187828,0.00017311172768100843,0.0001638593606666963,0.0001551083916458986,7.341559383501248e-5
0.03629801032796731,0.06266717320450854,0.056132360577383356,0.050874678192462275,0.04642843099883964,0.042571483847477665,0.039172513414646004,0.03614443311630777,0.03342516239694682,0.03096818258012246,0.02873734092497726,0.02670374946819354,0.024843816529727725,0.023137935276011767,0.021569575224613946,0.020124632268766762,0.018790950896697245,0.017557964788732616,0.01641642103127483,0.015358164796047902,0.014375968649775639,0.013463395411521528,0.012614686633938,0.01182467094273057,0.011088687968721311,0.010402524665547364,0.009762361573480483,0.009164727147764451,0.008606458686146234,0.008084668699007702,0.007596715803921322,0.007140179408171743,0.006712837581919651,0.006312647636359109,0.005937729007577178,0.005586348115871845,0.005256904926929318,0.004947920984326129,0.00465802872046546,0.0043859618831247615,0.004130546938266033,0.0038906953308252418,0.0036653965017222345,0.0034537115741190005,0.003254767632734884,0.003067752530781148,0.002891910167775895,0.0027265361879695443,0.00257097405583976,0.0024246114702428934,0.002286877083270085,0.002157237494160205,0.0020351944914290127,0.001920282519759904,0.0018120663508823034,0.0017101389394942254,0.0016141194475828013,0.0015236514221771066,0.0014384011129402463,0.0013580559177264646,0.001282322944942231,0.001210927682923607,0.001143612767540738,0.0010801368398242056,0.001020273486351097,0.0009638102556871336,0.0009105477449787187,0.0008602987510280755,0.000812887480869693,0.000768148817357036,0.0007259276354702349,0.0006860781655400362,0.0006484633998900483,0.0006129545396345078,0.0005794304787595742,0.0005477773226796549,0.0005178879387897697,0.000489661536781795,0.0004630032765285952,0.0004378239016185857,0.0004140393967423696,0.00039157066723428426,0.00037034323929755354,0.0003502869794252501,0.00033133583171553096,0.00031342757190710654,0.000296503576954708,0.0002805086091304202,0.0002653906136534292,0.0002511005289903079,0.0002375921089463823,0.0002248217557835044,0.00021274836366524073,0.00020133317172846277,0.00019053962617393474,0.00018033325078703043,0.00017068152534333502,0.000161553771414376,0.0001529210450783489,0.00014475603610293554,6.851648660429898e-5
0.033858005897890564,0.0584563786157104,0.05236181428466624,0.04745823668673965,0.04331136800554969,0.03971405887662949,0.03654384552433132,0.033719516568537666,0.031183179633311964,0.028891454317408805,0.02681062678420265,0.02491375782091465,0.02317884715033386,0.02158761047329122,0.020124632268766762,0.018776759672929577,0.01753265693571182,0.016382470268538674,0.015317570667404579,0.014330353121611572,0.013414077441632866,0.01256274037105326,0.011770971593429908,0.011033948257385878,0.010347324042125544,0.00970716977278746,0.00910992331072294,0.008552346964058183,0.008031491052093859,0.007544662544991032,0.007089397922527885,0.00666343956516674,0.006264715120417028,0.005891319391619992,0.005541498376812282,0.005213635149710932,0.004906237327687815,0.004617925911757956,0.0043474253187100464,0.004093554453547088,0.0038552186922937437,0.0036314026648714,0.0034211637431504766,0.0032236261530798754,0.0030379756398446894,0.002863454625031736,0.0026993578028945836,0.002545028128842164,0.0023998531595485068,0.0022632617088641505,0.0021347207878696373,0.002013732801424653,0.0018998329761839572,0.0017925869982091044,0.001691588840804406,0.001596458764912434,0.001506841476546554,0.0014224044273052731,0.0013428362452927063,0.0012678452853727637,0.0011971582883492024,0.0011305191399444484,0.001067687721381605,0.0010084388439179012,0.0009525612605577327,0.0008998567486939099,0.0008501392581698949,0.0008032341194783056,0.0007589773074501097,0.0007172147562467517,0.0006778017216550886,0.0006406021871372975,0.0006054883103736395,0.0005723399072555448,0.0005410439706507071,0.0005114942213211467,0.0004835906886824209,0.000457239319322433,0.0004323516112318855,0.0004088442719582565,0.00038663889900620186,0.00036566168090157274,0.0003458431175471068,0.0003271177584820723,0.0003094239578322203,0.00029270364485507825,0.0002769021089798797,0.0002619677983963691,0.0002478521312621754,0.00023450931872877074,0.00022189619896571724,0.0002099720814700565,0.00019869860100897065,0.00018803958054185946,0.00017796090255536726,0.00016843038826209588,0.00015941768415452407,0.00015089415546196703,0.0001428327860487832,0.00013520808435004252,6.399799748971614e-5
0.03160641276548082,0.05457061961008902,0.04888224785776829,0.04430538951186702,0.040434750963783905,0.037077008107064935,0.0341178706049744,0.03148154728675423,0.029114009611242997,0.026974772417959647,0.025032371904359252,0.023261666699821493,0.021642124698210086,0.020156681727215464,0.018790950896697245,0.01753265693571182,0.01637122038950839,0.015297444839593888,0.014303276894544747,0.013381618802830952,0.012526179906690055,0.011731357291809935,0.010992138736861612,0.010304022945071906,0.009662953345538988,0.009065262673328661,0.008507626205290886,0.007987022014086242,0.007500696965189818,0.0070461374503232865,0.006621044058259223,0.006223309542084818,0.005850999563098966,0.005502335788703072,0.0051756809968037665,0.0048695258993299295,0.004582477446769456,0.004313248413102072,0.004060648093268421,0.003823573971481767,0.003601004239115871,0.003391991059235433,0.0031956544892158406,0.0030111769857676662,0.0028377984260620007,0.0026748115880110765,0.0025215580403298438,0.0023774243986326854,0.0022418389096744845,0.002114268330309456,0.001994215071621494,0.0018812145824273901,0.0017748329487943873,0.0016746646891625527,0.001580330726993824,0.0014914765244629959,0.0014077703627046953,0.0013289017555929497,0.0012545799852244736,0.0011845327487725946,0.0011185049069988781,0.001056257325904926,0.0009975658038761243,0.0009422200771763839,0.0008900228974742762,0.0008407891755665628,0.0007943451861595532,0.0007505278287764719,0.0007091839404552921,0.0006701696563289478,0.0006333498143547105,0.0005985974008818201,0.0005657930340128726,0.000534824481919537,0.0005055862136131139,0.00047797897972552683,0.0004519094211431745,0.00042728970355124414,0.00040403717597679335,0.0003820740516620536,0.0003613271097025845,0.00034172741597309104,0.0003232100620604826,0.0003057139209089576,0.0002891814180443998,0.00027355831735618487,0.0002587935204090156,0.0002448388784020905,0.00023164901590734446,0.00021918116564004046,0.00020739501349614515,0.00019625255319080616,0.00018571794988954957,0.00017575741222185508,0.0001663390721484215,0.00015743287216941296,0.00014901045939908928,0.00014104508608475588,0.00013351151613900806,0.00012638593730832396,5.982293931857947e-5
0.029525305448443118,0.05097897907560123,0.04566598796118859,0.041391071384615286,0.03777571882789266,0.03463938153375812,0.03187532189356346,0.02941275732048787,0.027201229679140293,0.025202929180688782,0.023388471188840576,0.02173437565047276,0.020221467144257377,0.018833808977643807,0.017557964788732616,0.016382470268538674,0.015297444839593888,0.014294299549107603,0.013365512923547707,0.012504455967430661,0.011705253436078644,0.010962672374526777,0.010272031482361,0.009629126618297512,0.00903016897755704,0.008471733335529724,0.007950714374992784,0.0074642895675995635,0.00700988741869929,0.006585160135467227,0.006187959972107984,0.00581631865358527,0.005468429392414043,0.00514263110381466,0.004837394494717984,0.004551309758224181,0.004283075651161317,0.004031489767383212,0.00379543985004574,0.0035738960105355794,0.0033659037408034775,0.0031705776229736526,0.0029870956535320223,0.0028146941114128438,0.00265266290806402,0.0025003413663113247,0.002357114381911947,0.002222408926944322,0.002095690859649335,0.0019764620095062205,0.0018642575099515057,0.0017586433546474753,0.001659214155487282,0.0015655910832758184,0.0014774199742045684,0.0013943695867252477,0.0013161299952943288,0.0012424111088264293,0.0011729413028093993,0.0011074661554319291,0.0010457472786524237,0.0009875612362549753,0.0009326985417500606,0.0008809627294508807,0.0008321694928237165,0.0007861458846638511,0.0007427295742975203,0.0007017681572037415,0.0006631185130072884,0.0006266462081929974,0.0005922249400549546,0.0005597360187883788,0.0005290678848810324,0.0005001156591522716,0.000472780723105453,0.0004469703273108066,0.0004225972258037475,0.00039957933468445783,0.0003778394131335582,0.0003573047652852407,0.00033790696149615853,0.00031958157763021817,0.0003022679511635812,0.00028590895290008574,0.0002704507732391682,0.00025584272204190114,0.00024203704113554166,0.00022898872863218178,0.0002166553742505026,0.0002049970049432838,0.00019397594011551396,0.00018355665581138748,0.00017370565730196602,0.00016439135950338394,0.0001555839747318091,0.00014725540731625082,0.00013937915462589696,0.0001319302141178139,0.00012488499600230886,0.0001182212411739215,5.595897204482142e-5
