0.06134155474837133,0.1065929080714847,0.09592690538125903,0.08730680063779905,0.07998865001460564,0.07361751134987449,0.06798360684855398,0.06294783595247733,0.0584110350050302,0.05429888462220145,0.05055360789768515,0.04712901696056615,0.043987369770597584,0.04109727683590603,0.03843225165748976,0.035969674076917535,0.03369002857649617,0.03157633154279871,0.02961369196259367,0.02778896857332469,0.02609049818195186,0.024507877459130245,0.02303178556144131,0.021653838381837653,0.02036646762438049,0.01916281958891075,0.0180366697769897,0.01698235032054851,0.01599468789934161,0.015068950305146322,0.014200800191316476,0.013386254836144473,0.012621650969765863,0.011903613892669779,0.011229030251292238,0.010595023946023185,0.009998934737470239,0.009438299184828691,0.008910833610403568,0.008414418832253523,0.007947086443876206,0.007507006453577603,0.007092476122269181,0.006701909862141725,0.00633383007541008,0.005986858829607242,0.005659710279792368,0.00535118375801423,0.005060157461228981,0.0047855826769333115,0.004526478492793251,0.004281926943511732,0.004051068552377621,0.0038330982304529276,0.003627261500644338,0.003432851016616792,0.0032492033502694584,0.0030756960241195216,0.0029117447670459276,0.002756800974708637,0.002610349356880891,0.0024719057562252317,0.002341015124655628,0.0022172496442234083,0.0021002069810464874,0.0019895086616242147,0.0018847985622333294,0.0017857415023371029,0.00169202193410848,0.0016033427209768344,0.001519423998325043,0.001440002110297857,0.0013648286171528065,0.0012936693679315055,0.0012263036339099642,0.001162523298295911,0.0011021320982169333,0.0010449449154616708,0.0009907871124158578,0.0009394939101352202,0.0008909098056684647,0.0008448880258850322,0.0008012900154732612,0.0007599849566769755,0.000720849318675958,0.0006837664347377672,0.0006486261052033003,0.0006153242246795532,0.000583762431806847,0.0005538477802300053,0.0005254924293187739,0.0004986133533970358,0.00047313206835426953,0.0004489743744763054,0.0004260701145105666,0.0004043529459968175,0.00038376012696500657,0.00036423231421498555,0.00034571337334779635,0.0003281501998365849,0.000155746275250362
0.1065929080714847,0.18523662492637571,0.16670825231976671,0.15173329697204352,0.1390196724786792,0.12795091129087233,0.11816266993213231,0.10941335786382123,0.10153074712025845,0.09438575922595338,0.08787804655189357,0.08192738914619335,0.07646823561226945,0.07144606750503835,0.06681488175755046,0.06253539024009913,0.05857369685716418,0.05490030283532077,0.05148934375549796,0.04831799410624038,0.04536599544084663,0.04261527740918569,0.040049649698420176,0.03765454890445363,0.035416828517145005,0.03332458313675335,0.031367000167880854,0.02953423378309239,0.02781729710276848,0.026207969391978114,0.02469871573628557,0.023282617161822727,0.021953309549249567,0.020704930000960187,0.019532069559532406,0.018429731366222946,0.01739329350549762,0.016418475899697083,0.01550131072249017,0.014638115882992742,0.013825471196603822,0.013060196917177636,0.012339334350481207,0.011660128310058804,0.011020011205699315,0.010416588584726272,0.00984762597044564,0.009311036859410649,0.008804871758019639,0.008327308152966534,0.007876641322249328,0.00745127590553879,0.007049718160000745,0.006670568837236879,0.0063125166244691056,0.005974332097789067,0.005654862141837816,0.005353024794834418,0.005067804481533308,0.00479824760166217,0.004543458442992976,0.004302595392180572,0.0040748674193045314,0.0038595308134278528,0.003655886149235746,0.003463275466244725,0.003281079644423965,0.0031087159604798673,0.0029456358110854924,0.002791322590741517,0.002645289712331099,0.0025070787598807723,0.002376257763855888,0.002252419589920583,0.002135180433276117,0.002024178410705166,0.0019190722434514543,0.0018195400247908305,0.0017252780661132713,0.0016359998162046169,0.0015514348487143323,0.0014713279130408596,0.00139543804458038,0.0013235377301143436,0.001255412124698086,0.0011908583167979762,0.0011296846383114685,0.0010717100166449355,0.0010167633660129564,0.0009646830155787683,0.0009153161719088684,0.0008685184135867434,0.0008241532160293309,0.0007820915044856706,0.0007422112335071038,0.0007043969912057888,0.0006685396267407107,0.0006345358996673513,0.0006022881497082678,0.0005717039857079352,0.0002713479963331279
0.09592690538125903,0.16670825231976671,0.15003771967421686,0.1365639118746409,0.1251244632963422,0.11516479636552912,0.1063571463289743,0.0984841775919445,0.09139095332140501,0.08496135399102078,0.0791051062952619,0.07375004370764682,0.06883719544552314,0.06431751588221335,0.06014961974445754,0.0562981624445531,0.05273265000635785,0.04942654423190551,0.046356576344839806,0.043502211335121777,0.04084522349707831,0.03836935551677467,0.03606004134831431,0.033904178505128946,0.03188993913577143,0.030006611893529156,0.028244468524248112,0.026594650487463678,0.025049071964408087,0.023600336374919706,0.02224166412003875,0.02096682971993613,0.019770106862527448,0.018646220156764703,0.01759030259927058,0.016597857934624483,0.015664727231021247,0.014787059099262534,0.013961283077099484,0.013184085775815424,0.012452389443663142,0.011763332653455805,0.011114252862390622,0.010502670629223804,0.00992627530006382,0.009382912001062782,0.00887056979797965,0.008387370898168184,0.007931560787511033,0.007501499207413526,0.00709565188793615,0.006712582964024827,0.006350948008355367,0.00600948762292175,0.005687021538205619,0.00538244317299158,0.005094714613776585,0.004822861976819803,0.004565971119171314,0.004323183669492345,0.004093693350916805,0.003876742571787814,0.003671619262623188,0.0034776539389011346,0.0032942169717325304,0.003120716049768796,0.0029565938178113815,0.0028013256779541654,0.002654417740919131,0.002515404916508583,0.002383849132435098,0.0022593376720942207,0.002141481622580453,0.0020299144247861514,0.0019242905184904055,0.0018242840753547318,0.0017295878136453433,0.0016399118891550352,0.0015549828567642358,0.0014745426978635956,0.0013983479091274134,0.0013261686483481,0.0012577879336845982,0.0011930008925240196,0.001131614056683522,0.0010734447010268475,0.0010183202224672491,0.0009660775568150828,0.0009165626309183654,0.0008696298479550571,0.0008251416036030024,0.0007829678311490115,0.0007429855737769372,0.0007050785822165992,0.0006691369362145962,0.0006350566883125217,0.0006027395285282001,0.0005720924687129137,0.0005430275452864165,0.0005154615392369954,0.0002446578561959593
0.08730680063779905,0.15173329697204352,0.1365639118746409,0.12430307538601149,0.1138932231056482,0.10482977837496765,0.09681452833983806,0.08964973292711731,0.08319442477790417,0.07734295388674894,0.07201318599740669,0.06713946096526224,0.06266812451954307,0.05855455257005304,0.05476109061643486,0.05125558012525322,0.048010275767153776,0.04500103127420274,0.04220667497634034,0.03960852245058699,0.03718999033722681,0.034936286171476594,0.03283415625194064,0.030871678467983443,0.029038090414064577,0.027323645520876405,0.025719491675529116,0.02421756806832781,0.02281051694853503,0.021491607670674706,0.0202546709540532,0.01909404169021861,0.018004508947595366,0.01698127207605188,0.01601990200947545,0.015116307020589193,0.01426670231090943,0.013467582915396625,0.012715699486932186,0.012008036593871396,0.011341793216436913,0.01071436517565938,0.010123329265665282,0.009566428893816065,0.00904156105699122,0.008546764506881466,0.00808020897690076,0.007640185357495416,0.00722509672206792,0.006833450117189027,0.006463849040748815,0.006114986541595188,0.005785638880173416,0.0054746596975185635,0.0051809746460529105,0.00490357643948848,0.0046415202844851955,0.004393919660446416,0.0041599424168255045,0.003938807161391139,0.003729779914202813,0.0035321710053114186,0.0033453321964912047,0.0031686540084359255,0.0030015632371026627,0.0028435206440545965,0.0026940188075801896,0.0025525801216975882,0.002418754931817521,0.002292119796987707,0.0021722758689478386,0.0020588473794116366,0.001951480227660278,0.0018498406610237203,0.0017536140417958937,0.0016625036941396235,0.0015762298253578638,0.0014945285165033906,0.0014171507772670622,0.0013438616607980292,0.0012744394343520322,0.001208674801864075,0.001146370175127951,0.0010873389901236638,0.0010314050655150786,0.0009784020006560722,0.0009281726103492864,0.0008805683940452669,0.0008354490371598189,0.000792681942561508,0.0007521417901599544,0.0007137101228309548,0.0006772749570770169,0.000642730416768704,0.0006099763885665486,0.0005789181976453475,0.0005494663024428782,0.0005215360073166104,0.0004950471919269121,0.0004699240563342099,0.00022304744045253
0.07998865001460564,0.1390196724786792,0.1251244632963422,0.1138932231056482,0.10435733259483859,0.09605465109144173,0.08871204652217046,0.08214840957891445,0.07623462882962673,0.0708739397840139,0.0659911158329729,0.061526018839299645,0.05742950670264313,0.05366070794317257,0.05018513442499062,0.04697333168099538,0.04399988722440751,0.04124268488771332,0.03868233288713785,0.03630171746733324,0.034085649203716595,0.03202057892636778,0.03009436679892097,0.028296092574544685,0.0266158981705652,0.025044855903077645,0.02357485731874176,0.022198518719846516,0.02090910034410509,0.0197004368009856,0.018566876862009973,0.01750323107982016,0.016504725998884917,0.01556696395291085,0.014685887622909066,0.013857748672892023,0.013079079898021595,0.012346670408545035,0.011657543451239233,0.01100893653247434,0.010398283555098975,0.009823198725260412,0.009281462019244763,0.008771006031294909,0.008289904045142765,0.007836359194506065,0.007408694595879062,0.007005344349920756,0.006624845321888728,0.006265829622057226,0.005927017716192889,0.0056072121052319485,0.005305291518761274,0.005020205574084613,0.004750969858246426,0.004496661393903978,0.004256414454843385,0.004029416700349273,0.0038149056003800447,0.0036121651272302407,0.0034205226905568015,0.003239346295633369,0.0030680419067972975,0.002906050999083608,0.0027528482831030363,0.002607939589289454,0.0024708598994077555,0.0023411715135145256,0.0022184623420900412,0.0021023443141123532,0.0019924518921245124,0.0018884406864333597,0.0017899861611905613,0.0016967824255562786,0.0016085411040348344,0.001524990280080074,0.0014458735078198386,0.0013709488872948664,0.0012999881985775695,0.0012327760907895405,0.0011691093222592555,0.00110879604824414,0.0010516551531788466,0.0009975156242812318,0.0009462159637887886,0.0008976036373876152,0.0008515345563096938,0.0008078725909804532,0.0007664891140896791,0.0007272625713015662,0.0006900780777081127,0.0006548270384103879,0.0006214067917606775,0.0005897202737499274,0.0005596757022578881,0.0005311862799034558,0.0005041699143246234,0.00047854895486545285,0.00045424994458763933,0.0004312033866791555,0.00020467176221553637
0.07361751134987449,0.12795091129087233,0.11516479636552912,0.10482977837496765,0.09605465109144173,0.08841420792960286,0.08165714579842231,0.07561682991819585,0.07017446762269097,0.06524102790545339,0.06074729621767383,0.05663794050293669,0.05286774584038567,0.04939910685540738,0.046200291285691586,0.043244198182878835,0.04050744548965102,0.037969683980754065,0.03561307104446154,0.03342186000700398,0.03138207470864662,0.02948124813644082,0.027708209963171138,0.026052911971930603,0.024506283215915525,0.023060108786992273,0.02170692753491127,0.02043994514529268,0.019252959780729773,0.018140298078513806,0.01709675975449554,0.016117569409811128,0.015198334402236391,0.014335007857574356,0.013523856061062323,0.012761429600382068,0.012044537740276223,0.011370225590218802,0.010735753698702721,0.010138579765112038,0.009576342204392047,0.009046845340130338,0.008548046032920503,0.008078041579280743,0.007635058736440797,0.007217443749021418,0.006823653270266045,0.0064522460824208705,0.006101875533872078,0.0057712826203011325,0.00545928964552489,0.0051647944060296685,0.004886764848232805,0.00462423415410812,0.004376296215957892,0.004142101464349207,0.003920853017745127,0.003711803125503829,0.003514249878439471,0.0033275341645722517,0.003151036848792574,0.002984176157914277,0.0028264052545236076,0.0026772099839780725,0.002536106780807193,0.0024026407217498796,0.0022763837142875873,0.0021569328098101775,0.0020439086319541597,0.001936953911622838,0.0018357321204545418,0.0017399261955056353,0.0016492373484788755,0.0015633839532406303,0.001482100506189455,0.0014051366540446426,0.0013322562843164146,0.001263236674220975,0.0011978676937761078,0.0011359510594144452,0.001077299634656144,0.0010217367745508077,0.0009690957110934754,0.0009192189766989781,0.0008719578632254005,0.0008271719143036864,0.0007847284486504399,0.0007445021124153108,0.0007063744586057342,0.0006702335519474141,0.0006359735974360847,0.0006034945910939754,0.0005727019915812547,0.0005435064112677846,0.0005158233255849257,0.000489572799495748,0.0004646792300063863,0.0004410711037776665,0.0004186807688408116,0.00039744421956383093,0.00018865044705285725
0.06798360684855398,0.11816266993213231,0.1063571463289743,0.09681452833983806,0.08871204652217046,0.08165714579842231,0.07541782091995808,0.06984023326120337,0.06481471242426151,0.06025906416651594,0.056109388890661194,0.05231460335604288,0.04883296447380325,0.04562975428621041,0.04267567688399709,0.03994571197547914,0.037418272537493746,0.035074571446877756,0.032898135677378204,0.030874427166180385,0.028990542384879636,0.027234971047559786,0.02559739996896704,0.02406855189855006,0.022640051805880912,0.02130431496151458,0.020054452512901833,0.018884191239343817,0.01778780490504761,0.01676005517325846,0.015796140465427377,0.0148916514699306,0.014042532249529949,0.01324504609399818,0.012495745416278015,0.011791445112027982,0.011129198902504578,0.010506278255918877,0.009920153548978183,0.009368477183323815,0.00884906841241917,0.008359899671741361,0.007899084233982723,0.007464865037196011,0.007055604552307887,0.006669775575552761,0.006305952846734714,0.005962805405242647,0.0056390896077590374,0.005333642740512137,0.005045377166680867,0.004773274957265816,0.004516382958373533,0.004273808253961453,0.004044713987838761,0.00382831551170576,0.003623876830180936,0.0034307073166648244,0.003248158676217472,0.0030756221347968335,0.00291252583521677,0.0027583324227229353,0.002612536804869378,0.002474664071250819,0.0023442675603996335,0.0022209270620624916,0.0021042471445726144,0.0019938555972881106,0.0018894019793632352,0.0017905562670148117,0.0016970075916816624,0.0016084630623999854,0.001524646666237254,0.0014452982410087106,0.0013701725152566735,0.0012990382104784183,0.0012316772012278508,0.0011678837291800234,0.0011074636672213645,0.0010502338301839123,0.0009960213290310521,0.0009446629654569043,0.0008960046643190327,0.0008499009412124559,0.0008062144028682279,0.0007648152783059289,0.0007255809785953297,0.0006883956834281713,0.0006531499526929007,0.0006197403615369398,0.0005880691573056668,0.0005580439369855736,0.0005295773439055913,0.0005025867824086927,0.0004769941494041467,0.00045272558172780933,0.0004297112183158248,0.0004078849763229746,0.0003871843402659617,0.00036755016340340486,0.00017446324032424198
0.06294783595247733,0.10941335786382123,0.0984841775919445,0.08964973292711731,0.08214840957891445,0.07561682991819585,0.06984023326120337,0.06467621562847437,0.06002325828393573,0.05580527632346177,0.0519631196014696,0.04844950163511741,0.04522578178543435,0.042259822315572126,0.039524504470351496,0.03699666726524353,0.034656327754810645,0.03248609474791808,0.030470719119471634,0.028596742862584512,0.0268522209946509,0.025226498204430348,0.023710027292818125,0.0222942199893415,0.02097132317923428,0.01973431530557529,0.018576818965787056,0.01749302663298874,0.016477637113131605,0.015525800852325022,0.014633072598456809,0.01379537021793592,0.013008938694870686,0.012270318522569545,0.011576317837900585,0.010923987761494947,0.010310600499442713,0.009733629831718132,0.009190733674202423,0.008679738450228819,0.008198625045380437,0.007745516153799148,0.007318664850970824,0.006916444252228121,0.006537338133330739,0.00617993240718534,0.005842907364983246,0.005525030600231018,0.005225150545271243,0.004942190558137147,0.0046751435047680395,0.004423066788742935,0.004185077784979188,0.003960349639488908,0.0037481074016823684,0.0035476244584700806,0.0033582192432748403,0.003179252195746801,0.003010122950130617,0.0028502677331682658,0.0026991569533565338,0.0025562929657295397,0.002421207997988492,0.0022934622246076133,0.0021726419771692373,0.002058358080019203,0.0019502443017238094,0.0018479559130437986,0.0017511683433424283,0.0016595759281719247,0.0015728907410020448,0.0014908415029096997,0.001413172564530215,0.0013396429549235,0.0012700254927088574,0.0012041059548266418,0.0011416822988771502,0.0010825639354167839,0.0010265710465667127,0.000973533947803789,0.0009232924899783036,0.0008756954987467515,0.0008306002490307274,0.000787871972010178,0.0007473833925061273,0.0007090142948363853,0.0006726511151585509,0.0006381865586350087,0.000605519239746919,0.0005745533443544237,0.000545198312011743,0.0005173685372666086,0.0004909830887905448,0.0004659654451477178,0.0004422432461935657,0.0004197480591103236,0.00039841515815844733,0.000378183317339938,0.00035899461512177,0.00034079425048994666,0.00016176518484111628
0.0584110350050302,0.10153074712025845,0.09139095332140501,0.08319442477790417,0.07623462882962673,0.07017446762269097,0.06481471242426151,0.06002325828393573,0.0557059285564927,0.05179214093950546,0.04822702306216464,0.044966708142621714,0.041975349893596414,0.03922313456934445,0.03668490437251337,0.03433917299902445,0.03216740230479431,0.030153458428214486,0.028283194629638797,0.026544125729637824,0.02492517013168527,0.02341644262639314,0.022009085966386233,0.020695132475023748,0.019467389227597887,0.01831934194817142,0.01724507392927943,0.01623919712701094,0.015296793215210769,0.014413362849602207,0.013584781754143016,0.012807262517191498,0.012077321195155977,0.011391747990678325,0.010747581402867079,0.010142085351420388,0.0095727288624331,0.009037167968239085,0.008533229530811731,0.00805889674375554,0.007612296102989968,0.007191685668257286,0.006795444462361883,0.006422062877567664,0.006070133974459518,0.005738345574996889,0.0054254730646760285,0.005130372828174315,0.004851976253169243,0.004589284244673919,0.004341362198893972,0.0041073353922256445,0.0038863847449941286,0.0036777429247672605,0.0034806907581601265,0.003294553922606955,0.0031186998931568982,0.0029525351218397874,0.002795502429145655,0.002647078589885672,0.0025067720965688406,0.0023741210856104006,0.0022486914132201635,0.0021300748685673804,0.002017887513324844,0.0019117681374729648,0.0018113768225339194,0.001716393603622822,0.0016265172228178207,0.001541463967118805,0.0014609665844669724,0.0013847732720915877,0.001312646731896884,0.0012443632879289256,0.0011797120616126103,0.0011184942004523676,0.0010605221564399525,0.0010056190108114586,0.0009536178417718644,0.0009043611322836695,0.0008577002151777119,0.0008134947529775151,0.0007716122502214161,0.0007319275959703116,0.0006943226345116106,0.0006586857624812561,0.0006249115505616472,0.0005929003882105457,0.0005625581498689206,0.0005337958813462097,0.0005065295049995477,0.00048067954252808097,0.000456170854312328,0.00043293239419235456,0.0004108969787489109,0.00039000107016624267,0.00037018457182220847,0.0003513906358597269,0.0003335654819492193,0.00031665822656525445,0.00015031036108627922
0.05429888462220145,0.09438575922595338,0.08496135399102078,0.07734295388674894,0.0708739397840139,0.06524102790545339,0.06025906416651594,0.05580527632346177,0.05179214093950546,0.04815406202753614,0.044840043630362536,0.041809317820145075,0.03902857049252051,0.03647009385986821,0.03411050711491814,0.03192984152937772,0.029910868226887488,0.028038592733473644,0.026299867292490897,0.02468308830677096,0.023177956590183624,0.021775284812814766,0.020466840977402978,0.01924521980750471,0.01810373604251525,0.017036335125860502,0.016037517854490035,0.015102276343378462,0.014226039245370858,0.013404624600766746,0.012634199027009407,0.01191124221466397,0.011232515891119926,0.010595036570859834,0.0099960515323895,0.009433017558870327,0.008903582059382742,0.008405566247737889,0.007936950108891505,0.007495858925305909,0.007080551168196086,0.006689407588363588,0.006320921364345589,0.00597368918653704,0.0056464031706960904,0.005337843509509166,0.005046871783146389,0.004772424858525359,0.004513509316594028,0.0042691963540490985,0.004038617112099865,0.003820958391035592,0.003615458713050246,0.0034214047006456277,0.0032381277417272286,0.0030650009148837226,0.0029014361516714535,0.002746881615036549,0.002600819274864531,0.002462762664179066,0.0023322548003159027,0.0022088662574260287,0.0020921933780862836,0.0019818566124902848,0.001877498975092963,0.0017787846093045082,0.0016853974520281076,0.001597039990037033,0.0015134321012228308,0.0014343099744601809,0.0013594251020218572,0.0012885433392153048,0.0012214440263274215,0.0011579191682677611,0.0010977726679050545,0.0010408196090946793,0.0009868855859058688,0.0009358060749282728,0.0008874258475146737,0.000841598419261895,0.0007981855341813796,0.0007570566811351091,0.0007180886404777563,0.0006811650587559628,0.0006461760496158722,0.0006130178192664433,0.0005815923147863521,0.0005518068938386161,0.0005235740143504416,0.0004968109429488062,0.00047143948086574017,0.0004473857062177438,0.000424579731664855,0.00040295547642109526,0.0003824504517465034,0.0003630055590645321,0.0003445648999105882,0.00032707559701845683,0.00031048762581000616,0.00029475365565900975,0.00013991445018352077
0.05055360789768515,0.08787804655189357,0.0791051062952619,0.07201318599740669,0.0659911158329729,0.06074729621767383,0.056109388890661194,0.0519631196014696,0.04822702306216464,0.044840043630362536,0.04175471506458328,0.03893309114133481,0.036344163475772295,0.03396214189949176,0.0317652636819129,0.02973494196142734,0.02785514005331846,0.026111900990875125,0.02449298667922195,0.02298759628363478,0.02158614307935397,0.020280075228009176,0.01906173009096024,0.017924214522066495,0.016861305550687822,0.015867367253683373,0.01493728062211297,0.014066383959541018,0.013250421894865028,0.01248550149660485,0.011768054288300273,0.011094803202777448,0.010462733694774046,0.009869068377929668,0.009311244664999718,0.008786894980391924,0.008293829188477486,0.007830018936965333,0.00739358366408549,0.006982778057693706,0.006595980784738803,0.0062316843372453995,0.00588848586239038,0.005565078863735168,0.00526024567440618,0.0049728506172234815,0.0047018337781852965,0.00444620532789404,0.004205040334437374,0.003977474017852187,0.0037626974020639053,0.0035599533259155908,0.0033685327783407187,0.003187771527265154,0.00301704701535193,0.002855775497917233,0.002703409401443521,0.002559434883267743,0.0024233695747515743,0.0022947604925964496,0.0021731821037150045,0.002058234530957749,0.0019495418883203747,0.0018467507349022166,0.0017495286381908823,0.0016575628379197765,0.0015705590028615712,0.0014882400731071749,0.0014103451813443704,0.001336628647315232,0.0012668590398053556,0.0012008183012055945,0.001138300930072944,0.0010791132174000316,0.0010230725328653559,0.0009700066573389218,0.0009197531583937796,0.0008721588059188989,0.000827079024908195,0.0007843773829138093,0.0007439251097920135,0.00070560064748495,0.0006692892279215948,0.0006348824770376245,0.0006022780431930545,0.0005713792484496986,0.000542094761114574,0.0005143382882127085,0.00048802828654666633,0.00046308769121693877,0.00043944366040608515,0.0004170273354067635,0.000395773614968049,0.000375620943002755,0.0003565111088461338,0.00033838905926888204,0.0003212027215051651,0.00030490283665032553,0.00028944280274435276,0.00027477852695549296,0.0001304341431703957
0.04712901696056615,0.08192738914619335,0.07375004370764682,0.06713946096526224,0.061526018839299645,0.05663794050293669,0.05231460335604288,0.04844950163511741,0.044966708142621714,0.041809317820145075,0.03893309114133481,0.036302661368648015,0.033889127915952444,0.031668453632353044,0.02962035497882709,0.027727508354810193,0.025974966945984557,0.024349722252010986,0.022840367774998538,0.021436836555635497,0.020130193196166657,0.018912466823457985,0.017776515308781826,0.01671591370062664,0.015724861661327805,0.014798105991910226,0.013930875268026832,0.013118824291357079,0.012357986569736246,0.011644733415823533,0.010975738545580455,0.010347947279743835,0.009758549620860146,0.009204956614996068,0.00868477951242455,0.00819581132568556,0.007736010452722819,0.007303486084834193,0.006896485165269195,0.006513380700996496,0.006152661258431474,0.005812921499738916,0.005492853636296827,0.005191239694065403,0.0049069444984003174,0.004638909299092497,0.0043861459670478525,0.004147731701642718,0.003922804196109561,0.003710557214474705,0.00351023653893974,0.0033211362519332127,0.0031425953202630502,0.002973994453024008,0.00281475320820377,0.002664327324993117,0.0025222062616944915,0.002387910921128042,0.0022609915470450034,0.002141025777255612,0.002027616839874291,0.0019203918808456677,0.0018190004121503567,0.0017231128706907475,0.0016324192790729691,0.0015466280001269865,0.0014654645780475123,0.0013886706592118499,0.001316002986629903,0.0012472324626014823,0.0011821432743178636,0.0011205320777854418,0.0010622072358093676,0.0010069881060380224,0.0009547043755942404,0.0009051954388210603,0.0008583098151132944,0.0008139046041282308,0.0007718449756485748,0.0007320036917569227,0.0006942606591111254,0.0006585025092171043,0.0006246222049129183,0.0005925186711995354,0.0005620964488141852,0.0005332653691128772,0.0005059402487764143,0.00048004060309425785,0.0004554903765746233,0.0004322176898316158,0.00041015460163338485,0.00038923688516085634,0.0003694038176142427,0.00035059798227498554,0.0003327650822686056,0.0003158537652853599,0.0002998154585696737,0.00028460421357682977,0.00027017655965936704,0.0002564913662372855,0.00012175485648222538
0.043987369770597584,0.07646823561226945,0.06883719544552314,0.06266812451954307,0.05742950670264313,0.05286774584038567,0.04883296447380325,0.04522578178543435,0.041975349893596414,0.03902857049252051,0.036344163475772295,0.033889127915952444,0.031636496427184135,0.02956383967023135,0.027652230777753806,0.02588550477997542,0.024249714468056516,0.022732721258403088,0.021323881383088994,0.02001380098737643,0.01879414206871749,0.01765746661674361,0.016597109918689124,0.015607076457786195,0.014681953543931925,0.013816839022989247,0.01300728028678555,0.012249222441767293,0.011538963969127541,0.010873118560568273,0.010248582085822883,0.00966250385513423,0.009112261497927765,0.008595438906335046,0.00810980679036899,0.007653305470024491,0.007224029594243814,0.006820214525240065,0.006440224169683012,0.006082540072488166,0.005745751615322051,0.005428547186037108,0.005129706203880854,0.004848091902269855,0.004582644782855236,0.004332376666964621,0.004096365280425715,0.003873749314886765,0.0036637239165133173,0.0034655365586940545,0.0032784832603989233,0.003101905116811382,0.0029351851118446445,0.0027777451860943395,0.002629043536848376,0.0024885721286987406,0.00235585439599513,0.0022304431202516545,0.00211191846712009,0.001999886169593512,0.0018939758447536065,0.0017938394330170374,0.0016991497499898728,0.0016095991415992564,0.0015248982343067513,0.0014447747727909487,0.0013689725384589853,0.001297250342307179,0.0012293810864909098,0.0011651508895419056,0.0011043582703221012,0.0010468133864010402,0.0009923373228801595,0.000940761427932181,0.0008919266918141384,0.000845683166113987,0.000801889420404777,0.0007604120337807926,0.0007211251187311061,0.0006839098751664982,0.0006486541725368774,0.0006152521580764375,0.0005836038895099278,0.0005536149904800253,0.0005251963271989766,0.000498263704987038,0.0004727375833112248,0.0004485428081621324,0.00042560836060073423,0.0004038671204962159,0.00038325564441337844,0.0003637139567626022,0.00034518535340734725,0.00032761621689640814,0.00031095584261680263,0.0002951562751738459,0.00028017215435540994,0.0002659605701190318,0.00025248092600687645,0.00023969481047912168,0.00011378293785535174
0.04109727683590603,0.07144606750503835,0.06431751588221335,0.05855455257005304,0.05366070794317257,0.04939910685540738,0.04562975428621041,0.042259822315572126,0.03922313456934445,0.03647009385986821,0.03396214189949176,0.031668453632353044,0.02956383967023135,0.02762734941011713,0.02584130374653215,0.024190603332780225,0.02266222032715154,0.021244816238187747,0.019928448810195176,0.01870434327198306,0.017564711074418704,0.01650260430980799,0.015511797373347347,0.014586689727579705,0.013722225229681806,0.012913824608874303,0.012157328499212444,0.011448949026970884,0.010785228395389007,0.010163003237715879,0.009579373763523441,0.009031676916674142,0.00851746291094807,0.008034474628349803,0.007580629456787308,0.007154003217114235,0.006752815889925823,0.006375418897851287,0.00602028373926107,0.0056859918012825555,0.0053712252046550085,0.005074758555460732,0.004795451496175274,0.004532241964306169,0.004284140078037776,0.004050222579844762,0.0038296277783009675,0.0036215509349516034,0.003425240050370218,0.0032399920088933,0.0030651490462070344,0.002900095508610444,0.002744254875569882,0.0025970870208618935,0.002458085690468459,0.0023267761771845474,0.002202713174415928,0.0020854787933926727,0.0019746807294267615,0.001869950564758402,0.0017709421961403515,0.0016773303768449419,0.0015888093638552273,0.0015050916615251021,0.0014259068540533326,0.0013510005196614681,0.0012801332202732538,0.0012130795606432876,0.001149627311666894,0.0010895765931435222,0.0010327391114065658,0.0009789374477911714,0.0009280043942255095,0.0008797823324599614,0.0008341226539065952,0.0007908852170623124,0.0007499378398761417,0.0007111558247016071,0.0006744215134574221,0.000639623870956332,0.0006066580944753437,0.0005754252477338882,0.0005458319177232551,0.000517789892761869,0.0004912158603782215,0.0004660311237722325,0.0004421613355598507,0.000419536247715192,0.00039808947661914944,0.000377758282300052,0.0003584833608934086,0.0003402086494922133,0.0003228811426358516,0.0003064507196595791,0.0002908699822468984,0.000276094101536996,0.0002620806741865829,0.00024878958686178933,0.0002361828886042498,0.00022422467059545533,0.00010644047644716749
0.03843225165748976,0.06681488175755046,0.06014961974445754,0.05476109061643486,0.05018513442499062,0.046200291285691586,0.04267567688399709,0.039524504470351496,0.03668490437251337,0.03411050711491814,0.0317652636819129,0.02962035497882709,0.027652230777753806,0.02584130374653215,0.02417104511523166,0.022627337959078342,0.021198002025098805,0.019872436451130904,0.01864134573010867,0.017496525848559097,0.0164306948230869,0.015437356596263774,0.01451069040144265,0.013645459856978737,0.012836937545176341,0.012080841885371674,0.011373283875288881,0.010710721830115205,0.010089922663416045,0.00950792856083299,0.008962028134998995,0.008449731330935406,0.007968747489207978,0.007516966085383103,0.007092439750036206,0.006693369242086855,0.0063180901047082405,0.005965060775453168,0.005632851959802884,0.005320137107238707,0.0050256838519675134,0.004748346301474637,0.004487058072351405,0.004240825987637975,0.004008724360348062,0.003789889798631832,0.0035835164766968436,0.0033888518218153363,0.003205192574525617,0.003031881184159424,0.0028683025062018128,0.0027138807723393193,0.0025680768066581525,0.0024303854648995288,0.002300333276357612,0.002177476269685112,0.0020613979662255297,0.0019517075261247935,0.0018480380337867128,0.0017500449110277663,0.0016574044468522994,0.0015698124342046448,0.0014869829050610447,0.0014086469557138374,0.0013345516550912553,0.0012644590294656512,0.0011981451177519586,0.0011353990917377724,0.0010760224363201357,0.0010198281853294397,0.0009666402086514272,0.0009162925468816467,0.0008686287900392074,0.0008235014970813907,0.0007807716533886171,0.0007403081633899286,0.0007019873758613831,0.0006656926396918436,0.0006313138878940097,0.0005987472479532744,0.0005678946767130495,0.0005386636180823891,0.0005109666821104808,0.0004847213439083918,0.00045984966111070613,0.00043627800870925555,0.00041393683004782925,0.0003927604029628669,0.00037268662004995724,0.0003536567822012525,0.0003356154045040154,0.00031851003372566477,0.0003022910766822696,0.0002869116387630051,0.0002723273719956402,0.0002584963320473527,0.0002453788435991689,0.00023293737360387083,0.00022113641190750575,0.00020994235878953396,9.966170951210859e-5
0.035969674076917535,0.06253539024009913,0.0562981624445531,0.05125558012525322,0.04697333168099538,0.043244198182878835,0.03994571197547914,0.03699666726524353,0.03433917299902445,0.03192984152937772,0.02973494196142734,0.027727508354810193,0.02588550477997542,0.024190603332780225,0.022627337959078342,0.021182499329353455,0.01984469022552765,0.01860399123863704,0.017451704358288744,0.016380152866450615,0.015382522773876028,0.014452735470450895,0.013585344206411942,0.012775449034028385,0.012018626238045338,0.011310869269497481,0.010648538913042849,0.010028320937570473,0.009447189867838657,0.008902377801992739,0.008391347422027295,0.007911768513460454,0.007461497439622156,0.007038559120067622,0.006641131142824747,0.006267529704300223,0.005916197123508396,0.005585690716957012,0.005274672855668586,0.004981902053790982,0.004706224959796168,0.004446569140958964,0.004201936567030218,0.003971397712865782,0.003754086209522167,0.00354919398342958,0.0033559668313580815,0.003173700384700162,0.003001736422938543,0.0028394595008668713,0.002686293858226066,0.0025417005844864463,0.0024051750139461175,0.0022762443295377063,0.002154465356243418,0.0020394225265886953,0.0019307260028875312,0.0018280099424412902,0.0017309308931198336,0.001639166308430133,0.0015524131717059055,0.0014703867203954661,0.0013928192623666145,0.0013194590766050299,0.0012500693916100737,0.001184427435268403,0.001122323550780572,0.0010635603733455921,0.001007952062995688,0.0009553235894459167,0.0009055100649455333,0.0008583561216076695,0.0008137153299675563,0.0007714496557204749,0.0007314289519909957,0.0006935304844856664,0.0006576384872200493,0.0006236437467567937,0.0005914432128751156,0.0005609396338870868,0.0005320412149152458,0.0005046612975273482,0.0004787180593666656,0.00045413423235567997,0.0004308368382499317,0.00040875694044929627,0.00038782941093334564,0.0003679927113711366,0.00034918868745062275,0.00033136237562792284,0.0003144618214449635,0.0002984379086906925,0.00028324419874795406,0.0002688367794452919,0.0002551741228381862,0.00024221695135296078,0.00022992811176771044,0.00021827245657157508,0.00020721673221582148,0.0001967294738403902,9.339045305199766e-5
0.03369002857649617,0.05857369685716418,0.05273265000635785,0.048010275767153776,0.04399988722440751,0.04050744548965102,0.037418272537493746,0.034656327754810645,0.03216740230479431,0.029910868226887488,0.02785514005331846,0.025974966945984557,0.024249714468056516,0.02266222032715154,0.021198002025098805,0.01984469022552765,0.018591612423935255,0.017429479911953316,0.016350147678746596,0.015346427035187071,0.014411937138044839,0.013540985742471645,0.012728472269349755,0.011969808158705436,0.011260850790135501,0.010597848174753982,0.009977392293208293,0.009396379440854918,0.008851976304515813,0.00834159076406013,0.007862846620140362,0.007413561607850699,0.006991728176992396,0.006595496617121083,0.006223160180644269,0.005873141917273464,0.005543982982617379,0.005234332220843005,0.004942936854244781,0.004668634138754971,0.004410343864603122,0.004167061599772384,0.003937852588154739,0.0037218462272729375,0.0035182310595660293,0.003326250220692162,0.0031451972958925975,0.0029744125408977876,0.0028132794297983862,0.002661221496704669,0.002517699441850728,0.0023822084766100676,0.0022542758841730057,0.0021334587756532825,0.002019342023739684,0.001911536357478684,0.0018096766038366088,0.0017134200631214944,0.0016224450064934864,0.0015364492853623853,0.001455149042965946,0.00137827751967972,0.0013055839444923723,0.0012368325055075596,0.0011718013932026337,0.0011102819106203997,0.0010520776454142587,0.0009970036987887038,0.0009448859670205777,0.0008955604716888999,0.0008488727348556074,0.0008046771958976837,0.0007628366669480292,0.0007232218240898914,0.0006857107318251274,0.0006501883983367571,0.0006165463593836643,0.0005846822888953534,0.0005544996343193661,0.0005259072750503392,0.0004988192023623016,0.00047315421934206355,0.0004488356595488234,0.0004257911230680089,0.0004039522288140727,0.00038325438205891703,0.00036363655612468154,0.00034504108735150356,0.0003274134824462413,0.0003107022374631606,0.00029485866761923274,0.00027983674726523525,0.00026559295939665613,0.0002520861540667961,0.00023927741516321238,0.0002271299350167042,0.0002156088963505597,0.00020468136114057314,0.0001943161659301311,0.00018448382321047075,8.757821425891101e-5
0.03157633154279871,0.05490030283532077,0.04942654423190551,0.04500103127420274,0.04124268488771332,0.037969683980754065,0.035074571446877756,0.03248609474791808,0.030153458428214486,0.028038592733473644,0.026111900990875125,0.024349722252010986,0.022732721258403088,0.021244816238187747,0.019872436451130904,0.01860399123863704,0.017429479911953316,0.016340198430196462,0.015328514422615236,0.014387691613570397,0.013511750697866032,0.012695357603724922,0.011933732665318691,0.011222575992720002,0.010558005554421573,0.009936505352970554,0.00935488170211704,0.00881022606977716,0.008299883291567473,0.007821424211556183,0.00737262200186245,0.0069514315611950706,0.006555971505722041,0.006184508357016741,0.005835442602185936,0.00550729635754478,0.005198702413566264,0.0049083944736351415,0.004635198429976256,0.004378024544671011,0.004135860422579005,0.0039077646802611055,0.00369286122835516,0.003490334097006803,0.0032994227425098277,0.003119417782172215,0.002949657111537038,0.0027895223631803634,0.002638435671877007,0.002495856715047741,0.002361280000993317,0.0022342323809910816,0.0021142707634688035,0.002000980011298524,0.0018939710054531461,0.0017928788596457135,0.0016973612725041734,0.00160709700517625,0.001521784473334356,0.0014411404440226074,0.0013648988282505305,0.0012928095614168598,0.001224637564474152,0.0011601617791448492,0.0010991742713143092,0.0010414793971436666,0.0009868930271430924,0.0009352418235597272,0.0008863625670373042,0.0008401015289194146,0.0007963138856753281,0.0007548631723567414,0.0007156207722343877,0.000678465439939083,0.0006432828557839127,0.000609965208943828,0.0005784108074668587,0.0005485237133064976,0.0005202134005504282,0.0004933944352797804,0.00046798617557993263,0.0004439124902952101,0.00042110149533290155,0.0003994853062684583,0.0003789998061785732,0.0003595844277433872,0.00034118194862316036,0.0003237382992761313,0.00030720238237967774,0.00029152590315301586,0.0002766632098341387,0.0002625711436749431,0.0002492088978772976,0.00023653788487249146,0.0002245216114391546,0.00021312556116217466,0.0002023170837713098,0.00019206529095699455,0.00018234095823629112,0.00017311643250357165,8.218277246978701e-5
