0.06134155474834846,0.09913854465084548,0.08466249841403806,0.07352009751256317,0.06445982151509289,0.05688378266266425,0.05043824727290769,0.04488895422470973,0.04006946137277001,0.0358557028148927,0.03215194060493076,0.02888234626834174,0.025985634098454446,0.02341146998661281,0.021117972705237853,0.019069918638672412,0.017237416901891456,0.015594909180840444,0.014120399930169725,0.012794853881530677,0.011601717594318467,0.010526534649740849,0.009556632676483878,0.008680866268596849,0.007889403951169688,0.007173550256528632,0.006525596078453072,0.005938692013931754,0.005406740551181871,0.004924303826331453,0.004486524332687633,0.004089056475088823,0.0037280072572578177,0.0033998847024058754,0.0031015528538321582,0.002830192399591168,0.002583266124834928,0.002358488523319102,0.002153799005520214,0.0019673382272131015,0.0017974271332808003,0.001642548371110851,0.0015013297772984227,0.0013725296831121996,0.0012550238186542842,0.001147793625574732,0.0010499158133476655,0.0009605530152398019,0.0008789454186245507,0.0008044032599487105,0.0007363000881640495,0.0006740667122249848,0.0006171857581774784,0.0005651867703004559,0.000517641798404982,0.0004741614199495099,0.00043439115154531895,0.00039800820952359296,0.0003647185836594515,0.00033425439220335657,0.00030637148969945606,0.00028084730223275085,0.0002574788674526568,0.000236081059066349,0.00021648497766027768,0.00019853649157466815,0.0001820949132746337,0.00016703179808579905,0.00015322985354306517,0.00014058194879174426,0.0001289902145053313,0.00011836522475390607,0.00010862525310546345,9.969559598924657e-5,9.150795705309476e-5,8.399988682705772e-5,7.711427257459905e-5,7.07988737108521e-5,6.500589858775903e-5,5.969161886332512e-5,5.481601802618196e-5,5.034247096398839e-5,4.623745177150115e-5,4.2470267237416297e-5,3.901281369965339e-5,3.5839355175680716e-5,3.292632085651547e-5,3.025212023984958e-5,2.7796974328110342e-5,2.5542761469879698e-5,2.3472876542730402e-5,2.1572102300582857e-5,1.982649181528237e-5,1.822326103424537e-5,1.6750690568618674e-5,1.5398035903039023e-5,1.4155445291563838e-5,1.3013884671425884e-5,1.1965068982226057e-5,1.100139933526883e-5,5.057952763781948e-6
0.09913854465084548,0.16024571826527323,0.13685969114992336,0.11885762699880731,0.10421839694102353,0.09197645216467798,0.08156053515799089,0.07259232630864454,0.06480302688513717,0.05799227108231264,0.0520054393740752,0.04672006358791492,0.04203716035013072,0.03787543184793318,0.0341672307833919,0.03085566130838313,0.027892439570577743,0.025236278634796494,0.022851645392574726,0.020707787647548603,0.01877796150492278,0.017038809975291114,0.015469857570675427,0.014053095153709005,0.012772635913645414,0.011614428037455105,0.010566013043120381,0.00961632123230935,0.00875549757533886,0.007974752735986051,0.0072662350119123975,0.006622919787692083,0.006038513735925163,0.005507371506257297,0.005024423040137477,0.004585109967773851,0.004185329801347129,0.003821386845024477,0.0034899489134087164,0.0031880090895662905,0.0029128518682916965,0.0026620231264727484,0.002433303442127964,0.002224684351078518,0.002034347185879859,0.0018606441899653575,0.0017020816405578787,0.001557304748011603,0.0014250841291553948,0.0013043036774846375,0.0011939496748560215,0.0010931010083756534,0.0010009203721950792,0.0009166463483599348,0.000839586273200188,0.0007691098063315905,0.0007046431288920529,0.0006456637058683701,0.0005916955545121148,0.0005423049673934695,0.0004970966440172205,0.00045571019003297526,0.00041781694744174973,0.0003831171229892608,0.00035133718543357145,0.00032222750538904877,0.0002955602142254545,0.0002711272608009359,0.0002487386470385296,0.00022822082527916218,0.00020941524199966088,0.0001921770140512623,0.00017637372494441576,0.00016188432991228515,0.00014859815962113597,0.00013641401333316103,0.0001252393332469492,0.00011498945254578624,0.00010558691036311645,9.696082754911809e-5,8.904633769440864e-5,8.178406837963822e-5,7.511966811657553e-5,6.900337483929067e-5,6.338962220917704e-5,5.823668034820673e-5,5.350632790899015e-5,4.916355269228589e-5,4.51762782656466e-5,4.151511428366239e-5,3.81531284036334e-5,3.506563789271633e-5,3.2230019194972605e-5,2.9625533875699103e-5,2.723316951020664e-5,2.503549420812426e-5,2.3016523583168952e-5,2.1161599086814075e-5,1.9457276714784672e-5,1.7891225187663515e-5,8.226066393745901e-6
0.08466249841403806,0.13685969114992336,0.1168944810325252,0.1015247405088413,0.08902541604218595,0.07857240419217981,0.06967813145648805,0.06201969690714737,0.05536767515980845,0.04955104770669372,0.044437839932351175,0.039923517964157496,0.03592359189389782,0.03236866624465917,0.02920099616038574,0.026372013139229322,0.023840499079876565,0.021571207868794517,0.019533804447738667,0.017702034466335947,0.0160530648857643,0.014566953636804603,0.013226218271345569,0.012015481640057807,0.010921178272784354,0.009931309144887546,0.009035235413601211,0.008223503833613671,0.007487698144889865,0.0068203119160028525,0.006214639237900624,0.005664680363900332,0.005165059936608457,0.0047109558728843925,0.004298037317637379,0.003922410349166683,0.0035805703385972387,0.003269360042175179,0.0029859326511989803,0.0027277191434215142,0.002492399377481948,0.002277876454030249,0.0020822539352294625,0.0019038155718325636,0.00174100723453164,0.0015924207875214064,0.0014567796768700791,0.0013329260353965727,0.0012198091312780532,0.0011164750091830558,0.0010220571913353294,0.0009357683221610166,0.0008568926538455382,0.000784779282443377,0.0007188360547188324,0.0006585240749256809,0.0006033527488883937,0.0005528753097729378,0.0005066847760321277,0.00046441029760135,0.00042571385100801523,0.00039028724841822307,0.0003578494293744383,0.0003281440072109912,0.00030093704511999133,0.0002760150394129496,0.0002531830898941786,0.0002322632392249939,0.00021309296506244382,0.00019552381039820294,0.0001794201389365476,0.00016465800368810866,0.0001511241181261242,0.0001387149202819256,0.00012733572112629942,0.00011689992938355293,0.00010732834571043973,9.854851985949134e-5,9.04941650261156e-5,8.310462415498363e-5,7.632438346970782e-5,7.010262892765936e-5,6.43928417261581e-5,5.915242932179603e-5,5.4342388770731295e-5,4.9926999497289454e-5,4.587354284939769e-5,4.215204605746215e-5,3.8735048420838114e-5,3.5597387756894144e-5,3.271600531278961e-5,3.0069767512865952e-5,2.763930306181879e-5,2.540685405103514e-5,2.335613984347977e-5,2.1472232618364377e-5,1.97414435583883e-5,1.815121875505698e-5,1.6690043984876266e-5,1.5347357588165703e-5,7.056735375549295e-6
0.07352009751256317,0.11885762699880731,0.1015247405088413,0.08818069046888821,0.07732820190762335,0.06825198879552086,0.06052885789264595,0.053878543492967834,0.048101911526091334,0.043050521649768525,0.03860982121208789,0.0346890743973588,0.031214942294758297,0.028127187044715618,0.025375682864696603,0.022918268577515943,0.020719162830783178,0.018747767748745037,0.016977748131814574,0.015386310784495816,0.013953632213620948,0.012662398333729619,0.011497430089151106,0.010445375927081474,0.009494456954404984,0.008634254088499743,0.007855529029942937,0.007150072729499135,0.006510576396356493,0.005930521127604477,0.005404083030173812,0.004926051314737237,0.004491757313983977,0.004097012751237611,0.0037380558801789338,0.0034115043524289984,0.0031143138605427834,0.0028437417568901724,0.0025973149756212746,0.0023728016882393413,0.0021681862081149375,0.001981646730528995,0.0018115355538670525,0.0016563614774984803,0.0015147741130981905,0.0013855498819629747,0.0012675795009470733,0.001159856784901235,0.0010614686156521363,0.000971585946279916,0.0008894557256032241,0.0008143936418815619,0.0007457775966124743,0.0006830418299905612,0.0006256716287391315,0.0005731985548619502,0.0005251961409406137,0.0004812760037006033,0.00044108433286075416,0.0004042987171340266,0.00037062527322864573,0.0003397960474838405,0.00031156666301205074,0.00028571418802592237,0.00026203520362002176,0.00024034405151061172,0.0002204712442948377,0.0002022620224944845,0.00018557504430317473,0.00017028119538119212,0.00015626250726901185,0.00014341117415203998,0.0001316286587248988,0.00012082487879781171,0.0001109174671298169,0.00010183109766817751,9.349687205531748e-5,8.585176086150278e-5,7.883809450482293e-5,7.24030993204507e-5,6.64984746652623e-5,6.108000732415043e-5,5.610721985290813e-5,5.154304978391075e-5,4.735355692138876e-5,4.350765621323233e-5,3.997687390436906e-5,3.673512490094341e-5,3.375850945477974e-5,3.1025127460761735e-5,2.8514908803162166e-5,2.620945833705973e-5,2.4091914218899216e-5,2.2146818410764954e-5,2.035999829412495e-5,1.871845842076644e-5,1.721028151687018e-5,1.5824537936725278e-5,1.4551202829732736e-5,1.338108035293863e-5,6.152867160593391e-6
0.06445982151509289,0.10421839694102353,0.08902541604218595,0.07732820190762335,0.06781461063664951,0.05985779930217494,0.053086900825578986,0.04725630215537491,0.04219148928674277,0.0377623730589397,0.033868561295333555,0.030430533327293063,0.027384013994069423,0.024676209063561383,0.022263185921945483,0.020107991700402783,0.018179264504290027,0.016450185034830533,0.014897669678400838,0.013501738971107458,0.01224501608166087,0.011112323446700462,0.010090354695077824,0.009167405153591823,0.00833314851931749,0.0075784503310686036,0.006895211078820684,0.006276233406247264,0.005715109066081608,0.005206122193259138,0.004744166154146273,0.004324671763193483,0.003943545072755558,0.0035971132691662994,0.003282077466473035,0.0029954713960327894,0.0027346251573594424,0.0024971333296155834,0.002280826854183078,0.0020837481892885604,0.0019041293119738331,0.0017403722051401796,0.0015910315191237784,0.0014547991409958189,0.0013304904409027832,0.0012170319961279548,0.0011134506199074329,0.0010188635441668592,0.0009324696247574871,0.0008535414541748498,0.0007814182808961144,0.0007154996468291593,0.0006552396647647417,0.0006001418670913607,0.0005497545650448594,0.0005036666646320003,0.0004615038915702467,0.0004229253829293438,0.0003876206077976802,0.0003553065835495209,0.0003257253577782079,0.000298641729277605,0.0002738411842917836,0.0002511280267122138,0.0002303236831733748,0.00021126516595499582,0.00019380367840303664,0.00017780334907471817,0.00016314008226247416,0.00014970051380104946,0.00013738106213725997,0.00012608706566006678,0.00011573199817903205,0.00010623675522307289,9.752900456975544e-5,8.954259502419112e-5,8.221701806454778e-5,7.549691749443675e-5,6.933164268366318e-5,6.36748414176041e-5,5.8484088747294376e-5,5.37205485656566e-5,4.934866495851344e-5,4.5335880634392095e-5,4.1652380000739195e-5,3.8270854682254194e-5,3.516628946828408e-5,3.2315766872834865e-5,2.9698288648797558e-5,2.729461275863146e-5,2.508710442947139e-5,2.305960005228897e-5,2.1197282796926536e-5,1.9486568911728527e-5,1.7915003774036497e-5,1.6471166838461827e-5,1.514458470723638e-5,1.3925651617609995e-5,1.2805556700148663e-5,1.1776217421964185e-5,5.415109340705559e-6
0.05688378266266425,0.09197645216467798,0.07857240419217981,0.06825198879552086,0.05985779930217494,0.05283691562412307,0.04686220617992154,0.041717021578478786,0.03724742609548226,0.033338669249097896,0.029902194913237534,0.02686785674230263,0.0241789557442027,0.021788919741659307,0.019658993026451355,0.017756576472124197,0.016054002586717853,0.014527610806362279,0.013157035772526027,0.011924650296162437,0.010815123001790689,0.009815062544524328,0.008912728233605338,0.008097792325896691,0.007361143039097212,0.006694720022369621,0.006091375968103635,0.0055447594741826894,0.0050492153285826985,0.0045996991865699804,0.004191704222317946,0.003821197806900642,0.0034845666301305672,0.0031785689724271593,0.0029002930607391064,0.0026471206249359946,0.002416694918545348,0.0022068925858979432,0.0020157988556831277,0.0018416856207715201,0.0016829920297059889,0.001538307270331253,0.001406355271656539,0.0012859810886203561,0.0011761387662842133,0.001075880507646964,0.0009843469925137419,0.0009007587143737665,0.0008244082193632866,0.0007546531458588746,0.0006909099757286367,0.0006326484191683177,0.0005793863642203287,0.000530685330336865,0.0004861463724156745,0.00044540638779373004,0.00040813478415580376,0.00037403047102783915,0.00034281914161549305,0.0003142508155001521,0.0002880976157817877,0.00026415175718453535,0.00024222372414400492,0.00022214062006461078,0.00020374467093922134,0.00018689186825003763,0.00017145073766106815,0.0001573012213297027,0.0001443336629437849,0.0001324478856928558,0.00012155235433080171,0.00011156341338543728,0.00010240459435619919,9.400598543263142e-5,8.630365791788362e-5,7.923914407851913e-5,7.275896166960226e-5,6.681418084574973e-5,6.1360029558113e-5,5.635553392448656e-5,5.1763190387825756e-5,4.754866677263636e-5,4.3680529633927795e-5,4.012999551876472e-5,3.687070399311125e-5,3.3878510487975774e-5,3.113129718761219e-5,2.8608800356088107e-5,2.6292452638003276e-5,2.4165239010960908e-5,2.221156517833437e-5,2.0417137307109318e-5,1.8768852114617372e-5,1.7254696393500287e-5,1.5863655150368384e-5,1.4585627604800876e-5,1.3411350363658724e-5,1.2332327148071996e-5,1.1340764502439907e-5,1.042951296792495e-5,4.796006624636562e-6
0.05043824727290769,0.08156053515799089,0.06967813145648805,0.06052885789264595,0.053086900825578986,0.04686220617992154,0.04156483628541896,0.03700277336741553,0.03303958223905967,0.029573557120638916,0.0265262079086378,0.02383536079836457,0.02145076016681302,0.019331125649065806,0.017442104537000624,0.01575480066885393,0.014244688797066196,0.012890795051921422,0.011675066166142195,0.010581875793087281,0.009597632461290001,0.008710464254882255,0.007909962347029065,0.007186970325915809,0.006533409608547147,0.005942133619855003,0.005406805139315254,0.004921792480775136,0.004482081112807623,0.0040831980345255176,0.00372114676378002,0.0033923512113250426,0.0030936070384569095,0.0028220393515131156,0.0025750657885300066,0.0023503642149995535,0.0021458443763503754,0.0019596229595156486,0.0017900016027468102,0.0016354474636025296,0.001494576013125231,0.0013661357730236946,0.0012489947531106153,0.0011421283804311753,0.001044608739749861,0.000955594969580871,0.0008743246785449452,0.0008001062641342822,0.0007323120311418102,0.0006703720198331844,0.0006137684650027019,0.0005620308167135785,0.0005147312616507332,0.00047148069133754605,0.0004319250697317322,0.00039574215808317777,0.0003626385597859886,0.00033234705213425024,0.0003046241755161154,0.00027924805390643244,0.00025601642324518323,0.0002347448468830015,0.00021526509949369808,0.00019742370277637438,0.00018108059804611103,0.00016610794234257677,0.00015238901609670183,0.000139817231562955,0.00012829523235850576,0.00011773407542767537,0.00010805248759091293,9.917618963385579e-5,9.103728158856776e-5,8.357368347201529e-5,7.672862632452575e-5,7.045018886707032e-5,6.46908755640471e-5,5.940723228765464e-5,5.455949612499767e-5,5.011127621247697e-5,4.6029262772886406e-5,4.228296179147083e-5,3.8844453020161216e-5,3.56881691989607e-5,3.2790694589801246e-5,3.0130581096718552e-5,2.7688180395799965e-5,2.5445490652307328e-5,2.3386016526041463e-5,2.149464129181126e-5,1.975751000023694e-5,1.8161922707222902e-5,1.6696236888283096e-5,1.53497782297305e-5,1.4112759065157724e-5,1.2976203788763417e-5,1.1931880637684376e-5,1.0972239290844426e-5,1.0090353777930325e-5,9.279870239246554e-6,4.2674795591672436e-6
0.04488895422470973,0.07259232630864454,0.06201969690714737,0.053878543492967834,0.04725630215537491,0.041717021578478786,0.03700277336741553,0.032942737926303534,0.02941554127583479,0.02633070418812966,0.023618399690658043,0.021223315483218486,0.019100741459036008,0.017213951750636225,0.01553238324123124,0.014030326911307067,0.012685962097510606,0.011480627462770787,0.010398259881910121,0.009424955280572966,0.008548619885596243,0.00775868972723559,0.007045902494157347,0.006402110123127608,0.005820123490491463,0.00529358269169615,0.004816847929354329,0.004384907154301426,0.003993297441722526,0.0036380377138842956,0.0033155709031359865,0.003022714019476999,0.0027566148751347053,0.00251471444620531,0.0022947140310210223,0.0020945465086894544,0.001912351117499371,0.0017464512660520931,0.001595334967184732,0.0014576375477034047,0.0013321263386095253,0.001217687093915957,0.001113311922113159,0.001018088544755713,0.0009311907217509421,0.0008518697047407327,0.0007794465982899883,0.0007133055239819473,0.0006528874960192634,0.00059768492833525,0.0005472367030601687,0.0005011237387802271,0.0004589650042561861,0.00042041392978346345,0.0003851551739474683,0.000352901708302507,0.0003233921868168463,0.00029638857064237176,0.000271673981992163,0.000249050763867934,0.00022833872480505692,0.00020937355011080034,0.00019200536304520704,0.0001760974211044192,0.00016152493414677742,0.00014817399246348957,0.0001359405941509682,0.00012472976218039916,0.00011445474256896676,0.00010503627592655003,9.640193539977118e-5,8.848552474387652e-5,8.122653087271601e-5,7.456962578247296e-5,6.84642132588978e-5,6.28640162013965e-5,5.7726700813660924e-5,5.301353427489535e-5,4.8689072812701704e-5,4.4720877404333154e-5,4.107925459188714e-5,3.7737020129111954e-5,3.4669283402687036e-5,3.185325074856989e-5,2.926804596768348e-5,2.6894546504135745e-5,2.4715233882284385e-5,2.2714057136025308e-5,2.087630807373343e-5,1.9188507334286242e-5,1.7638300277138925e-5,1.6214361841221663e-5,1.4906309585625388e-5,1.3704624192549335e-5,1.2600576781014044e-5,1.1586162436041513e-5,1.065403941196677e-5,9.79747351782532e-6,9.010287233798863e-6,8.286813149684937e-6,3.8109256764883617e-6
0.04006946137277001,0.06480302688513717,0.05536767515980845,0.048101911526091334,0.04219148928674277,0.03724742609548226,0.03303958223905967,0.02941554127583479,0.026267004664027982,0.023513239628232985,0.021091940267872256,0.01895375131197724,0.017058777236191036,0.015374246422268145,0.01387288596236158,0.012531754037261589,0.011331378254399643,0.010255105187777613,0.009288599737121567,0.008419453296899054,0.007636872592361399,0.0069314294111009755,0.006294857044503874,0.0057198830731828715,0.005200090793945261,0.004729803476636707,0.0043039870080940484,0.003918167483265428,0.003568361050897792,0.003251013882803369,0.0029629505658798974,0.0027013295467389203,0.002463604515881672,0.0022474908214340436,0.00205093616269951,0.0018720949420701766,0.0017093057575518697,0.001561071601278042,0.0014260423982714182,0.0013029995758756518,0.0011908424003739815,0.0010885758560442126,0.000995299873985108,0.0009101997451807751,0.0008325375746728383,0.000761644653168329,0.0006969146387582458,0.0006377974551491066,0.0005837938248534642,0.000534450365960934,0.0004893551898913252,0.0004481339451975607,0.00041044625893617466,0.00037598253293593363,0.0003444610572665317,0.0003156254074692085,0.0002892420959604916,0.0002650984513358741,0.00024300070217742227,0.00022277224460946939,0.00020425207501075914,0.00018729337135090385,0.00017176220838021694,0.00015753639342813057,0.00014450441097579392,0.00013256446538334465,0.0001216236122725538,0.00011159696999217495,0.0001024070034936729,9.398287372090882e-5,8.625984628482498e-5,7.917875382667519e-5,7.268550702639945e-5,6.673064969953254e-5,6.126895388485756e-5,5.625905120304952e-5,5.166309713819459e-5,4.744646521926007e-5,4.357746835261889e-5,4.0027104829550735e-5,3.6768826763707474e-5,3.37783289207069e-5,3.103335610304329e-5,2.8513527412138895e-5,2.620017587334799e-5,2.4076202051594197e-5,2.2125940404150882e-5,2.0335037239450904e-5,1.8690339249055252e-5,1.7179791679918757e-5,1.579234529222579e-5,1.4517871330052188e-5,1.3347083801923333e-5,1.2271468428607242e-5,1.128321767623734e-5,1.037517134303356e-5,9.540762216078198e-6,8.773966358615449e-6,8.069257624979137e-6,7.421566037754939e-6,3.4131198472435958e-6
0.0358557028148927,0.05799227108231264,0.04955104770669372,0.043050521649768525,0.0377623730589397,0.033338669249097896,0.029573557120638916,0.02633070418812966,0.023513239628232985,0.021048948978051485,0.018882099756688586,0.01696854320421326,0.0152725918557573,0.013764930255340313,0.012421161310402634,0.011220761924266354,0.01014631229353627,0.00918291411356753,0.008317742788004207,0.007539696961565701,0.006839120203841781,0.006207577159640709,0.005637671477749864,0.005122896246499364,0.004657510046848723,0.004236433424912436,0.0038551618102286578,0.003509691803035328,0.0031964584222608644,0.002912281408256237,0.0026543190590397753,0.0024200283745936246,0.0022071305136870945,0.0020135807493335614,0.0018375422523120577,0.0016773631469191655,0.0015315563758807674,0.0013987819856926646,0.0012778315052692085,0.001167614141010985,0.0010671445526284871,0.0009755320087005449,0.0008919707496435232,0.0008157314100331672,0.000746153372257639,0.0006826379408840389,0.0006246422417409657,0.0005716737619972552,0.0005232854582888531,0.0004790713690470561,0.0004386626750336811,0.00040172415894609154,0.0003679510207233805,0.0003370660103844767,0.00030881684467546147,0.00028297387761344866,0.00025932799845755725,0.00023768873360309993,0.000217882531468672,0.0001997512118074368,0.0001831505628096604,0.00016794907120583564,0.00015402677215515734,0.00014127420706927215,0.00012959147878283898,0.00011888739456925729,0.00010907868850205948,0.00010008931549131302,9.18498101299015e-5,8.429670417867607e-5,7.737199711657693e-5,7.102267474770607e-5,6.520027135213289e-5,5.986047130272071e-5,5.496274648080163e-5,5.04700261617203e-5,4.63483963737964e-5,4.256682602527169e-5,3.909691733891226e-5,3.5912678378129744e-5,3.299031565520607e-5,3.030804499759858e-5,2.7845919028211797e-5,2.558566975744748e-5,2.3510564931619846e-5,2.1605276909281753e-5,1.98557629433399e-5,1.824915585637324e-5,1.6773664184480184e-5,1.5418480954504854e-5,1.417370032940989e-5,1.3030241429946594e-5,1.1979778703270284e-5,1.1014678263081225e-5,1.0127939680263336e-5,9.313142747902417e-6,8.564398787703104e-6,7.87630610422151e-6,7.243909226127939e-6,6.6626616072836865e-6,3.0641957448502297e-6
0.03215194060493076,0.0520054393740752,0.044437839932351175,0.03860982121208789,0.033868561295333555,0.029902194913237534,0.0265262079086378,0.023618399690658043,0.021091940267872256,0.018882099756688586,0.016938921444441035,0.015222831355053645,0.013701839554263406,0.012349667488257554,0.01114444506315021,0.010067774568864096,0.009104039893429117,0.008239885057854751,0.007463812859866664,0.006765870748788816,0.006137401369321893,0.005570841923454903,0.00505956097805374,0.004597724407968323,0.004180184299819492,0.003802386157458565,0.0034602908475228067,0.0031503085274562984,0.0028692423974887027,0.002614240568290696,0.0023827546808666,0.0021725041803372577,0.0019814453513524663,0.001807744385665111,0.0016497538808559753,0.001505992272031676,0.0013751257814593638,0.0012559525377284116,0.0011473885712490473,0.001048455437918417,0.0009582692597328267,0.0008760310021736321,0.0008010178339135296,0.0007325754361391778,0.0006701111467432661,0.000613087840237737,0.0005610184573435345,0.0005134611092158289,0.0004700146909182735,0.0004303149469169522,0.0003940309384025814,0.0003608618683955756,0.00033053422575864567,0.0003027992139019355,0.00027743043395109246,0.0002542217955635853,0.00023298563166478103,0.0002135509960335194,0.00019576212497350717,0.00017947704642391586,0.0001645663215974649,0.0001509119058857463,0.0001384061171837937,0.00012695070100946513,0.00011645598292424125,0.00010684009973622836,9.802830186458802e-5,8.995231998751535e-5,8.254978981811121e-5,7.576372947473904e-5,6.95420644477307e-5,6.383719567165397e-5,5.860560665595831e-5,5.380750601724385e-5,4.940650212451449e-5,4.536930687195175e-5,4.1665465891914215e-5,3.8267112781800315e-5,3.5148745138180904e-5,3.2287020410549754e-5,2.966056977242947e-5,2.724982837378333e-5,2.5036880500042217e-5,2.3005318290293035e-5,2.114011279881554e-5,1.9427496298016927e-5,1.7854854816148186e-5,1.6410630001440678e-5,1.5084229483134108e-5,1.3865944980166658e-5,1.2746877470993763e-5,1.171886880383237e-5,1.0774439182677491e-5,9.906730012811441e-6,9.109451638317765e-6,8.376835544393727e-6,7.70359063594856e-6,7.084863239323477e-6,6.516200503379853e-6,5.993516906325667e-6,2.7565318004599024e-6
0.02888234626834174,0.04672006358791492,0.039923517964157496,0.0346890743973588,0.030430533327293063,0.02686785674230263,0.02383536079836457,0.021223315483218486,0.01895375131197724,0.01696854320421326,0.015222831355053645,0.01368107892038356,0.012314558989534652,0.011099673077562516,0.010016781206590886,0.009049361387270416,0.008183389352459242,0.0074068703271976954,0.006709478646278522,0.0060822756976322,0.005517485932373875,0.005008316708825608,0.004548811759025398,0.0041337308159560965,0.0037584498570762542,0.0034188777808260573,0.003111386318183612,0.002832750703212983,0.0025800991645065566,0.0023508697036781906,0.0021427729366988377,0.0019537600118899254,0.0017819948034317745,0.0016258297254140158,0.0014837846267931783,0.0013545283199551464,0.0012368623702294218,0.0011297068335250939,0.0010320876788375948,0.0009431256727983547,0.0008620265366136894,0.0007880722136165072,0.0007206131087472197,0.0006590611808079648,0.0006028837844568227,0.0005515981729147437,0.0005047665841230384,0.0004619918429688407,0.0004229134208649024,0.0003872039012937905,0.0003545658062460875,0.00032472874400047824,0.0002974468433357032,0.00027249644344897513,0.00024967401243403044,0.00022879427023806808,0.0002096884947882056,0.0001922029923648828,0.00017619771537084146,0.0001615450125453709,0.00014812849823132856,0.00013584202878542473,0.0001245887754905443,0.0001142803844274864,0.00010483621477930987,9.618264791625406e-5,8.825246041607162e-5,8.098425484173938e-5,7.432194274714253e-5,6.821427494016962e-5,6.261441451336667e-5,5.747954860795923e-5,5.277053527547363e-5,4.845158215185724e-5,4.448995398963359e-5,4.0855706365901874e-5,3.75214431518518e-5,3.446209556382657e-5,3.165472081335344e-5,2.9078318570255118e-5,2.6713663619472132e-5,2.4543153241538462e-5,2.255066799161312e-5,2.0721444666256907e-5,1.90419603654178e-5,1.7499826659379976e-5,1.608369295607047e-5,1.4783158252403732e-5,1.358869052416002e-5,1.2491553081054533e-5,1.1483737269967989e-5,1.0557900968471447e-5,9.707312361140175e-6,8.925798534609598e-6,8.207698471178124e-6,7.547820056953171e-6,6.9414007553099866e-6,6.384071628200209e-6,5.871824414272552e-6,5.400981399843779e-6,2.4840839211838503e-6
0.025985634098454446,0.04203716035013072,0.03592359189389782,0.031214942294758297,0.027384013994069423,0.0241789557442027,0.02145076016681302,0.019100741459036008,0.017058777236191036,0.0152725918557573,0.013701839554263406,0.012314558989534652,0.01108491320083102,0.009991677386266051,0.009017186769761931,0.008146580707399487,0.007367244872226758,0.006668390168520777,0.006040728635197001,0.005476219788605283,0.004967869185170434,0.004509566404145238,0.004095953267128999,0.003722315583904054,0.0033844934384600622,0.0030788062531325253,0.0028019897549665385,0.0025511426176026905,0.002323681035771616,0.002117299853031031,0.0019299391418335504,0.0017597553490668258,0.0016050962866134,0.001464479377926299,0.001336572675337825,0.0012201782458515081,0.0011142175902977176,0.0010177188145298714,0.0009298053159237062,0.000849685784793261,0.0007766453501692073,0.0007100377244545139,0.0006492782222388103,0.0005938375461135379,0.0005432362468282843,0.0004970397777238154,0.0004548540739575963,0.00041632159592172417,0.0003811177840489727,0.00034894787878891626,0.00031954406521883007,0.00029266290671693673,0.00026808303629983175,0.000245603077989401,0.00022503977379265995,0.00020622629463540234,0.00018901071608279406,0.0001732546418267045,0.00015883195978218028,0.0001456277173453131,0.0001335371037656536,0.00012246452892019592,0.00011232278891659545,0.00010303230994137798,9.452046268252192e-5,8.672094044257384e-5,7.957319478428624e-5,7.3021923150683e-5,6.701660348496907e-5,6.151107137837737e-5,5.646313570639586e-5,5.1834229123720165e-5,4.7589090146692744e-5,4.3695473867382895e-5,4.012388864095518e-5,3.6847356332851905e-5,3.384119395331473e-5,3.108281471761139e-5,2.8551546747892e-5,2.6228467809572757e-5,2.409625462494909e-5,2.213904544107854e-5,2.034231465940456e-5,1.869275843740739e-5,1.7178190278992395e-5,1.5787445722376667e-5,1.4510295311274425e-5,1.3337365114638323e-5,1.2260064123927164e-5,1.1270517921815236e-5,1.0361508066924352e-5,9.526416692406372e-6,8.759175861526325e-6,8.054221262503397e-6,7.406449864334589e-6,6.811181187897327e-6,6.2641218779237076e-6,5.761333290033594e-6,5.299201830792738e-6,4.87441181313773e-6,2.2419603053798403e-6
0.02341146998661281,0.03787543184793318,0.03236866624465917,0.028127187044715618,0.024676209063561383,0.021788919741659307,0.019331125649065806,0.017213951750636225,0.015374246422268145,0.013764930255340313,0.012349667488257554,0.011099673077562516,0.009991677386266051,0.009006564336217243,0.008128423902871745,0.0073438713928486166,0.006641545103124702,0.006011727112769413,0.005446051418422956,0.004937275503788446,0.004479098935369366,0.004066017457596299,0.0036932043172775847,0.00335641277430844,0.003051895308423744,0.002776336134105377,0.0025267944338126513,0.0023006563043237796,0.002095593846650888,0.0019095301573773468,0.0017406092300251974,0.0015871699678206563,0.0014477236590788832,0.001320934384800479,0.0012056019214763437,0.0011006467768679105,0.0010050970569831265,0.0009180769109109546,0.0008387963403278,0.0007665421932233282,0.0007006701882564387,0.0006405978387276565,0.0005857981638539272,0.0005357940908454935,0.0004901534643400353,0.00044848459109120796,0.0004104322573365293,0.0003756741642694317,0.0003439177340606803,0.0003148972448053398,0.00028837125788881094,0.0002641203057347401,0.00024194481165655275,0.00022166321692351082,0.00020311029305039151,0.00018613561980290651,0.0001706022116555344,0.00015638527737163498,0.0001433710990530676,0.00013145601854653698,0.00012054552035538043,0.00011055340140692918,0.00010140101905283796,9.301660956965085e-5,8.533467024975441e-5,7.829539888149655e-5,7.184418507097889e-5,6.593114839835586e-5,6.051071892705369e-5,5.554125603712628e-5,5.0984701943333766e-5,4.680626662781492e-5,4.2974141240025086e-5,3.945923730074431e-5,3.623494931493797e-5,3.327693861882887e-5,3.0562936503648864e-5,2.807256484849694e-5,2.578717265465109e-5,2.3689687033142694e-5,2.1764477332359203e-5,1.9997231213454204e-5,1.837484159888654e-5,1.688530351200829e-5,1.5517619921535594e-5,1.4261715787664171e-5,1.3108359576007652e-5,1.2049091577131707e-5,1.1076158426867139e-5,1.018245328111004e-5,9.361461144467929e-6,8.60720890009478e-6,7.91421962890513e-6,7.27747084159334e-6,6.692356282456943e-6,6.154650993375792e-6,5.660479354503963e-6,5.206285844004625e-6,4.7888082805882756e-6,4.405053334583734e-6,2.0261370562147022e-6
0.021117972705237853,0.0341672307833919,0.02920099616038574,0.025375682864696603,0.022263185921945483,0.019658993026451355,0.017442104537000624,0.01553238324123124,0.01387288596236158,0.012421161310402634,0.01114444506315021,0.010016781206590886,0.009017186769761931,0.008128423902871745,0.007336145554488777,0.006628281696984734,0.005994586391384116,0.005426295875232634,0.0049158654039737765,0.004456763287352547,0.004043307326664511,0.0036705332596244783,0.0033340877561609666,0.003030140516441314,0.00275531142257001,0.002506609689318602,0.002281382678813046,0.002077272571223393,0.0018921794763230373,0.0017242298659670974,0.0015717494336325716,0.0014332396609608236,0.001307357506353208,0.001192897737397773,0.0010887775131184323,0.0009940228894525331,0.000907756975868014,0.0008291895147068025,0.0007576076910415491,0.000692368010345697,0.000632889105496668,0.0005786453549862201,0.0005291612110713863,0.0004840061508574762,0.00044279017507474656,0.0004051597895368842,0.00037079441285949033,0.00033940316122935566,0.00031072196734519865,0.00028451099599776687,0.0002605523233712142,0.00023864785117722487,0.0002186174301224827,0.00020029717026589806,0.00018353791843521037,0.00016820388511121784,0.00015417140521189684,0.0001413278189516462,0.00012957046046335133,0.00011880574325964484,0.00010894833274705624,9.992039709023231e-5,9.165092864964436e-5,8.407512901861575e-5,7.713385142756892e-5,7.07730949223689e-5,6.494354531321367e-5,5.960015837769414e-5,5.470178127569506e-5,5.021080854212157e-5,4.609286937458227e-5,4.231654326619693e-5,3.885310132483973e-5,3.5676270876357045e-5,3.276202119101355e-5,3.00883683713426e-5,2.7635197635402214e-5,2.5384101400781746e-5,2.3318231718933032e-5,2.1422165753241264e-5,1.9681783115982506e-5,1.8084153988468757e-5,1.6617437054719097e-5,1.5270786362514988e-5,1.4034266312223747e-5,1.2898774048594763e-5,1.1855968593337305e-5,1.0898206120894539e-5,1.0018480831609349e-5,9.210370929291163e-6,8.467989251365949e-6,7.78593814309387e-6,7.15926820419322e-6,6.583440567995281e-6,6.0542924053601585e-6,5.568005372062453e-6,5.121076743811441e-6,4.7102930063252715e-6,4.332705687215584e-6,3.985609236266182e-6,1.833260388989241e-6
0.019069918638672412,0.03085566130838313,0.026372013139229322,0.022918268577515943,0.020107991700402783,0.017756576472124197,0.01575480066885393,0.014030326911307067,0.012531754037261589,0.011220761924266354,0.010067774568864096,0.009049361387270416,0.008146580707399487,0.0073438713928486166,0.006628281696984734,0.005988915247495855,0.005416522211659239,0.004903190675380989,0.004442109107926487,0.004027380452661239,0.0036538744899464737,0.0033171090908702128,0.00301315363114954,0.0027385496470522866,0.0024902450790092456,0.002265539345733217,0.0020620371411683644,0.0018776093223858148,0.0017103596111138625,0.0015585960980277515,0.0014208067430003454,0.0012956382213872644,0.001181877588370777,0.0010784363297201977,0.000984336443336932,0.0008986982568006847,0.0008207297353297199,0.0007497170739886923,0.0006850164006518417,0.0006260464428674978,0.0005722820336299846,0.0005232483494364854,0.0004785157892235013,0.0004376954156466058,0.0004004348907906789,0.00036641484762804915,0.0003353456462955205,0.00030696447077096546,0.00028103272724362867,0.0002573337102986751,0.00023567050720105665,0.00021586411420102761,0.0001977517418425092,0.00018118528901386443,0.00016602996783942735,0.00015216306353067104,0.00013947281514296774,0.0001278574047571244,0.00011722404397016255,0.0001074881478333044,9.857258740178444e-5,9.040701303912276e-5,8.292724145468264e-5,7.607470017763048e-5,6.979592384032682e-5,6.404209722101015e-5,5.876864052787906e-5,5.393483284648628e-5,4.950347010029051e-5,4.544055424290569e-5,4.171501071754686e-5,3.829843151987049e-5,3.5164841463275866e-5,3.2290485477057024e-5,2.9653634986056936e-5,2.723441160005168e-5,2.5014626517934444e-5,2.2977634206476486e-5,2.110819904366148e-5,1.9392373746488097e-5,1.781738851305419e-5,1.6371549907301494e-5,1.5044148610561005e-5,1.382537523945325e-5,1.270624350784206e-5,1.1678520078113299e-5,1.0734660503580984e-5,9.867750722175741e-6,9.071453608336096e-6,8.339960137723128e-6,7.667944756564369e-6,7.050524586544866e-6,6.48322212945483e-6,5.961931164508353e-6,5.482885560252704e-6,5.04263074690357e-6,4.637997617936451e-6,4.266078650774888e-6,3.924206053878548e-6,3.6099317654511576e-6,1.6605045723028656e-6
0.017237416901891456,0.027892439570577743,0.023840499079876565,0.020719162830783178,0.018179264504290027,0.016054002586717853,0.014244688797066196,0.012685962097510606,0.011331378254399643,0.01014631229353627,0.009104039893429117,0.008183389352459242,0.007367244872226758,0.006641545103124702,0.005994586391384116,0.005416522211659239,0.004898993775225791,0.0044348511842214056,0.004017938813559593,0.0036429273380016447,0.003305180338755001,0.003000647013321159,0.0027257749072797377,0.002477438224368307,0.002252878413118241,0.0020496545389028648,0.0018656015370993942,0.0016987948729530605,0.0015475204540941166,0.0014102488823862676,0.001285613316168905,0.0011723903556911837,0.0010694834747169146,0.0009759086083167001,0.0008907815755380376,0.0008133070706199709,0.0007427690008669774,0.0006785219849124082,0.0006199838546222403,0.0005666290279573317,0.0005179826398616395,0.00047361533484272314,0.0004331386386585978,0.0003962008381521746,0.0003624833078722904,0.0003316972304597404,0.0003035806647820327,0.0002778959216816444,0.0002544272123648668,0.00023297853881870407,0.00021337179940605563,0.00019544508607558702,0.00017905115238637083,0.0001640560340396384,0.0001503378057411608,0.0001377854600433828,0.00012629789546721084,0.00011578300262492106,0.00010615683829913718,9.734287856558925e-5,8.927134297485916e-5,8.187858269214764e-5,7.510652624965531e-5,6.890217722060909e-5,6.321715872934668e-5,5.800730023309002e-5,5.3232262492051595e-5,4.885519704187077e-5,4.484243686916857e-5,4.1163215324154976e-5,3.7789410590670825e-5,3.4695313305789684e-5,3.185741515867994e-5,2.925421650747334e-5,2.6866051250164875e-5,2.4674927347843835e-5,2.2664381558405136e-5,2.0819347078716453e-5,1.912603291090621e-5,1.757181388585381e-5,1.614513037632016e-5,1.4835396821237263e-5,1.3632918269255957e-5,1.252881421779918e-5,1.151494909452236e-5,1.0583868789162617e-5,9.728742694860634e-6,8.943310770793023e-6,8.221835180228674e-6,7.559056101250815e-6,6.95015134099977e-6,6.390699419654624e-6,5.876645820474677e-6,5.404272128170276e-6,4.970167804101074e-6,4.5712043684236945e-6,4.204511780101075e-6,3.867456824688438e-6,3.557623335595603e-6,3.272794090731327e-6,1.5054671202786929e-6
0.015594909180840444,0.025236278634796494,0.021571207868794517,0.018747767748745037,0.016450185034830533,0.014527610806362279,0.012890795051921422,0.011480627462770787,0.010255105187777613,0.00918291411356753,0.008239885057854751,0.0074068703271976954,0.006668390168520777,0.006011727112769413,0.005426295875232634,0.004903190675380989,0.0044348511842214056,0.004014810355779386,0.0036375003417602747,0.0032981005887542936,0.0029924172065586493,0.002716785942218622,0.002467993260267788,0.002243211510663548,0.0020399451985815137,0.0018559861032816233,0.0016893755239614922,0.0015383723192714978,0.0014014256968767728,0.0012771519271455763,0.0011643143217851572,0.0010618059464187826,0.0009686346357349399,0.0008839099585478891,0.0008068318422109581,0.0007366806155379331,0.0006728082695824558,0.0006146307678317076,0.0005616212640658282,0.0005133041078981999,0.00046924953587087863,0.00042906896098897883,0.0003924107860102631,0.0003589566763200257,0.00032841823690049274,0.0003005340454452785,0.0002750670000041073,0.00025180194486125636,0.00023054354301934102,0.0002111143676031763,0.0001933531879010665,0.00017711342873268088,0.00016226178433172232,0.0001486769701855386,0.00013624859820106187,0.00012487616221735706,0.00011446812237799354,0.00010494107816201494,9.621902098777817e-5,8.823265832842144e-5,8.091880211645868e-5,7.421981501436106e-5,6.808310881133823e-5,6.24606897983613e-5,5.730874652103428e-5,5.258727578131097e-5,4.8259743194136156e-5,4.4292774964443016e-5,4.0655877899809065e-5,3.7321184975418436e-5,3.426322402704017e-5,3.145870739355188e-5,2.888634054543733e-5,2.6526647924770392e-5,2.4361814400669765e-5,2.2375540890978642e-5,2.055291284554239e-5,1.888028041295434e-5,1.734514921908364e-5,1.593608079194787e-5,1.4642601757362567e-5,1.3455121010399942e-5,1.2364854146021143e-5,1.1363754493896931e-5,1.0444450166359671e-5,9.600186583703772e-6,8.824773987269616e-6,8.112539498498724e-6,7.458283320386773e-6,6.857238716796661e-6,6.305035435500916e-6,5.797666272830418e-6,5.331456505043667e-6,4.903035935013934e-6,4.509313326567403e-6,4.147453018374928e-6,3.814853528116594e-6,3.5091279748345155e-6,3.2280861616775685e-6,2.969718175906648e-6,1.3660896879074305e-6
