0.061341554748260085,0.09201529381316731,0.0744467730462337,0.06156906485004687,0.05155255950330617,0.043523169721167876,0.03696578050480803,0.031541823328364416,0.027013341787911482,0.02320538741890138,0.01998514063500123,0.017249331667064827,0.014916183057549603,0.012919996881904816,0.011207378248599714,0.009734518250290092,0.0084651891112755,0.007369233375655232,0.006421405048986084,0.005600467241060447,0.004888480444778992,0.004270234928180933,0.0037327936949859836,0.0032651213859867384,0.0028577807463269003,0.002502682750074231,0.002192879719916288,0.0019223931732981203,0.0016860699165793178,0.0014794612633566052,0.0012987212912899462,0.0011405208542357784,0.0010019746931521772,0.0008805794832065922,0.000774161046314439,0.0006808292717601083,0.0005989395399732238,0.0005270596485552927,0.00046394140625383683,0.00040849619673192887,0.0003597739259126008,0.00031694485926500853,0.00027928393214155835,0.0002461571802072106,0.00021700999028722787,0.00019135691677893679,0.0001687728463745171,0.0001488853254956097,0.00013136789166615396,0.00011593427273392598,0.00010233333711658467,9.034469465297795e-5,7.97748615889006e-5,7.045391518451264e-5,6.22325736348052e-5,5.497964573000498e-5,4.8579802198786114e-5,4.293162712770498e-5,3.794591339148208e-5,3.3544170825587334e-5,2.9657319979143107e-5,2.6224547860453332e-5,2.3192305163777824e-5,2.0513427126067044e-5,1.8146362472685248e-5,1.6054496909916635e-5,1.4205559360759795e-5,1.2571100641041195e-5,1.1126035587290603e-5,9.848240786005573e-6,8.71820104243962e-6,7.718698591299185e-6,6.834539803906621e-6,6.052314800740369e-6,5.360185951597154e-6,4.7477017427399265e-6,4.205632927715126e-6,3.725828259492725e-6,3.3010874331923198e-6,2.925049160954736e-6,2.592092554954015e-6,2.297250217156587e-6,2.036131630598381e-6,1.804855616923942e-6,1.5999907756096766e-6,1.4185029517392695e-6,1.2577088939612577e-6,1.115235365939414e-6,9.889830629556937e-7,8.770947636544145e-7,7.779272149055524e-7,6.900263081967373e-7,6.121051587176664e-7,5.430247445974993e-7,4.817768047329896e-7,4.274687294170368e-7,3.793102096179698e-7,3.3660143855505287e-7,2.987226835680639e-7,2.651250678894242e-7,1.1766121043827629e-7
0.09201529381316731,0.13805947132444762,0.11171857621047332,0.09240778973115482,0.07738542872397192,0.06534165863896724,0.05550455455483516,0.047366737588268815,0.0405715898980078,0.03485690716296608,0.03002361316170521,0.02591691144782704,0.022414212205726147,0.019417021939584223,0.01684528490247128,0.014633311942403748,0.012726776445161125,0.011080450499579841,0.009656468392310047,0.008422974415676382,0.007353056304602507,0.006423894599325242,0.005616077675975384,0.0049130455471814855,0.004300634902932032,0.0037667045535504096,0.003300825300429605,0.002894021846062425,0.0025385570370125357,0.002227750762830334,0.0019558273892898437,0.0017177868065424776,0.0015092951116180628,0.0013265916847533636,0.001166410006012527,0.001025910028239839,0.0009026203005739405,0.0007943883424330785,0.0006993380175052532,0.0006158328612813051,0.0005424444833884209,0.0004779253047226435,0.00042118500438053166,0.0003712701471998356,0.0003273465425760779,0.00028868395239611475,0.00025464282228899494,0.00022466275784097968,0.00019825250763448338,0.0001749812489769769,0.00015447100106901965,0.00013639001495719836,0.00012044701053247168,0.00010638614876619205,9.398264267901466e-5,8.303892363907919e-5,7.338129085920583e-5,6.485698163880677e-5,5.733160820876339e-5,5.068691423422834e-5,4.4818810191631846e-5,3.963565219962503e-5,3.5056733500198186e-5,3.1010961778427885e-5,2.7435698976984065e-5,2.4275743261785595e-5,2.148243540541476e-5,1.901287410764716e-5,1.682922674608019e-5,1.4898123758987547e-5,1.3190126347009841e-5,1.1679258478356267e-5,1.0342595312004435e-5,9.159901136357223e-6,8.113310782191426e-6,7.187049215635796e-6,6.36718467407905e-6,5.641411280435973e-6,4.99885756958515e-6,4.429917800157618e-6,3.92610330733975e-6,3.479911487027577e-6,3.084710296628399e-6,2.7346364133878207e-6,2.424505417729474e-6,2.149732566797326e-6,1.9062628960078858e-6,1.6905095393897657e-6,1.4992992924058209e-6,1.3298245588164422e-6,1.1796009254497512e-6,1.0464296996964992e-6,9.283648239495318e-7,8.236836508966073e-7,7.308611252667675e-7,6.485469714880672e-7,5.755455343587812e-7,5.107979616923198e-7,4.5336645457201177e-7,4.024203434039648e-7,1.7861188825090493e-7
0.0744467730462337,0.11171857621047332,0.09041444495826356,0.0747944359720254,0.0626419942705696,0.052898159387933186,0.04493884440149076,0.03835383266536374,0.032854788483491326,0.02822970364549282,0.024317605435233702,0.02099331929467041,0.0181577087472668,0.015731118951792245,0.013648802263976412,0.011857627064491394,0.010313649218249954,0.008980281918263916,0.007826891812595577,0.006827705802276485,0.005960948736521796,0.005208155659449321,0.004553617981808145,0.003983933751145835,0.0034876397666548514,0.003054908694122782,0.0026772982680404733,0.002347542566528235,0.0020593775127788205,0.0018073943971012793,0.0015869164709007774,0.0013938946357149665,0.0012248190093137289,0.0010766437490766952,0.0009467229873459278,0.0008327561130321154,0.0007327409394664794,0.0006449335455940945,0.0005678137793989398,0.0005000555773704909,0.0004405013894103523,0.00038814011074388144,0.000342088015377974,0.0003015722631092097,0.0002659166166534112,0.00023452905978298133,0.00020689105293030148,0.00018254820108244262,0.0001611021413114003,0.0001422034847854219,0.00012554567146603676,0.00011085961558904636,9.790903694403938e-5,8.648638747169924e-5,7.640929507702027e-5,6.751745715485999e-5,5.96699254446025e-5,5.27427316591258e-5,4.662681005899625e-5,4.122617896614301e-5,3.6456348196974e-5,3.224292373537826e-5,2.85203847022492e-5,2.5231010909280006e-5,2.2323942091606044e-5,1.9754352342474723e-5,1.748272538618312e-5,1.5474218149271455e-5,1.3698101687893325e-5,1.212726991316952e-5,1.0737807758373917e-5,9.508611482977972e-6,8.421054723582077e-6,7.458694697876436e-6,6.607013665479826e-6,5.853191354508383e-6,5.1859045950987094e-6,4.595150864944661e-6,4.072092855695312e-6,3.608921525075754e-6,3.1987354095248136e-6,2.8354342433610798e-6,2.5136251695409738e-6,2.228540034218068e-6,1.9759624410003166e-6,1.7521634010652813e-6,1.5538445552300349e-6,1.3780880680959569e-6,1.222312402158385e-6,1.084233275345189e-6,9.61829188410818e-7,8.533109823756745e-7,7.570949506002148e-7,6.717790866086192e-7,5.961220988206432e-7,5.290248670412192e-7,4.695140542120393e-7,4.1672762089160255e-7,3.699020196897748e-7,3.2836087329902375e-7,1.4575248146545672e-7
0.06156906485004687,0.09240778973115482,0.0747944359720254,0.06187917774335183,0.05183012043194579,0.04377207151815443,0.037189238490705434,0.03174257965934468,0.02719378003105466,0.023367604336259784,0.020130995086822145,0.017380480180379243,0.015034107064231028,0.01302602443597739,0.0113027018910562,0.009820210060234175,0.008542213618210781,0.007438458788659508,0.006483613122014287,0.005656362005883556,0.004938695985020641,0.004315342328454333,0.0037733072715545463,0.003301504285599277,0.002890449985313473,0.0025320137547647018,0.002219210420898926,0.0019460276992394332,0.0017072819278037624,0.0014984969607962466,0.001315802132542572,0.001155846005148467,0.0010157232404580802,0.0008929124312094423,0.0007852231183705476,0.0006907505353074966,0.0006078368720670926,0.0005350380572564442,0.0004710952217639522,0.0004149101448569902,0.00036552409524591174,0.00032209957240387707,0.00028390453027461304,0.0002502987295234316,0.0002207219178526074,0.0001946835827971805,0.0001717540590864615,0.00015155680437090773,0.00013376168399635915,0.00011807912824234393,0.0001042550447527945,9.206638533479621e-5,8.131728028733178e-5,7.183566541513892e-5,6.347033711867687e-5,5.6088379715100436e-5,4.9572916687461947e-5,4.382114403353075e-5,3.874260944816048e-5,3.425770588969142e-5,3.0296352204719676e-5,2.679683707606194e-5,2.370480564947594e-5,2.097237086776219e-5,1.8557333863092275e-5,1.6422499767813328e-5,1.4535077052431475e-5,1.2866150008584922e-5,1.139021531720776e-5,1.0084774787377993e-5,8.929977346202038e-6,7.90830423015945e-6,7.004292085724818e-6,6.2042893461116425e-6,5.496241828592243e-6,4.869503997730374e-6,4.314672780656096e-6,3.82344120458233e-6,3.3884694611213467e-6,3.0032712967932766e-6,2.662113885799455e-6,2.359929565765076e-6,2.0922380151662374e-6,1.8550776227417592e-6,1.644944951361801e-6,1.458741331597748e-6,1.2937257361768048e-6,1.1474731892695035e-6,1.0178380538589961e-6,9.029216196437866e-7,8.010434826785966e-7,7.107162690950492e-7,6.30623308621716e-7,5.59598910477482e-7,4.966109356979797e-7,4.4074539617557024e-7,3.9119284274169914e-7,3.4723633278040355e-7,3.08240792537874e-7,2.7364361119938153e-7,1.2147316150861784e-7
0.05155255950330617,0.07738542872397192,0.0626419942705696,0.05183012043194579,0.0434169239690777,0.03667006284844776,0.03115792738932932,0.026596805003176738,0.022787266232785153,0.019582663628682828,0.01687164223176396,0.014567603095097248,0.012601954375661362,0.010919577709900402,0.009475665099627384,0.008233443126808626,0.007162493633833339,0.006237488150554554,0.005437217067885497,0.004743833619295271,0.004142257512752462,0.0036196992549663437,0.0031652770786773643,0.0027697058510531766,0.0024250425771370626,0.0021244768521574905,0.001862157334759057,0.0016330473172190899,0.0014328039676116712,0.0012576769529649805,0.0011044230216634837,0.0009702337951906191,0.0008526745439666542,0.0007496321356151407,0.0006592706720353596,0.0005799935940948801,0.0005104112441290786,0.0004493130472863812,0.000395643612290034,0.0003484821662252807,0.0003070248317212365,0.00027056933246512923,0.00023850177728737716,0.00021028522663153314,0.000185449789881411,0.00016358403958893243,0.000144327560171441,0.00012736447518977862,0.00011241781981778318,9.924464414275938e-5,8.763174910073556e-5,7.739197061786105e-5,6.836093923713962e-5,6.0394252549763943e-5,5.336500631954264e-5,4.7161637526211826e-5,4.1686038868325964e-5,3.685190968729366e-5,3.2583312931863564e-5,2.8813411815750483e-5,2.5483363274505827e-5,2.2541348334726298e-5,1.9941722097288042e-5,1.7644268275139607e-5,1.56135451713603e-5,1.3818311666388412e-5,1.2231023248044113e-5,1.0827389382235097e-5,9.585984630159847e-6,8.48790687742613e-6,7.516476874098749e-6,6.656974013781968e-6,5.896403914552696e-6,5.223293916862908e-6,4.627513097639444e-6,4.100113819625957e-6,3.633192204499221e-6,3.2197652402451103e-6,2.8536625135784703e-6,2.5294308053745577e-6,2.2422500022887038e-6,1.9878589660878395e-6,1.762490168260386e-6,1.5628120413556527e-6,1.3858781261239779e-6,1.2290822048852613e-6,1.0901187087937864e-6,9.669477728699317e-7,8.577643875770642e-7,7.609711621681938e-7,6.751542727060562e-7,5.990622189569142e-7,5.31587059145654e-7,4.7174783087633196e-7,4.1867590133683413e-7,3.7160202030353096e-7,3.298448763600961e-7,2.9280098038038697e-7,2.599357210382157e-7,2.3077545549645192e-7,1.0245025727846266e-7
0.043523169721167876,0.06534165863896724,0.052898159387933186,0.04377207151815443,0.03667006284844776,0.030974235530022987,0.026320423493393585,0.022469242285859836,0.019252417275109845,0.01654620610360069,0.014256642913327233,0.012310648878375435,0.010650338290717709,0.009229193648605333,0.008009397011981167,0.0069599099687935595,0.006055056815897075,0.005273456799697679,0.004597205020384451,0.004011234559115756,0.0035028132947570456,0.003061142543530508,0.002677033824528094,0.0023426463537996114,0.0020512722869126185,0.0017971598849346598,0.001575367071962562,0.0013816395429313358,0.0012123088449202783,0.0010642068118939599,0.0009345934660828156,0.0008210960659791183,0.0007216574235293059,0.0006344919620040728,0.0005580482627705521,0.0004909770705889844,0.00043210390537833446,0.0003804055725330456,0.0003349899815917566,0.0002950787792698091,0.00025999238197263116,0.00022913705835278,0.00020199376672642988,0.00017810849737023978,0.0001570839074012862,0.00013857206764614953,0.00012226816750750746,0.00010790504623499472,9.524843799453022e-5,8.409283418941375e-5,7.425788012872347e-5,6.558523475842424e-5,5.793583205246757e-5,5.118749113586533e-5,4.52328294451266e-5,3.997743942529006e-5,3.5338294593817e-5,3.124235537815367e-5,2.762534906616235e-5,2.443070161417955e-5,2.16086019733369e-5,1.9115182133974836e-5,1.6911798273907576e-5,1.496440028701801e-5,1.3242978611445846e-5,1.1721078698253716e-5,1.0375374698630137e-5,9.185295015573807e-6,8.132693301928233e-6,7.201559297287223e-6,6.377764600537137e-6,5.648839090800745e-6,5.003774245833373e-6,4.432850073603917e-6,3.9274827818851395e-6,3.480090665449419e-6,3.083976002734257e-6,2.733221025951938e-6,2.422596265530079e-6,2.1474797787129454e-6,1.9037859540754477e-6,1.687902742925937e-6,1.4966363089550883e-6,1.3271622091371941e-6,1.1769823268002729e-6,1.0438868719427127e-6,9.259208461038898e-7,8.213544419978951e-7,7.286569114719833e-7,6.464734915520784e-7,5.736050271247879e-7,5.089899721977298e-7,4.5168848956826203e-7,4.0086840199231e-7,3.55792777400492e-7,3.1580895642822036e-7,2.803388532867036e-7,2.4887038100306825e-7,2.2094986958618855e-7,1.961753612387191e-7,8.709534019349792e-8
0.03696578050480803,0.05550455455483516,0.04493884440149076,0.037189238490705434,0.03115792738932932,0.026320423493393585,0.022367609392700827,0.019096282731620395,0.016363599129973205,0.014064513181934024,0.012119253894913334,0.010465779461154762,0.009054944391675895,0.007847253028666512,0.0068105944678057695,0.005918612876273169,0.005149504918855546,0.004485113449949993,0.003910232259006885,0.0034120646289447776,0.0029797962125223537,0.0026042543314821406,0.0022776335859976335,0.001993273008839627,0.0017454737476987475,0.0015293489368804793,0.001340699365854122,0.0011759099869784531,0.001031863377908837,0.0009058670861632132,0.0007955924056526273,0.0006990226160027181,0.0006144090911342163,0.0005402339796863175,0.00047517839474264974,0.0004180952382256218,0.00036798593667295484,0.0003239804874461943,0.0002853203143361382,0.00025134351319170203,0.00022147213534251444,0.00019520121213694504,0.0001720892699689472,0.00015175012354007918,0.0001338457670901549,0.00011808021024352399,0.00010419412770162678,9.1960211027873e-5,8.117912689128482e-5,7.167599976998142e-5,6.329734869869896e-5,5.590841751098967e-5,4.9390846417721895e-5,4.364063996002384e-5,3.856639251747791e-5,3.408773781245244e-5,3.0133993379056426e-5,2.6642974852179673e-5,2.3559958272122172e-5,2.0836771493057632e-5,1.8430998260437852e-5,1.6305280679511684e-5,1.4426707654156574e-5,1.2766278481543699e-5,1.1298432183911244e-5,1.0000634366644744e-5,8.853014443113905e-6,7.838046974160078e-6,6.940271665494934e-6,6.146047255217526e-6,5.4433351221878755e-6,4.821508969574874e-6,4.271187393739076e-6,3.7840865453133316e-6,3.3528904371161355e-6,2.971136755136684e-6,2.6331162943243563e-6,2.3337843722759177e-6,2.068682775356572e-6,1.833870969468186e-6,1.6258654623823552e-6,1.4415863399673171e-6,1.2783101180331924e-6,1.1336281549858929e-6,1.0054099622693811e-6,8.917708296748181e-7,7.910432525458758e-7,7.017517099324281e-7,6.22590396643873e-7,5.524035599729477e-7,4.901681333727643e-7,4.349783962955671e-7,3.860324216447801e-7,3.4262010059877476e-7,3.0411255963542856e-7,2.699528064772362e-7,2.396474610508867e-7,2.1275944458159035e-7,1.8890151486423597e-7,1.6773054900435403e-7,7.447124327234615e-8
0.031541823328364416,0.047366737588268815,0.03835383266536374,0.03174257965934468,0.026596805003176738,0.022469242285859836,0.019096282731620395,0.01630463622823969,0.013972482466477754,0.012010233927906677,0.010349855771959682,0.008938431822660187,0.007734043483689945,0.006703001400560293,0.0058179139884328435,0.005056297767996182,0.004399551897636425,0.0038321853308485726,0.0033412239377537956,0.002915748781946434,0.002546531875700031,0.0022257456278009236,0.0019467288345715178,0.0017037966238688945,0.0014920849585567317,0.0013074225892133196,0.0011462250053495375,0.0010054061578404737,0.00088230464032657,0.0007746217096687661,0.0006803690561699785,0.0005978246444167789,0.0005254952658861039,0.00046208469694653323,0.0004064665561527795,0.00035766111495355146,0.00031481544498428507,0.0002771863894304484,0.0002441259311453314,0.00021506859984070804,0.00018952061792446278,0.00016705053193122711,0.00014728111576385247,0.00012988236468809006,0.00011456542630210696,0.00010107733765580716,8.91964569560554e-5,7.872849451220302e-5,6.950306132606906e-5,6.137066536045645e-5,5.4200095400695064e-5,4.7876140840203405e-5,4.229760287909935e-5,3.737555876435041e-5,3.3031845940554574e-5,2.9197737468207607e-5,2.5812783929406256e-5,2.2823800357531004e-5,2.018397957751801e-5,1.7852115811850566e-5,1.5791924521094526e-5,1.397144628872385e-5,1.2362524144901609e-5,1.0940345094887074e-5,9.683037809114992e-6,8.571319463070143e-6,7.588185612493741e-6,6.7186377641207426e-6,5.949443981198018e-6,5.268928451244561e-6,4.66678645455545e-6,4.133921619029745e-6,3.6623027361587664e-6,3.2448377517850014e-6,2.8752628422474403e-6,2.5480447441191188e-6,2.2582947325067154e-6,2.0016928405047928e-6,1.7744210844694309e-6,1.5731046115618108e-6,1.3947598181780992e-6,1.2367486035716454e-6,1.0967380249880138e-6,9.726647090391607e-7,8.627034524794228e-7,7.652395139954632e-7,6.788441584019811e-7,6.022530676446736e-7,5.343472790791546e-7,4.741363523698171e-7,4.207435018364774e-7,3.7339246264368624e-7,3.313958867925768e-7,2.941450890760219e-7,2.611009845939769e-7,2.317860781435803e-7,2.0577738236579638e-7,1.8270015609074232e-7,1.6222236708505464e-7,1.4404979473777482e-7,6.396084908125853e-8
0.027013341787911482,0.0405715898980078,0.032854788483491326,0.02719378003105466,0.022787266232785153,0.019252417275109845,0.016363599129973205,0.013972482466477754,0.01197479130453602,0.010293837929931993,0.008871381807379092,0.007662122768750529,0.0066301738371002394,0.005746691854924879,0.004988224370975847,0.004335520246709038,0.0037726519665540192,0.003286354160657104,0.00286551615158806,0.0025007867514415666,0.002184262486761117,0.0019092388943299995,0.0016700102106210896,0.0014617066797204328,0.0012801614404284282,0.0011218009073418293,0.0009835539809793757,0.0008627764690538886,0.0007571878841125673,0.0006648183752725727,0.000583964005898165,0.000513148940070712,0.0004510933748124654,0.0003966862711067935,0.00034896210815293406,0.00030708102241603155,0.00027031180348113543,0.00023801730799731784,0.0002096419259166784,0.00018470079283205987,0.0001627704912223497,0.00014348102396091094,0.0001265088770570754,0.0001115710166116556,9.841968831805683e-5,8.683790748906391e-5,7.66355440776792e-5,6.764592104435631e-5,5.9722856194171234e-5,5.273808756423243e-5,4.657903090086492e-5,4.1146824972323245e-5,3.635462659170934e-5,3.2126122481809685e-5,2.8394229601144574e-5,2.509995939355261e-5,2.2191424731936055e-5,1.9622971167204987e-5,1.7354416534392505e-5,1.5350385082257064e-5,1.3579724103107986e-5,1.201499261652974e-5,1.0632013018354247e-5,9.40947778073375e-6,8.328604309831063e-6,7.372831951032679e-6,6.527555900498119e-6,5.779893445619666e-6,5.118478538847221e-6,4.533281213393858e-6,4.015448787288359e-6,3.557166185402726e-6,3.1515330427079116e-6,2.7924555423773352e-6,2.4745511969493134e-6,2.193065001563645e-6,1.9437955826897256e-6,1.723030135187379e-6,1.5274870880681056e-6,1.3542655694692722e-6,1.2008008546797375e-6,1.0648250802594639e-6,9.443325947807601e-7,8.375493925335575e-7,7.429061438102303e-7,6.590143940942505e-7,5.846455557527443e-7,5.187123613051123e-7,4.602524868584563e-7,4.084140893677774e-7,3.624430318217584e-7,3.216715975397472e-7,2.8550851841762943e-7,2.534301627268787e-7,2.24972746466453e-7,1.9972544833074514e-7,1.7732432257538557e-7,1.5744691656005766e-7,1.3980751070069938e-7,1.2415290829200558e-7,5.51293555975741e-8
0.02320538741890138,0.03485690716296608,0.02822970364549282,0.023367604336259784,0.019582663628682828,0.01654620610360069,0.014064513181934024,0.012010233927906677,0.010293837929931993,0.00884947975790773,0.007627151269610305,0.0065879540103169765,0.005701071149368214,0.004941733392744979,0.0042897997980515246,0.0037287366855364157,0.0032448641398711564,0.0028267881244014026,0.002464964820260547,0.0021513613289123254,0.0018791879949749332,0.0016426848737466082,0.0014369497437510745,0.0012577984143638359,0.0011016504272156821,0.0009654349275597558,0.0008465127009962964,0.0007426112697632836,0.0006517706150543107,0.0005722976004459441,0.000502727561344847,0.0004417918266759694,0.00038839017433566717,0.00034156740742532967,0.00030049338541250116,0.00026444596207883704,0.00023279637692862672,0.00020499672337285016,0.00018056917960307395,0.00015909673923480104,0.00014021522087116897,0.00012360637054847088,0.00010899189988463351,9.612832680134273e-5,8.480250573914775e-5,7.482775115564915e-5,6.604047225454782e-5,5.8297248815130515e-5,5.147228809983945e-5,4.545521136783211e-5,4.014912578699178e-5,3.546894372558388e-5,3.133991666850295e-5,2.769635551821872e-5,2.448051289495769e-5,2.164160635160752e-5,1.913496426064244e-5,1.692127857034142e-5,1.4965950724501109e-5,1.3238518856295762e-5,1.171215592233899e-5,1.0363229797901786e-5,9.170917520800353e-6,8.116866880674111e-6,7.184899427456834e-6,6.360749731989734e-6,5.631836392533114e-6,4.987060851393299e-6,4.416630586009197e-6,3.911903672105296e-6,3.465252092967508e-6,3.0699414982791943e-6,2.7200254027634577e-6,2.4102520645128363e-6,2.13598250177716e-6,1.893118296830736e-6,1.6780380026992472e-6,1.4875411142181961e-6,1.318798691757767e-6,1.1693098378768502e-6,1.0368633246344663e-6,9.195037546118899e-7,8.155017139501412e-7,7.233274409218428e-7,6.416275914284714e-7,5.692047333212666e-7,5.049992455576449e-7,4.480733373298949e-7,3.975969363053394e-7,3.528352252928968e-7,3.1313763284739436e-7,2.779281066323334e-7,2.4669651871744196e-7,2.189910698606537e-7,1.9441157565792644e-7,1.7260353127122635e-7,1.5325286368504222e-7,1.3608129120040954e-7,1.208422193052996e-7,1.0731711043638019e-7,4.765613624758117e-8
0.01998514063500123,0.03002361316170521,0.024317605435233702,0.020130995086822145,0.01687164223176396,0.014256642913327233,0.012119253894913334,0.010349855771959682,0.008871381807379092,0.007627151269610305,0.006574114877961279,0.005678785764083108,0.004914633238300298,0.004260332070071343,0.003698541009007364,0.0032150239401751296,0.002798001348295963,0.0024376615331753726,0.0021257856267973066,0.0018554555472179365,0.001620823593760999,0.0014169286430550168,0.0012395481019894516,0.001085077656660459,0.0009504328777367906,0.0008329681863986325,0.0007304097342999902,0.0006407995245534346,0.0005624486792959252,0.0004938981971257944,0.00043388587919633223,0.0003813183620665177,0.00033524739791656634,0.00029484968237558726,0.00025940965683496874,0.00022830481342911348,0.0002009931124676012,0.00017700218806474422,0.00015592007159051903,0.00013738720660434614,0.00012108956514426299,0.00010675270520647514,9.413663409118438e-5,8.303136299179625e-5,7.325305546225166e-5,6.4640686920021e-5,5.7053144529894614e-5,5.0366707076818576e-5,4.44728531381782e-5,3.9276353227116916e-5,3.469360783304987e-5,3.065119861404267e-5,2.708462452796973e-5,2.3937198577276284e-5,2.1159084161231456e-5,1.8706452872146203e-5,1.654074801934937e-5,1.462804026607789e-5,1.293846357042531e-5,1.1445721186015891e-5,1.012665281778776e-5,8.96085519536336e-6,7.930349331387995e-6,7.019288601606136e-6,6.213702539068264e-6,5.501271888895824e-6,4.871131039391714e-6,4.3136944368021135e-6,3.8205040219968826e-6,3.384095100687396e-6,2.997878383214145e-6,2.6560362138037348e-6,2.3534312563867104e-6,2.0855261192281036e-6,1.8483125892995782e-6,1.6382493109697233e-6,1.4522068876916866e-6,1.2874195109664413e-6,1.1414423302336708e-6,1.0121138738460485e-6,8.975229153210379e-7,7.959792526384386e-7,7.059879332446136e-7,6.262265136626635e-7,5.555249925191423e-7,4.928480993592155e-7,4.3727965967057654e-7,3.880087902851751e-7,3.4431770865839416e-7,3.0557096555763706e-7,2.712059332916659e-7,2.4072440172300867e-7,2.1368515186874768e-7,1.8969739231706426e-7,1.684149573501921e-7,1.4953117759634372e-7,1.3277434459654955e-7,1.1790369995753659e-7,1.0470588790074235e-7,9.299181724745015e-8,4.129694261146266e-8
0.017249331667064827,0.02591691144782704,0.02099331929467041,0.017380480180379243,0.014567603095097248,0.012310648878375435,0.010465779461154762,0.008938431822660187,0.007662122768750529,0.0065879540103169765,0.005678785764083108,0.004905726877135919,0.004245886752857794,0.0036808652275273496,0.003195698955496054,0.002778103338741837,0.0024179131113162486,0.0021066607177701036,0.00183725285124723,0.0016037185286710831,0.0014010103346937218,0.0012248458614307275,0.0010715799907368186,0.0009381011524856944,0.0008217464358126411,0.000720231675528404,0.0006315935409548501,0.0005541413216299494,0.0004864166033439251,0.000427159405514679,0.0003752796402776964,0.00032983297732645973,0.00029000037320308855,0.00025507066143032244,0.00022442570909303287,0.00019752773285826699,0.00017390843780776353,0.00015315969935181077,0.0001349255549664679,0.00011889531048173705,0.00010479759688354455,9.239523943835965e-5,8.14808223777721e-5,7.187285023835905e-5,6.34124218398481e-5,5.5960345413484354e-5,4.939463390712213e-5,4.3608328348054577e-5,3.850760465276765e-5,3.4010125624127537e-5,3.0043605273264123e-5,2.6544557201306886e-5,2.3457202687048137e-5,2.0732517481704003e-5,1.8327399176255366e-5,1.620393946005213e-5,1.4328787701565462e-5,1.2672594095857013e-5,1.1209522182142613e-5,9.916821885309706e-6,8.77445539169421e-6,7.764769176943359e-6,6.872206371323159e-6,6.083054398404471e-6,5.385223475460837e-6,4.768052128621575e-6,4.222136367453084e-6,3.7391795880705695e-6,3.3118606460458543e-6,2.933717862807752e-6,2.5990470094056726e-6,2.302811556685426e-6,2.040563694434047e-6,1.808374807903227e-6,1.6027742631064242e-6,1.4206954936546551e-6,1.2594285063909498e-6,1.116578031597299e-6,9.900266380473747e-7,8.77902216564606e-7,7.78549308363217e-7,6.905038180291291e-7,6.124707070789767e-7,5.433043126382901e-7,4.819909789189781e-7,4.276337268283852e-7,3.794387199303188e-7,3.367033141527315e-7,2.988055039924886e-7,2.651946004736857e-7,2.3538299565475874e-7,2.0893888586844186e-7,1.8547984106502566e-7,1.6466712096494463e-7,1.4620065054273382e-7,1.2981457768314886e-7,1.1527334498626341e-7,1.0236821572938734e-7,9.09142010333947e-8,8.074734153517068e-8,3.586115117742603e-8
0.014916183057549603,0.022414212205726147,0.0181577087472668,0.015034107064231028,0.012601954375661362,0.010650338290717709,0.009054944391675895,0.007734043483689945,0.0066301738371002394,0.005701071149368214,0.004914633238300298,0.004245886752857794,0.0036750443641815345,0.00318619970545643,0.0027664168299287514,0.002405075078301677,0.0020933856223331743,0.001824027088359631,0.0015908660089415348,0.0013887390957333656,0.001213281460035246,0.0010607895701255886,0.000928110862598204,0.0008125540738884232,0.0007118158648488412,0.0006239203873341058,0.0005471692238514722,0.0004800997078923154,0.0004214500637810797,0.0003701301311314284,0.00032519668905370714,0.00028583258853216807,0.0002513290523247849,0.00022107062072390573,0.00019452231589635023,0.00017121867303230556,0.0001507543473570406,0.00013277605522676048,0.00011697564769181518,0.00010308414773797748,9.08666094107031e-5,8.011767936460905e-5,7.065775990027813e-5,6.232968798496508e-5,5.499585762129924e-5,4.853572375732246e-5,4.284363501960763e-5,3.782695020495446e-5,3.3404399956364476e-5,2.9504660539407318e-5,2.6065111300490554e-5,2.3030751363500824e-5,2.03532545024402e-5,1.7990144028467113e-5,1.5904072006286962e-5,1.4062189236004052e-5,1.2435594262958462e-5,1.0998851246424714e-5,9.729567866054189e-6,8.608025612863348e-6,7.616855811710049e-6,6.740755593605838e-6,5.966238786566234e-6,5.281417342927096e-6,4.675809485391063e-6,4.1401712425781934e-6,3.666348470163683e-6,3.2471468208757336e-6,2.87621744862204e-6,2.5479565109896098e-6,2.2574167767918797e-6,2.0002298574932223e-6,1.7725377661067469e-6,1.5709326679980764e-6,1.3924038290869774e-6,1.2342908892928155e-6,1.0942426968277125e-6,9.70181032870707e-7,8.602686379575874e-7,7.628810236085553e-7,6.765816155837162e-7,6.000998302016404e-7,5.323117337138879e-7,4.722229768114006e-7,4.1895373369428275e-7,3.717254077421971e-7,3.2984889430365233e-7,2.9271421638981777e-7,2.5978137101892686e-7,2.3057224345149245e-7,2.0466346348076324e-7,1.8168009300617952e-7,1.6129004727353325e-7,1.4319916371869284e-7,1.2714684258911766e-7,1.1290219245799931e-7,1.0026062166209167e-7,8.90408236535544e-8,7.908211035655145e-8,7.024205303942997e-8,3.1197197484394754e-8
0.012919996881904816,0.019417021939584223,0.015731118951792245,0.01302602443597739,0.010919577709900402,0.009229193648605333,0.007847253028666512,0.006703001400560293,0.005746691854924879,0.004941733392744979,0.004260332070071343,0.0036808652275273496,0.00318619970545643,0.0027625621274298545,0.0023987506957014113,0.0020855680780662855,0.0018154029025946525,0.001581914330792484,0.0013797900597494958,0.0012045578379698031,0.0010524367544975655,0.0009202185970796951,0.000805172282882953,0.0007049662254538253,0.0006176048057983732,0.0005413760469275952,0.00047480826819176584,0.0004166339947877136,0.00036575977108042976,0.0003212408087778281,0.0002822596174390955,0.00024810793209068503,0.00021817138336949985,0.00019191645860464806,0.0001688793839435196,0.00014865662298970848,0.0001308967400705319,0.0001152934188116731,0.00010157946146198329,8.952162282835959e-5,7.891615604841166e-5,6.958496676561432e-5,6.137228830432949e-5,5.414180380403891e-5,4.7774152412100295e-5,4.2164766009999705e-5,3.7221990816838015e-5,3.2865454840535656e-5,2.90246477668535e-5,2.5637684630393622e-5,2.265022865157205e-5,2.001455206569351e-5,1.768871669825399e-5,1.5635858552748652e-5,1.3823562822074204e-5,1.222331757172305e-5,1.0810035924884473e-5,9.561637938014451e-6,8.458684523082212e-6,7.484056784412145e-6,6.62267500443198e-6,5.861252267566025e-6,5.188078361592746e-6,4.5928301582731645e-6,4.0664051640301995e-6,3.600775354744296e-6,3.188858777279775e-6,2.824406718548521e-6,2.5019045219699335e-6,2.2164843729640746e-6,1.963848585227973e-6,1.7402021034347367e-6,1.5421930981474773e-6,1.3668606681614653e-6,1.2115887877700508e-6,1.0740657425220527e-6,9.522483904626582e-7,8.443306672892322e-7,7.487158247798903e-7,6.639919544486252e-7,5.88910402896796e-7,5.223667330665723e-7,4.633839277141736e-7,4.110975679186237e-7,3.6474275184270953e-7,3.236425472446765e-7,2.871977959445579e-7,2.54878110368535e-7,2.262139213458076e-7,2.007894532455824e-7,1.7823651722537308e-7,1.582290264320864e-7,1.404781484130875e-7,1.2472802001977552e-7,1.1075195897048574e-7,9.834911399867867e-8,8.734150238300922e-8,7.757138969620453e-8,6.889897190481697e-8,6.12003246568902e-8,2.7182794361400563e-8
0.011207378248599714,0.01684528490247128,0.013648802263976412,0.0113027018910562,0.009475665099627384,0.008009397011981167,0.0068105944678057695,0.0058179139884328435,0.004988224370975847,0.0042897997980515246,0.003698541009007364,0.003195698955496054,0.0027664168299287514,0.0023987506957014113,0.002082986179710866,0.0018111468309135736,0.001576631307359369,0.0013739399216152574,0.001198464841341354,0.0010463266805115536,0.0009142455698890571,0.0007994382943064711,0.0006995354316590031,0.0006125140410788658,0.0005366425783335637,0.0004704355239536825,0.00041261579644490294,0.00036208345555408927,0.0003178895241192619,0.00027921400182994317,0.0002453473318469006,0.00021567472624881272,0.0001896628695236039,0.0001668486086012994,0.00014682930874293336,0.00012925461126007476,0.00011381937468093887,0.00010025761787353952,8.8337313774744e-5,7.785590700915826e-5,6.863644894008819e-5,6.0524260459104105e-5,5.338404672062874e-5,4.709739961275962e-5,4.1560633414044904e-5,3.668290721508063e-5,3.238459450657515e-5,2.8595866081533496e-5,2.5255457272157112e-5,2.230959466457662e-5,1.9711060937822064e-5,1.741837945854754e-5,1.5395102802321964e-5,1.3609191551083681e-5,1.2032471576598798e-5,1.0640159613193559e-5,9.41044829519115e-6,8.324143012849457e-6,7.364343953492931e-6,6.516167572216469e-6,5.766502488168478e-6,5.1037954573995565e-6,4.517863637294218e-6,3.999729845657529e-6,3.541477941821806e-6,3.136125824446936e-6,2.777513860519183e-6,2.460206836190184e-6,2.1794077622877352e-6,1.9308820771769423e-6,1.7108909720219592e-6,1.5161327231190115e-6,1.3436910549954173e-6,1.1909896790004037e-6,1.0557522582755783e-6,9.359671420825252e-7,8.298562935816127e-7,7.35847905869256e-7,6.52552262667917e-7,5.787404544209445e-7,5.133256078877067e-7,4.553463287910729e-7,4.039520936456022e-7,3.583903585946313e-7,3.1799518122888477e-7,2.8217717592655274e-7,2.504146447161091e-7,2.222457447059758e-7,1.9726156967659344e-7,1.7510003812547793e-7,1.554404928139874e-7,1.3799892822209386e-7,1.2252377223736186e-7,1.087921571166872e-7,9.66066224805302e-8,8.579219984297424e-8,7.619383415273728e-8,6.767410307064253e-8,6.011119931186645e-8,5.339714547141397e-8,2.371810717009551e-8
0.009734518250290092,0.014633311942403748,0.011857627064491394,0.009820210060234175,0.008233443126808626,0.0069599099687935595,0.005918612876273169,0.005056297767996182,0.004335520246709038,0.0037287366855364157,0.0032150239401751296,0.002778103338741837,0.002405075078301677,0.0020855680780662855,0.0018111468309135736,0.0015748846300781306,0.0013710486241967114,0.0011948624386277362,0.0010423240515217008,0.0009100639384449841,0.0007952331461420683,0.0006954139932523404,0.0006085481333860318,0.0005328781157078345,0.0004668995595358688,0.000409321760349789,0.00035903505398934225,0.00031508364133340464,0.0002766428565979858,0.00024300007487237235,0.00021353861736715662,0.00018772413872232942,0.0001650930790235961,0.00014524284066900388,0.00012782341169758574,0.00011253020637310741,9.909793343352712e-5,8.72953344421086e-5,7.692066083761365e-5,6.779777966558673e-5,5.977281555840882e-5,5.271125108475389e-5,4.649541965572783e-5,4.1022335232150675e-5,3.620181146248339e-5,3.195482993853006e-5,2.8212123179633493e-5,2.4912942944955334e-5,2.2003988704451358e-5,1.9438474678715645e-5,1.717531689986862e-5,1.5178424337815072e-5,1.3416080341291435e-5,1.1860402535253866e-5,1.0486870931704367e-5,9.273915394938362e-6,8.202554793972333e-6,7.256081198408728e-6,6.419783353803395e-6,5.680704435008724e-6,5.027429728892842e-6,4.449900466838664e-6,3.939250517440835e-6,3.48766307384422e-6,3.0882448388171095e-6,2.7349155298050487e-6,2.4223108041268655e-6,2.1456969444274768e-6,1.9008958549750538e-6,1.6842191017603006e-6,1.4924098878555857e-6,1.3225919942277564e-6,1.1722248370377935e-6,1.0390638976658057e-6,9.211258739857173e-7,8.166579814700077e-7,7.241109032261119e-7,6.421149495462855e-7,5.694590410998696e-7,5.050721771623328e-7,4.480070914433415e-7,3.974258341266654e-7,3.5258705054386043e-7,3.128347544723965e-7,2.775884185276039e-7,2.4633422548635915e-7,2.1861734304780212e-7,1.9403510110185224e-7,1.7223096497445963e-7,1.5288921090317798e-7,1.3573022109615398e-7,1.2050632560966628e-7,1.0699812691077956e-7,9.50112505726996e-8,8.437347226951943e-8,7.493217710563756e-8,6.655211251237071e-8,5.911340051395535e-8,5.2509779171298045e-8,4.664704657211558e-8,2.0720841930083862e-8
0.0084651891112755,0.012726776445161125,0.010313649218249954,0.008542213618210781,0.007162493633833339,0.006055056815897075,0.005149504918855546,0.004399551897636425,0.0037726519665540192,0.0032448641398711564,0.002798001348295963,0.0024179131113162486,0.0020933856223331743,0.0018154029025946525,0.001576631307359369,0.0013710486241967114,0.0011936703575413515,0.0010403434230984165,0.00090758786184892,0.0007924735497401147,0.0006925229175585093,0.0006056333350470764,0.0005300145841142835,0.000464138062433268,0.0004066952115732488,0.0003565632729005319,0.00031277691715933444,0.0002745046199687578,0.00024102889953483975,0.00021172971752578956,0.0001860704855815602,0.00016358622931565833,0.00014387354709126257,0.00012658206819766288,0.00011140716847157176,9.808374414817331e-5,8.638087915608067e-5,7.609726890203477e-5,6.705728632731204e-5,5.9107594602759474e-5,5.21142261130118e-5,4.5960060028680974e-5,4.0542641252893415e-5,3.5772292269835066e-5,3.157047671107174e-5,2.786837958997665e-5,2.460567430358836e-5,2.1729450837827365e-5,1.919328329000352e-5,1.6956417934332045e-5,1.4983065700737482e-5,1.3241785190810473e-5,1.1704944271918166e-5,1.0348249935590619e-5,9.150337511007456e-6,8.092411527721232e-6,7.157931558077137e-6,6.3323372598222895e-6,5.6028076045051535e-6,4.958049940321358e-6,4.3881151059100865e-6,3.884235306507154e-6,3.4386818900701012e-6,3.044640529821918e-6,2.6961016403401086e-6,2.3877641319554267e-6,2.1149508500005704e-6,1.8735342542077347e-6,1.659871076675572e-6,1.470744855506529e-6,1.3033153791285617e-6,1.155074197042121e-6,1.023805457889781e-6,9.075514273021084e-7,8.045821182913527e-7,7.133685366405323e-7,6.325591051180348e-7,5.609588838628058e-7,4.975112508967782e-7,4.412817478680778e-7,3.9144383196807103e-7,3.4726630635182827e-7,3.081022290872249e-7,2.733791246618384e-7,2.4259034339238995e-7,2.152874326892896e-7,1.9107340038519821e-7,1.6959676476357283e-7,1.5054629846304507e-7,1.3364638456894525e-7,1.1865291287118153e-7,1.0534965287589219e-7,9.354504767736978e-8,8.306937940106363e-8,7.377226278239544e-8,6.552042855915571e-8,5.819576288369445e-8,5.169357294298669e-8,4.59210524655637e-8,4.079592389696303e-8,1.812261837398662e-8
0.007369233375655232,0.011080450499579841,0.008980281918263916,0.007438458788659508,0.006237488150554554,0.005273456799697679,0.004485113449949993,0.0038321853308485726,0.003286354160657104,0.0028267881244014026,0.0024376615331753726,0.0021066607177701036,0.001824027088359631,0.001581914330792484,0.0013739399216152574,0.0011948624386277362,0.0010403434230984165,0.0009067678879533213,0.0007911066024459176,0.0006908088226252433,0.0006037176503680877,0.0005280025001574099,0.00046210469335560174,0.0004046932580108447,0.00035462875418664115,0.0003109334746962478,0.00027276675623162487,0.00023940441976473548,0.00021022157142142409,0.0001846781556625915,0.00016230677572480435,0.0001427023914328451,0.00012551357881104928,0.00011043509450624081,9.720153450677315e-5,8.558191382466735e-5,7.537502376041391e-5,6.64054475830332e-5,5.852013523835486e-5,5.1585453867662896e-5,4.5484644215944845e-5,4.011562401360833e-5,3.5389088540392936e-5,3.122686618593578e-5,2.7560493162864645e-5,2.4329976866244705e-5,2.148272185366161e-5,1.8972596193877762e-5,1.675911913268937e-5,1.4806753732631071e-5,1.3084290444690988e-5,1.1564309531527159e-5,1.0222711930236875e-5,9.03830957462611e-6,7.992467419594743e-6,7.068790457676657e-6,6.252849919884031e-6,5.5319436278028884e-6,4.8948861299572644e-6,4.3318248327251755e-6,3.834078830472888e-6,3.3939975704823686e-6,3.004836859355312e-6,2.660650038740139e-6,2.3561924374794672e-6,2.0868374490541337e-6,1.848502793761893e-6,1.6375857068795876e-6,1.4509059535547065e-6,1.2856557093843543e-6,1.1393554657699752e-6,1.009815224301954e-6,8.951003360350575e-7,7.935014212784681e-7,7.035078755004338e-7,6.237845276541163e-7,5.531510707158816e-7,4.905639308586706e-7,4.351002823004352e-7,3.8594395072601265e-7,3.4237297941485114e-7,3.037486595618587e-7,2.695058504182695e-7,2.391444358018415e-7,2.1222178210640077e-7,1.8834607916185734e-7,1.6717045946739781e-7,1.4838780389870073e-7,1.3172615292287325e-7,1.1694465206421217e-7,1.0382996879367626e-7,9.219312552146682e-8,8.186669992915472e-8,7.270234963728017e-8,6.456862330990329e-8,5.7349024757019207e-8,5.0940300545689946e-8,4.5250925103994555e-8,4.019976034709677e-8,3.5714869561428976e-8,1.586623382912163e-8
