0.06134155474840841,0.10207327914721542,0.089026101675719,0.07878738859516954,0.07031673792011195,0.06311759057654687,0.056896126239820655,0.051457539140231434,0.04666312120778027,0.04240915624389596,0.03861528765285349,0.03521756156373779,0.032164000975942186,0.02941165020465919,0.0269245224282727,0.024672127680053446,0.022628388215238993,0.020770820748479246,0.019079907618022196,0.01753860488712472,0.016131951766242103,0.014846756380967607,0.013671339999358767,0.01259532667514529,0.01160946863470902,0.01070550012334695,0.00987601415420275,0.009114357865292605,0.008414543130043417,0.0077711697700256765,0.007179359257985823,0.006634697212502205,0.006133183305391268,0.005671187456391183,0.005245411388385357,0.004852854775376253,0.004490785344281864,0.004156712393487014,0.003848363276604261,0.003563662469162815,0.003300712892164548,0.003057779214363579,0.002833272894351299,0.0026257387570890675,0.002433842926506384,0.002256361959962698,0.002092173050481712,0.0019402451791638298,0.001799631115187418,0.0016694601732228365,0.0015489316488273494,0.0014373088619642552,0.0013339137464833083,0.0012381219307517864,0.0011493582608012205,0.0010670927224655513,0.0009908367238939952,0.0009201397039334085,0.0008545860354026193,0.0007937921957408937,0.0007374041800437582,0.0006850951342286041,0.00063656318832119,0.0005915294717079803,0.0005497362940741907,0.0005109454772722604,0.00047493682488495594,0.00044150671734346364,0.0004104668217136363,0.00038164290629990466,0.00035487375103571486,0.0003300101455145218,0.00030691396725407785,0.0002854573334240655,0.0002655218199321815,0.00024699774222439533,0.0002297834927043902,0.00021378493014267193,0.0001989148167846292,0.00018509229928707557,0.00017224242993176507,0.00016029572484956662,0.00014918775630996025,0.00013885877632196413,0.00012925336905824465,0.00012032012983176268,0.00011201136850539153,0.00010428283542356564,9.709346808749902e-5,9.040515696855252e-5,8.418252895225561e-5,7.839274704915912e-5,7.300532512065773e-5,6.799195645141643e-5,6.332635510962925e-5,5.898410911128228e-5,5.4942544485362494e-5,5.118059941480865e-5,4.767870767916256e-5,4.441869069558607e-5,2.0691828756536144e-5
0.10207327914721542,0.16986797040457535,0.14816555016817512,0.1311335710388306,0.11704193156686582,0.10506489837210076,0.09471387487771787,0.08566491600793547,0.07768736107121299,0.07060873670437706,0.06429541358506641,0.05864103791752018,0.05355917177705649,0.04897837841690722,0.04483880933593121,0.04108975655710656,0.03768784906197664,0.03459569299371246,0.031780826017214325,0.029214899383887882,0.026873028475508765,0.02473327029713135,0.022776198176659157,0.020984551981774957,0.019342947771153085,0.017837634767151722,0.016456290410393037,0.015187846355224521,0.014022339828108077,0.01295078594038579,0.011965067443837518,0.011057839104551881,0.010222444402389924,0.009452842684680302,0.008743545233230371,0.008089558968033289,0.0074863367253180935,0.006929733216950895,0.006415965920400835,0.005941580263650922,0.005503418562908549,0.005098592250646156,0.004724456996720833,0.004378590381123343,0.004058771821756069,0.0037629645008458307,0.003489299067034407,0.003236058917617468,0.0030016668903509666,0.002784673214883869,0.002583744591738775,0.0023976542826839725,0.0022252731091303504,0.0020655612674123844,0.001917560880080986,0.0017803892108317135,0.0016532324788529756,0.0015353402152145333,0.0014260201097816422,0.0013246333028938302,0.001230590080254279,0.0011433459340146057,0.0010623979567790792,0.0009872815383340575,0.0009175673380264586,0.0008528585082506167,0.0007927881470295717,0.0007370169594993255,0.0006852311101879453,0.0006371402497051329,0.0005924757008198521,0.0005509887903758885,0.0005124493147236377,0.00047664412740620193,0.00044337583894428836,0.0004124616193296408,0.0003837320947510433,0.00035703033085085663,0.0003322108953732715,0.00030913899376477667,0.0002876896718176482,0.0002677470799216618,0.00024920379402329756,0.00023196018870985137,0.00021592385827792337,0.00020100908200782353,0.000187136330116534,0.00017423180720907037,0.0001622270302683959,0.0001510584385120894,0.00014066703260659508,0.00013099804096917403,0.0001220006110738631,0.00011362752381663703,0.00010583492917737043,9.858210154086236e-5,9.183121317361516e-5,8.554712448260527e-5,7.969718976739591e-5,7.425107729461429e-5,3.4590301310333054e-5
0.089026101675719,0.14816555016817512,0.129242388854228,0.11439086598334525,0.10210274509539907,0.09165818509522006,0.08263124740723216,0.07473952945993911,0.06778194956955863,0.06160815077284698,0.056101638213991833,0.051169694276129496,0.046736962821678496,0.04274116484278356,0.03913012327573151,0.03585962923699848,0.03289186979922898,0.03019424261865067,0.02773844442483475,0.02549975800811266,0.023456486075021876,0.021589495768333578,0.019881847924091922,0.018318492158375776,0.016886013763685204,0.015572421855912566,0.014366970717550054,0.013260008112196187,0.012242845707990974,0.011307647767004075,0.010447335039512423,0.009655501401069688,0.008926341233807089,0.008254585920712515,0.00763544810968636,0.007064572634558758,0.0065379931670319635,0.006052093821139706,0.0056035750557757585,0.005189423321234857,0.004806883977187454,0.004453437078961883,0.004126775685856551,0.003824786393847923,0.0035455318341498787,0.003287234914129425,0.0030482646062294574,0.002827123114456022,0.002622434269734658,0.0024329330234316646,0.002257455923905881,0.0020949324748361017,0.0019443772852160285,0.0018048829315672477,0.0016756134618705898,0.001555798478121817,0.0014447277415314194,0.0013417462503468904,0.0012462497453879194,0.0011576806034012746,0.00107552408200794,0.0009993048839724503,0.0009285840117839658,0.0008629558862243668,0.0008020457053172086,0.0007455070222611611,0.0006930195231551663,0.0006442869869097371,0.0005990354115562608,0.0005570112926684967,0.000517980040797443,0.0004817245261046002,0.0004480437394495211,0.00041675156011133745,0.0003876756212887423,0.00036065626518982496,0.00033554558032039983,0.00031220651425433767,0.0002905120556602244,0.00027034447996850033,0.00025159465352571266,0.00023416139149588788,0.00021795086523501185,0.00020287605514171612,0.00018885624537285338,0.00017581655712846887,0.0001636875174293815,0.00015240466061356046,0.00014190815996948086,0.00013214248717591075,0.00012305609735933183,0.00011460113778888814,0.00010673317839120537,9.941096238842099e-5,9.259617552196862e-5,8.625323243328714e-5,8.03490788899232e-5,7.485300865850051e-5,6.973649390019411e-5,6.497302806703336e-5,3.026899018093287e-5
0.07878738859516954,0.1311335710388306,0.11439086598334525,0.10125008498173083,0.09037702255793323,0.08113489937849017,0.07314692569220638,0.0661632848427447,0.06000609698344683,0.05454235339760305,0.049668999713866624,0.04530401479724022,0.04138073537031528,0.03784406609569124,0.03464784775074525,0.03175296972508479,0.02912597925502458,0.02673803286459764,0.024564090062574928,0.02258228262783135,0.02077341381162162,0.01912055543139607,0.017608719920864158,0.016224590611153278,0.014956297841119348,0.013793231556490038,0.012725883273161542,0.011745711898240668,0.01084502910773591,0.010016900881536811,0.009255062487984606,0.008553844740169625,0.00790810975611897,0.007313194779948767,0.006764862875855371,0.006259259510607504,0.0057928742054221966,0.005362506568688141,0.004965236130650447,0.004598395489973595,0.0042595463541656164,0.003946458117283391,0.003657088668622299,0.0033895671691208246,0.0031421785667854057,0.0029133496534444053,0.0027016364909196802,0.0025057130558506363,0.0023243609716407793,0.002156460211911418,0.002000980673618029,0.001856974530262824,0.0017235692854951773,0.001599961456820155,0.001485410827052256,0.0013792352077008074,0.0012808056647666474,0.0011895421627001364,0.0011049095867921993,0.0010264141087076122,0.0009535998631118002,0.0008860459068432483,0.0008233634349671566,0.0007651932304210182,0.0007112033263681795,0.0006610868623297787,0.0006145601171150122,0.0005713607029734624,0.0005312459070009618,0.0004939911671596603,0.0004593886713227281,0.0004272460688899884,0.0003973852854680573,0.0003696414319257976,0.00034386179998954075,0.0003199049371323051,0.00029763979421662274,0.000276944939947869,0.00025770783662882116,0.0002398241722460434,0.00022319724432762374,0.00020773739137767804,0.0001933614681052945,0.000179992360910642,0.00016755854043227787,0.0001559936482391027,0.00014523611494384478,0.0001352288072831282,0.0001259187018789916,0.00011725658361917083,0.00010919676671873602,0.00010169683671047225,9.471741175512134e-5,8.822192176961363e-5,8.217640401237541e-5,7.654931386089775e-5,7.13113496205414e-5,6.643529030363107e-5,6.189584538341775e-5,5.766951561847651e-5,2.686723205891817e-5
0.07031673792011195,0.11704193156686582,0.10210274509539907,0.09037702255793323,0.08067448080687334,0.0724270318292819,0.06529853148575482,0.059066111398825116,0.053571079506631536,0.04869477406164735,0.044345256021877444,0.040449350352842695,0.03694758292995248,0.033790799505279634,0.030937817832666137,0.028353743816356025,0.026008730805965552,0.023877044177697038,0.021936342033958556,0.020167112546018495,0.01855222719555527,0.017076581344909247,0.015726801675276292,0.01449100557225741,0.013358601394979519,0.012320121296310771,0.011367080238285643,0.010491856290530843,0.009687588374740652,0.008948088422689154,0.008267765532299132,0.007641560178947404,0.007064886904966178,0.006533584200150294,0.0060438705133814,0.005592305517275645,0.005175755895151263,0.00479136503609752,0.004436526121745152,0.0041088581675537555,0.0038061846457206894,0.0035265143716208813,0.0032680243805411763,0.003029044559858307,0.0028080438326494733,0.002603617716381318,0.0024144771033227305,0.002239438128185653,0.0020774130056611176,0.001927401734711398,0.001788484578764793,0.001659815241911708,0.0015406146699944064,0.0014301654138936075,0.0013278064993778073,0.0012329287537228562,0.001144970544923355,0.0010634138940194132,0.0009877809250949596,0.0009176306214635638,0.0008525558594485588,0.0007921806942880437,0.0007361578752677327,0.0006841665693028062,0.0006359102743361527,0.0005911149056636276,0.000549527040036522,0.0005109123036431216,0.00047505389150606127,0.0004417512070179642,0.00041081861127398485,0.00038208427287364944,0.00035538910970931044,0.0003305858149876108,0.0003075379604921035,0.00028611917062119647,0.0002662123613649753,0.0002477090389174678,0.00023050865300784217,0.00021451800051576486,0.0001996506753010668,0.00018582656050420516,0.00017297135994203718,0.00016101616544188886,0.00014989705726153012,0.00013955473499205817,0.00012993417651317816,0.00012098432280973183,0.00011265778660985576,0.00010491058300365116,9.770188031303271e-5,9.09937696483142e-5,8.475105171544149e-5,7.894103953316961e-5,7.35333758453598e-5,6.849986409929198e-5,6.381431195353845e-5,5.9452386368274166e-5,5.53914793893441e-5,5.1610583818635257e-5,2.4045089015018437e-5
0.06311759057654687,0.10506489837210076,0.09165818509522006,0.08113489937849017,0.0724270318292819,0.06502485320316609,0.058626751042816894,0.05303275170707189,0.04810046475246699,0.04372341743023389,0.0398191141956602,0.0363218956491812,0.033178395614847256,0.030344507481960936,0.027783277564265463,0.025463394262748906,0.023358074845786114,0.021444226149292867,0.01970179918974302,0.01811328432504644,0.01666331040521918,0.015338322278062255,0.014126318291356132,0.013016634404076521,0.011999764979688105,0.01106721278525541,0.010211362493620313,0.009425373281233274,0.008703087079001914,0.008038949755296732,0.007427943063882392,0.006865525613633711,0.006347581445083211,0.005870375058912247,0.0054305119454379075,0.0050249038272588,0.0046507379594669385,0.004305449936341285,0.003986699541205424,0.0036923492472059477,0.0034204450344455795,0.0031691992380784295,0.0029369751822176174,0.0027222733889459075,0.002523719179386971,0.0023400515086111004,0.00217011289678333,0.0020128403358815952,0.0018672570667114807,0.0017324651336783556,0.0016076386358006359,0.001492017602273417,0.0013849024287823676,0.001285648818312387,0.0011936631765340384,0.001108398417090168,0.0010293501371432395,0.0009560531277616885,0.000888078187342229,0.0008250292098178243,0.0007665405219941732,0.0007122744471608957,0.0006619190744312567,0.000615186215164933,0.0005718095297538653,0.0005315428096153655,0.0004941584007976882,0.00045944575672598326,0.0004272101089042319,0.0003972712454526645,0.00036946238820018823,0.00034362915996078575,0.00031962863438127556,0.00029732846140179386,0.0002766060620541322,0.0002573478867947659,0.0002394487321344483,0.00022281111080447134,0.0002073446710467849,0.00019296566104763267,0.00017959643486172537,0.00016716499646684483,0.0001556045789191116,0.00014485325577510326,0.00013485358222044145,0.00012555226356833309,0.00011689984894624117,0.00010885044820379284,0.00010136147021090917,9.439338089345275e-5,8.790947945384094e-5,8.187569137220788e-5,7.626037689883428e-5,7.103415383418127e-5,6.616973350587717e-5,6.164176892891845e-5,5.742671421852651e-5,5.3502694405285637e-5,4.984938485464428e-5,4.644789956576587e-5,2.1640343842329788e-5
0.056896126239820655,0.09471387487771787,0.08263124740723216,0.07314692569220638,0.06529853148575482,0.058626751042816894,0.05285980343491414,0.047817493547920864,0.04337151377827497,0.0394259214035364,0.03590637912570027,0.03275372035679025,0.029919855667025153,0.027365039215567433,0.025055970505516,0.022964433008611507,0.02106629107574881,0.019340733670986487,0.01776969283565627,0.016337388796203223,0.0150299687739478,0.013835216397810157,0.012742315177598829,0.011741653974760707,0.010824665525727778,0.009983691281255813,0.009211867423220194,0.008503028087528897,0.007851622691146698,0.007252644911592193,0.006701571366124537,0.006194308419972858,0.005727145848671428,0.005296716313902064,0.0048999597960022595,0.004534092273270812,0.00419657805735929,0.0038851052882041964,0.0035975641710360162,0.0033320276020424727,0.0030867338812313114,0.002860071255345202,0.002650564069941297,0.002456860340779493,0.002277720579591927,0.0021120077316661573,0.0019586781012664034,0.0018167731561621603,0.001685412116407596,0.0015637852439898577,0.001451147759895275,0.001346814323996557,0.0012501540202719853,0.001160585796667335,0.0010775743146210354,0.0010006261679944423,0.0009292864356883167,0.0008631355360273242,0.000801786354254163,0.0007448816176770269,0.0006920914953497219,0.000643111401690117,0.0005976599855221434,0.0005554772877385244,0.0005163230525170193,0.00047997517843195725,0.00044622829720975324,0.00041489246888844374,0.0003857919833017403,0.00035876425876690647,0.0003336588296123785,0.00031033641500087875,0.00028866806218698707,0.0002685343579375138,0.0002498247024593026,0.000232436640603937,0.00021627524562814644,0.00020125255121978321,0.00018728702781174765,0.0001743030995962451,0.00016223069894661605,0.00015100485521796388,0.00014056531519557238,0.0001308561926366119,0.0001218256445970887,0.00011342557243784529,0.00010561134554270147,9.834154597562652e-5,9.157773242628544e-5,8.528422195401065e-5,7.94278881305129e-5,7.397797431516503e-5,6.890592090051098e-5,6.418520544276374e-5,5.979119469397016e-5,5.570100762183352e-5,5.1893388578154584e-5,4.8348589849168564e-5,4.504826286829138e-5,4.1975357437546226e-5,1.9557014178987102e-5
0.051457539140231434,0.08566491600793547,0.07473952945993911,0.0661632848427447,0.059066111398825116,0.05303275170707189,0.047817493547920864,0.0432574255766901,0.03923654672924415,0.03566811617264909,0.03248492590858931,0.029633483304256192,0.027070310224822758,0.024759471697876234,0.02267085977502531,0.020778962763409292,0.019061958372987353,0.01750103000899278,0.016079841031658493,0.014784123509615443,0.013601351685233076,0.012520479268879836,0.011531725606698212,0.010626399816103832,0.009796754802329027,0.009035865065744969,0.008337523654461998,0.007696154671922473,0.007106738535134882,0.006564747767161511,0.006066091558471848,0.005607067677238162,0.005184320575989984,0.004794804753893711,0.004435752600049789,0.004104646076067156,0.003799191703899349,0.0035172984100521054,0.0032570578487675916,0.0030167268846836293,0.0027947119624464126,0.0025895551308105433,0.00239992152153861,0.002224588111467675,0.002062433618642924,0.0019124294036341402,0.0017736312639581447,0.0016451720233102846,0.0015262548298519418,0.0014161470881734022,0.0013141749585289624,0.0012197183649461062,0.0011322064602350135,0.0010511135020725496,0.0009759550994964256,0.0009062847934129953,0.0008416909388262103,0.0007817938599305723,0.0007262432521584726,0.0006747158081666458,0.0006269130468579218,0.0005825593268186501,0.000541400027431917,0.0005031998824744192,0.00046774145257392867,0.00043482372417808467,0.0004042608239572393,0.00037588083847826803,0.0003495247300355133,0.00032504534039187044,0.0003023064748670203,0.0002811820599510004,0.0002615553682390869,0.00024331830501676636,0.00022637075138077275,0.0002106199591663232,0.00019597999341112483,0.00018237121847654476,0.00016971982422888787,0.00015795738903627305,0.00014702047660334608,0.00013685026390462384,0.00012739219774664115,0.00011859567764852972,0.0001104137629536284,0.0001028029022672218,9.572268344138759e-5,8.913560250328962e-5,8.300685003386973e-5,7.730411364933478e-5,7.199739531936391e-5,6.705884237675434e-5,6.246259116712231e-5,5.818462235698189e-5,5.4202627010700895e-5,5.049588260953083e-5,4.704513825369767e-5,4.3832508353961516e-5,4.084137416174218e-5,3.805629254641815e-5,1.7731455738631617e-5
0.04666312120778027,0.07768736107121299,0.06778194956955863,0.06000609698344683,0.053571079506631536,0.04810046475246699,0.04337151377827497,0.03923654672924415,0.03559040782778233,0.032354465551123424,0.029467794743818887,0.026881903098001314,0.024557376339003067,0.022461637982503335,0.020567393676546697,0.018851515529172747,0.017294220063283183,0.015878448450233895,0.014589389938575725,0.013414109069346314,0.01234124968100514,0.01136079677376875,0.01046388267647258,0.009642627630037731,0.008890007457127341,0.008199742797305426,0.007566205696673378,0.0069843402974954505,0.0064495950857614,0.005957864687610934,0.005505439614362936,0.005088962669051039,0.004705390969698603,0.004351962736603834,0.004026168141491149,0.0037257236368248847,0.0034485492812287577,0.0031927486541169364,0.002956591017449245,0.002738495435000647,0.0025370166021199195,0.0023508321752595956,0.0021787314202721675,0.002019605023896573,0.001872435933284261,0.0017362911067375225,0.0016103140740683919,0.0014937182174762746,0.001385780695212821,0.00128583693970441,0.0011932756699401872,0.0011075343651895247,0.0010280951529357714,0.0009544810694860385,0.0008862526563955531,0.0008230048597131397,0.0007643642027745576,0.0007099862063847575,0.00065955303290113,0.0006127713333542225,0.000569370278655645,0.0005290997580136864,0.0004917287293811894,0.00045704370816300986,0.0004248473818326756,0.0003949573392626757,0.00036720490472585965,0.0003414340673539148,0.00031750049779016333,0.0002952706445598502,0.0002746209033008991,0.0002554368526701189,0.0002376125512999457,0.0002210498906636488,0.00020565799921229509,0.00019135269349473136,0.00017805597238947524,0.0001656955509308014,0.00015420443046730353,0.0001435205022110096,0.00013358618147687237,0.0001243480701287143,0.00011575664499205093,0.0001077659701386219,0.00010033343114974674,9.341948963103512e-5,8.698745636511926e-5,8.100328164807515e-5,7.543536145548186e-5,7.025435821598884e-5,6.543303504411534e-5,6.094610239359738e-5,5.677007617771088e-5,5.288314646621165e-5,4.9265055952122e-5,4.589698743843985e-5,4.276145965632352e-5,3.9842230785644504e-5,3.7124209087489434e-5,3.4593370112164304e-5,1.6118339995294475e-5
0.04240915624389596,0.07060873670437706,0.06160815077284698,0.05454235339760305,0.04869477406164735,0.04372341743023389,0.0394259214035364,0.03566811617264909,0.032354465551123424,0.029413530870783244,0.02678995980828014,0.024439695334725342,0.02232692784070861,0.02042205986549478,0.018700292779698036,0.01714061319892668,0.01572504615961362,0.014438092065721053,0.013266293728237954,0.012197897694423365,0.011222585339938057,0.010331256525679733,0.00951585350289047,0.00876921608520459,0.008084961427997,0.007457383399533862,0.0068813677182632815,0.0063523198995915076,0.005866103702739031,0.005418988252474638,0.0050076023819338455,0.004628895027229296,0.004280100724713909,0.0039587094362200925,0.0036624400644031663,0.0033892171297317114,0.003137150169379828,0.0029045154883732965,0.0026897399522175583,0.0024913865579102926,0.0023081415589255305,0.0021388029527418737,0.0019822701664787903,0.0018375347993071015,0.0017036722988541253,0.00157983446547022,0.0014652426920646645,0.0013591818585641027,0.0012609948103772008,0.0011700773587895556,0.0010858737486053628,0.0010078725449447386,0.0009356028963944281,0.0008686311367728794,0.0008065576920211655,0.0007490142622447564,0.0006956612523110438,0.0006461854272365782,0.0006002977710244904,0.0005577315299969323,0.0005182404234051578,0.00048159700598129386,0.0004475911686440768,0.0004160287648447957,0.00038673035133232007,0.0003595300331647056,0.00033427440384292424,0.00031082157219452025,0.0002890402684994223,0.00026880902306429186,0.0002500154110145949,0.0002325553576843888,0.00021633249949256847,0.00020125759563300542,0.0001872479863652258,0.00017422709400835307,0.0001621239631205214,0.00015087283666709306,0.00014041276521353525,0.0001306872464694529,0.00012164389272986556,0.00011323412395636105,0.00010541288446277042,9.813838130120762e-5,9.137184262811293e-5,8.507729448032795e-5,7.922135449483429e-5,7.377304125035823e-5,6.870359800011843e-5,6.398632968491699e-5,5.959645218284919e-5,5.551095285151182e-5,5.170846149596658e-5,4.816913095311427e-5,4.4874526559130694e-5,4.180752381827753e-5,3.8952213647253076e-5,3.6293814623208475e-5,3.3818591698684536e-5,3.1513780895800004e-5,1.4683759766157521e-5
0.03861528765285349,0.06429541358506641,0.056101638213991833,0.049668999713866624,0.044345256021877444,0.0398191141956602,0.03590637912570027,0.03248492590858931,0.029467794743818887,0.02678995980828014,0.024401037307159756,0.022260924566885443,0.02033702580965352,0.018602399623305788,0.01703447254590723,0.015614116492513597,0.014324968992837306,0.013152920699321946,0.012085721306799607,0.011112671295182425,0.01022437717048566,0.009412554550188607,0.008669867882408089,0.007989798624017608,0.0073665358160926175,0.006794884491572756,0.006270188433038046,0.005788264589470626,0.005345347050005375,0.004938038913391715,0.004563270729949345,0.00421826445174904,0.0039005020271322965,0.0036076979344785293,0.003337775074645402,0.0030888435410954262,0.002859181867466573,0.0026472204161446106,0.002451526624982589,0.0022707918727054716,0.002103819758746295,0.00194951562328316,0.001806877157812685,0.0016749859776224937,0.001553000044412351,0.0014401468424643134,0.0013357172243604505,0.0012390598525719512,0.0011495761726460565,0.0010667158614902396,0.0009899727009814834,0.0009188808331282994,0.0008530113578270916,0.0007919692388623778,0.0007353904876697334,0.0006829395975772728,0.0006343072043184638,0.0005892079511835829,0.0005473785393857403,0.0005085759463877067,0.00047257579651719533,0.0004391708699108838,0.00040816973723661713,0.00037939550880270595,0.00035268468783977453,0.000327886118695107,0.00030486002163345686,0.00028347710662276863,0.00026361775927029665,0.0002451712927245501,0.00022803525987079992,0.00021211482070383238,0.00019732216022474644,0.00018357595260789063,0.00017080086780215309,0.00015892711701831486,0.00014789003389980866,0.00013762968846649324,0.00012809053113268512,0.00011922106436525583,0.00011097353974758853,0.0001033036783939993,9.617041286143148e-5,8.953564882460143e-5,8.336404494811928e-5,7.762280952605346e-5,7.228151255366964e-5,6.731191202773764e-5,6.268779335468454e-5,5.8384820855099905e-5,5.438040041410219e-5,5.0653552417819934e-5,4.718479418666557e-5,4.3956031168336084e-5,4.095045622268354e-5,3.815245637762445e-5,3.554752648612025e-5,3.312218926339501e-5,3.08639212155355e-5,2.876108401531172e-5,1.3401430458875917e-5
0.03521756156373779,0.05864103791752018,0.051169694276129496,0.04530401479724022,0.040449350352842695,0.0363218956491812,0.03275372035679025,0.029633483304256192,0.026881903098001314,0.024439695334725342,0.022260924566885443,0.020309028497623394,0.018554288749531078,0.016972141938936147,0.01554200687307472,0.014246443458737934,0.013070532978616711,0.01200141086551515,0.01102790743021631,0.01014026683234992,0.009329923941110263,0.008589324814316346,0.00791178057537889,0.007291347235321793,0.006722725933622831,0.006201179435989829,0.005722461714542326,0.005282758156989281,0.004878634488488645,0.004506992891668032,0.004165034118486524,0.0038502246236919307,0.0035602679323105957,0.0032930795983738687,0.0030467652256024394,0.0028196011115589337,0.0026100171503916983,0.002416581687454046,0.002237988067937388,0.002073042661215496,0.0019206541746938366,0.0017798240983283517,0.0016496381433734678,0.001529258558088692,0.0014179172185263614,0.001314909406336804,0.001219588197010818,0.0011313593913927257,0.0010496769318685956,0.0009740387517206822,0.0009039830122725342,0.0008390846879192705,0.0007789524635253425,0.0007232259128736457,0.0006715729303766269,0.00062368739117479,0.0005792870175528562,0.0005381114319511597,0.000499920378862883,0.00046449209988687866,0.000431621847646833,0.0004011205258493515,0.0003728134440380733,0.0003465391766578618,0.00032214851711581585,0.00029950351839604615,0.00027847661265488575,0.00025894980284719895,0.00024081392015204168,0.00022396794155849897,0.00020831836243949582,0.00019377861944834714,0.00018026855949498629,0.00016771395092287983,0.0001560460333888459,0.00014520110321013377,0.00013512013125820468,0.00012574841074522013,0.00011703523244211388,0.00010893358510841861,0.00010139987909632553,9.439369125450472e-5,8.787752944162648e-5,8.181661506829465e-5,7.617868223875278e-5,7.093379218859382e-5,6.605416180063307e-5,6.151400510118026e-5,5.728938671452507e-5,5.335808635306954e-5,4.9699473476144305e-5,4.629439133331222e-5,4.312504967220296e-5,4.017492543854082e-5,3.74286708591813e-5,3.48720283418313e-5,3.24917516715277e-5,3.027553302877256e-5,2.8211935383353555e-5,2.6290329858672814e-5,1.2250418847435332e-5
0.032164000975942186,0.05355917177705649,0.046736962821678496,0.04138073537031528,0.03694758292995248,0.033178395614847256,0.029919855667025153,0.027070310224822758,0.024557376339003067,0.02232692784070861,0.02033702580965352,0.018554288749531078,0.01695158346199771,0.015506483104279434,0.014200196456351843,0.013016800032995046,0.011942672298805218,0.010966067109334426,0.010076785710452618,0.009265920170810432,0.008525649665510365,0.007849076581510989,0.0072300931138300495,0.006663271548349364,0.006143773185977822,0.005667272108541205,0.005229890888192604,0.0048281460004954285,0.004458901191681602,0.004119327417407406,0.003806868251703774,0.003519209880346541,0.0032542549596481785,0.003010099753840763,0.002785014067853704,0.002577423575175,0.002385894207689601,0.002209118327484466,0.002045902445211946,0.0018951562857170354,0.0017558830309360382,0.0016271705950611157,0.0015081838074110301,0.0013981573959483337,0.0012963896784359656,0.0012022368808369752,0.0011151080130452073,0.0010344602406274703,0.0009597946990835132,0.0008906527035986538,0.0008266123128637774,0.0007672852105308943,0.0007123138718779249,0.0006613689870923253,0.0006141471158028038,0.0005703685501490859,0.0005297753662405549,0.0004921296459973051,0.0004572118532050577,0.00042481934942208664,0.00039476503669189,0.0003668761154411917,0.00034099294711553273,0.0003169680120697063,0.0002946649542094797,0.00027395770467563384,0.00025472967765534024,0.00023687303197553102,0.00022028799278806313,0.0002048822281976257,0.00019057027610948612,0.0001772730170371277,0.00016491718899531082,0.00015343494093640175,0.0001427634215359656,0.00013284440037286942,0.00012362391883686142,0.00011505196834004153,0.0001070821935846367,9.967161885986913e-5,9.278039550719057e-5,8.637156884196205e-5,8.041086298814617e-5,7.486648218179496e-5,6.970892723856862e-5,6.491082599455558e-5,6.044677660806846e-5,5.629320271980016e-5,5.242821953770527e-5,4.8831510003966624e-5,4.548421025216099e-5,4.236880363833295e-5,3.946902268836419e-5,3.676975834749079e-5,3.425697597550612e-5,3.191763757033541e-5,2.973962974502759e-5,2.771169702417203e-5,2.5823380052325995e-5,2.4064958344312292e-5,1.1213698618907153e-5
0.02941165020465919,0.04897837841690722,0.04274116484278356,0.03784406609569124,0.033790799505279634,0.030344507481960936,0.027365039215567433,0.024759471697876234,0.022461637982503335,0.02042205986549478,0.018602399623305788,0.016972141938936147,0.015506483104279434,0.014184921518341165,0.012990278925187893,0.011907998486163418,0.010925627596356596,0.010032427968602514,0.009219075809906635,0.008477427294897338,0.007800332350424599,0.007181484840972613,0.006615300625441356,0.00609681726557347,0.00562161077417879,0.005185725929932425,0.004785617509519474,0.004418100389706595,0.004080306920150573,0.0037696503030614087,0.003483792973042507,0.0032206191674407914,0.002978211029990123,0.0027548277113422504,0.0025488870248105353,0.002358949291415259,0.002183703069748938,0.0020219525147143758,0.0018726061499570526,0.0017346668718245042,0.0016072230294688211,0.0014894404485481481,0.001380555284671521,0.001279867608728124,0.0011867356390858584,0.0011005705471716955,0.001020831772529613,0.0009470227913050966,0.0008786872892592827,0.0008154056963278616,0.0007567920448586195,0.0007024911182256493,0.0006521758601796424,0.0006055450187996206,0.0005623210018548229,0.000522247922817078,0.0004850898191049585,0.00045062902609963734,0.00041866469215209694,0.0003890114214531353,0.00036149803283977346,0.0003359664239151825,0.00031227053093129016,0.0002902753757650228,0.0002698561922144264,0.00025089762456709675,0.00023329299211931158,0.00021694361384472054,0.00020175818801051668,0.00018765222203362972,0.0001745475082590188,0.00016237164176533415,0.0001510575766556447,0.00014054321759467484,0.00013077104367229583,0.00012168776189167875,0.00011324398784358196,0.0001053939513508198,9.80952250278042e-5,9.130847390155863e-5,8.499722439280345e-5,7.912765109172504e-5,7.366837991713902e-5,6.859030633838878e-5,6.386642746688208e-5,5.9471686928396286e-5,5.5382831498972194e-5,5.1578278587526135e-5,4.803799371137275e-5,4.4743377194068814e-5,4.167715936136563e-5,3.882330358020026e-5,3.6166916539308335e-5,3.369416520976646e-5,3.139219997654421e-5,2.9249083467916786e-5,2.7253724648349117e-5,2.5395817777900515e-5,2.3665785865512447e-5,2.2054728277617495e-5,1.0277186095741271e-5
0.0269245224282727,0.04483880933593121,0.03913012327573151,0.03464784775074525,0.030937817832666137,0.027783277564265463,0.025055970505516,0.02267085977502531,0.020567393676546697,0.018700292779698036,0.01703447254590723,0.01554200687307472,0.014200196456351843,0.012990278925187893,0.011896533161848521,0.010905636957672327,0.01000619373275577,0.00918837572051115,0.008443649597191571,0.007764561865531372,0.007144568448358701,0.0065778975928159344,0.006059438279754484,0.005584648446555637,0.005149478803029919,0.004750309062022312,0.004383894160406604,0.004047318596873101,0.0037379574230957807,0.0034534427317058913,0.0031916347198701345,0.00295059658755744,0.002728572669082531,0.0025239693070717023,0.0023353380646817593,0.002161360941234168,0.0020008373126407034,0.0018526723624087624,0.0017158668063218113,0.0015895077440986893,0.0014727604958434844,0.0013648613019984664,0.0012651107826133455,0.0011728680663827783,0.0010875455116563966,0.0010086039521745513,0.0009355484090521025,0.0008679242177190571,0.000805313525072713,0.0007473321175065321,0.0006936265451642672,0.000643871511945119,0.000597767504135276,0.0005550386337498919,0.0005154306753628428,0.0004787092774264975,0.00044465833122601765,0.00041307848240500905,0.0003837857715362951,0.00035661039172327127,0.00033139555231722316,0.0003079964390288086,0.0002862792616931502,0.0002661203817545662,0.00024740551235653916,0.00023002898458683845,0.00021389307409227284,0.00019890738275358047,0.00018498827065938127,0.0001720583340706779,0.00016004592542388134,0.00014888471180761042,0.00013851326867105399,0.00012887470579963723,0.00011991632288510176,0.00011158929221711383,0.00010384836626436576,9.665160811680182e-5,8.996014290779089e-5,8.373792851951341e-5,7.79515440141171e-5,7.256999435768558e-5,6.756453014510706e-5,6.290848111686377e-5,5.857710237552427e-5,5.454743230514747e-5,5.0798161262367945e-5,4.7309510199800855e-5,4.4063118440087166e-5,4.104193989510729e-5,3.8230147067310036e-5,3.561304223340849e-5,3.317697525982298e-5,3.090926753557754e-5,2.8798141556702576e-5,2.6832655728912754e-5,2.5002643990828155e-5,2.3298659894273386e-5,2.171192480044553e-5,2.0234279881937392e-5,9.429070823109646e-6
0.024672127680053446,0.04108975655710656,0.03585962923699848,0.03175296972508479,0.028353743816356025,0.025463394262748906,0.022964433008611507,0.020778962763409292,0.018851515529172747,0.01714061319892668,0.015614116492513597,0.014246443458737934,0.013016800032995046,0.011907998486163418,0.010905636957672327,0.009997511054254699,0.009173180315884572,0.00842364136669757,0.007741076587489237,0.007118657524237432,0.006550388793748446,0.006030982502313514,0.005555756027406045,0.005120547948654991,0.004721648262177386,0.00435573996683071,0.004019849801680964,0.0037113064184546157,0.003427704648478344,0.0031668748046820017,0.0029268561748429373,0.0027058740273952983,0.0025023195789133576,0.0023147324736504313,0.0021417854049180715,0.001982270571597826,0.0018350877145703742,0.0016992335185271185,0.0015737921988025413,0.00145792712053696,0.001350873319926834,0.001251930816465692,0.001160458620742006,0.0010758693557695424,0.0009976244205902249,0.0009252296345520182,0.0008582313086972597,0.0007962126972786213,0.0007387907884162919,0.0006856133978657402,0.0006363565341549662,0.0005907220071768565,0.0005484352553897787,0.0005092433697191125,0.00047291329471923875,0.00043923018959331206,0.0004079959336306775,0.00037902776226325045,0.00035215702135020857,0.0003272280286849335,0.0003040970327255997,0.0002826312596435664,0.00026270804068239013,0.00024421401255927174,0.00022704438439131308,0.00021110226523760132,0.00019629804695686388,0.0001825488375164614,0.00016977794039084925,0.00015791437610230457,0.0001468924422831073,0.00013665130899328604,0.00012713464632340158,0.00011829028156651366,0.00011006988351038331,0.00010242867158418573,9.532514781462019e-5,8.872084973296068e-5,8.25801225093376e-5,7.686990875959972e-5,7.155955459765611e-5,6.662063062027202e-5,6.20267666405184e-5,5.775349906203737e-5,5.377812989325651e-5,5.0079596488150505e-5,4.6638351160171684e-5,4.3436249900173684e-5,4.0456449481977375e-5,3.768331230908739e-5,3.5102318394891687e-5,3.269998392671351e-5,3.0463785909087587e-5,2.8382092414919874e-5,2.644409801748587e-5,2.4639764006209066e-5,2.2959763021682155e-5,2.139542777680368e-5,1.9938703551285262e-5,1.858210417537764e-5,8.659335621072437e-6
0.022628388215238993,0.03768784906197664,0.03289186979922898,0.02912597925502458,0.026008730805965552,0.023358074845786114,0.02106629107574881,0.019061958372987353,0.017294220063283183,0.01572504615961362,0.014324968992837306,0.013070532978616711,0.011942672298805218,0.010925627596356596,0.01000619373275577,0.009173180315884572,0.008417014218116053,0.007729439908397279,0.007103289025963522,0.006532300138370362,0.006010975628887388,0.005534466559331486,0.00509847895291661,0.004699196716916154,0.004333217660708891,0.003997499939893304,0.0036893168904518214,0.003406218679470871,0.003145999543412742,0.002906669642631546,0.002686430758499468,0.0024836552109191723,0.0022968674911572895,0.0021247281977810756,0.0019660199362816835,0.0018196349011903867,0.0016845639067051901,0.0015598866691396568,0.001444763175838245,0.0013384260005700754,0.001240173445994277,0.001149363411342308,0.001065407897823254,0.0009877680765516053,0.0009159498536654431,0.0008494998761621186,0.0007880019293427121,0.0007310736827905295,0.0006783637473067802,0.0006295490097695134,0.0005843322168148923,0.0005424397817480366,0.0005036197919028613,0.0004676401963654084,0.00043428715623677373,0.000403363541479948,0.0003746875601940069,0.000348091507664244,0.00032342062382743463,0.0003005320490611207,0.000279293869129167,0.0002595842411178438,0.00024129059302069582,0.0002243088903077419,0.00020854296350290326,0.00019390389135145103,0.00018030943471748426,0.0001676835167510808,0.00015595574532544388,0.0001450609741245729,0.00013493889906118512,0.00012553368703006494,0.00011679363427283089,0.00010867085186360174,0.00010112097606982664,9.410290151043096e-5,8.757853523582598e-5,8.15125700254324e-5,7.58722753219079e-5,7.062730437631709e-5,6.574951629542691e-5,6.12128117869011e-5,5.699298151670804e-5,5.30675660626468e-5,4.9415726546046227e-5,4.601812510387864e-5,4.285681441856164e-5,3.991513559995505e-5,3.717762376248925e-5,3.462992070444736e-5,3.225869413199945e-5,3.0051562923832237e-5,2.7997027973488634e-5,2.6084408177049997e-5,2.4303781174426727e-5,2.264592848002161e-5,2.1102284668353833e-5,1.9664890309056154e-5,1.832634836432159e-5,1.707978378813398e-5,7.95940304406661e-6
0.020770820748479246,0.03459569299371246,0.03019424261865067,0.02673803286459764,0.023877044177697038,0.021444226149292867,0.019340733670986487,0.01750103000899278,0.015878448450233895,0.014438092065721053,0.013152920699321946,0.01200141086551515,0.010966067109334426,0.010032427968602514,0.00918837572051115,0.00842364136669757,0.007729439908397279,0.007098195375320582,0.006523329390162674,0.005999095781737587,0.005520449267523819,0.005082939806019315,0.004682626603692203,0.0043160073902564905,0.003979959709951089,0.0036716917794965553,0.0033887010445192434,0.0031287389906368077,0.0028897810815025557,0.0026700009325627827,0.0024677480106642252,0.00228152828858047,0.0021099873910264966,0.0019518958539271325,0.0018061361855035638,0.0016716914711675177,0.0015476353075301631,0.001433122885054313,0.001327383067626496,0.0012297113406032137,0.0011394635177686858,0.00105605011374732,0.0009789313015904806,0.00090761238653711,0.0008416397360021428,0.000780597113975762,0.0007241023747731456,0.0006718044766111132,0.0006233807805322445,0.0005785346043656586,0.0005369930050221194,0.0004985047656402581,0.0004628385666806886,0.0004297813225378009,0.00039913666731426073,0.0003707235751171179,0.00034437510188545066,0.00031993723714041165,0.00029726785523270967,0.00027623575682772083,0.00025671979221546844,0.00023860805895223845,0.00022179716709667344,0.00020619156592458117,0.0001917029266383743,0.00017824957609889223,0.00016575597711970076,0.0001541522512305232,0.00014337374023924362,0.00013336060327083987,0.00012405744623608444,0.00011541298098149749,0.00010737971162062777,9.991364576085308e-5,9.29740285646758e-5,8.652309773842632e-5,8.052585772706572e-5,7.494987155083404e-5,6.97650688327861e-5,6.494356870859826e-5,6.045951641733545e-5,5.628893246782999e-5,5.240957338417001e-5,4.8800803097585606e-5,4.544347414214454e-5,4.231981788527142e-5,3.941334307456829e-5,3.670874205333446e-5,3.419180404161176e-5,3.18493349384172e-5,2.9669083133457438e-5,2.7639670865501264e-5,2.575053070247215e-5,2.3991846746320258e-5,2.2354500203038315e-5,2.0830018983426216e-5,1.9410531027579255e-5,1.808872107254009e-5,1.6857790599681863e-5,1.571142072249093e-5,7.321868897589099e-6
