0.0613415547484224,0.10933323209353718,0.10022114100968116,0.09272305258301028,0.08625864579021392,0.08055038326316488,0.07543440876750784,0.07080215675417079,0.06657624907263693,0.06269868131880396,0.05912433042571519,0.05581708406891517,0.05274738713822158,0.0498906097359062,0.04722591854510538,0.044735470827357404,0.0424038230771554,0.040217487060308366,0.03816458981724158,0.03623460873529927,0.03441816194260239,0.03270684021838133,0.031093070556161728,0.02957000421271483,0.028131423948579926,0.026771666481615997,0.02548555713391598,0.02426835434491581,0.023115702243433234,0.022023589851321745,0.020988315789455703,0.020006457582812165,0.01907484483085009,0.018190535649629913,0.017350795897914773,0.01655308078414275,0.015795018522776205,0.01507439575864139,0.014389144525786157,0.013737330544958848,0.013117142690441341,0.012526883484200224,0.011964960494590005,0.011429878536230648,0.010920232578671224,0.010434701285776865,0.009972041118908537,0.00953108094312044,0.009110717084906322,0.00870990879583336,0.008327674081498121,0.007963085861343755,0.00761526842677282,0.0072833941699591565,0.006966680559357896,0.006664387338913141,0.006375813931556146,0.006100297029371787,0.0058372083540867425,0.005585952574482467,0.0053459653669218204,0.005116711607556321,0.004897683686236054,0.004688399931986942,0.004488403141657105,0.0042972592035980944,0.004114555809813722,0.003939901249365399,0.0037729232771919197,0.0036132680533251943,0.0034605991470322145,0.003314596601451253,0.0031749560545551586,0.00304138791237369,0.002913616571319652,0.0027913796858918954,0.0026744274787963707,0.00256252209102982,0.00245543696895216,0.002352956286125578,0.0022548743977142197,0.0021609953252235067,0.0020711322700079637,0.0019851071534354656,0.001902750182115956,0.0018238994369112124,0.0017484004840160744,0.0016761060069470299,0.0016068754580533043,0.0015405747286347526,0.0014770758363407133,0.001416256628895874,0.0013580005033649208,0.0013021961398890086,0.0012487372491696291,0.0011975223328916963,0.0011484544563252312,0.0011014410325633356,0.001056393617596775,0.0010132277156552558,0.00048593129718852227
0.10933323209353718,0.19487970830277002,0.17864305804425396,0.1652819866050228,0.15376258632714235,0.14359039072984325,0.13447347027697232,0.1262184027612907,0.11868733008680055,0.1117769107425679,0.10540675277224398,0.09951251783830428,0.09404154996799852,0.08894996795133414,0.08420065455552828,0.0797618205427173,0.0756059511249958,0.07170901500113436,0.06804985861890156,0.06460973418131144,0.06137192621434617,0.05832145210074513,0.0554448190066581,0.05272982443215657,0.05016539095340522,0.04774142806826853,0.04544871576549192,0.043278805671349674,0.0412239365539433,0.03927696164223127,0.03743128574786392,0.03568081058063122,0.03401988695018565,0.03244327279656767,0.03094609618055244,0.02952382251563912,0.028172225451106758,0.026887360904820357,0.025665543829841653,0.024503327365842154,0.02339748407375941,0.022344989000649795,0.021343004356022766,0.020388865615488305,0.019480068887119895,0.01861425940146011,0.017789221005934996,0.017002866555400398,0.016253229107127065,0.015538453838880306,0.014856790617822802,0.014206587158852813,0.013586282714356468,0.012994402246212844,0.01242955103729615,0.011890409701496601,0.011375729557687703,0.010884328336245613,0.010415086188999167,0.009966941978745841,0.009538889823726332,0.009129975876691704,0.008739295320788265,0.008365989564202952,0.00800924361860808,0.007668283646915214,0.007342374668638657,0.007030818410021317,0.006732951288515782,0.006448142522681388,0.006175792357751772,0.005915330398977389,0.005666214045320861,0.00542792701625551,0.005199977966049207,0.004981899178891261,0.004773245339592128,0.004573592375482952,0.004382536364215109,0.00419969250350212,0.004024694138873894,0.0038571918454860105,0.0036968525611859177,0.0035433587670729016,0.003396407712714891,0.0032557106837378114,0.0031209923087393426,0.0029919899034553873,0.0028684528497097544,0.0027501420075184482,0.002636829157984015,0.0025282964752816883,0.002424336026332914,0.0023247492962653743,0.0022293467383684637,0.0021379473471050403,0.0020503782528236425,0.0019664743372057245,0.0018860778680225426,0.0018090381521864013,0.0008676056031579164
0.10022114100968116,0.17864305804425396,0.16376257213282175,0.15151722970798165,0.14095958309954737,0.13163651385422614,0.12328050416575831,0.1157143064046422,0.10881159068402191,0.10247765731109437,0.09663883699840836,0.09123617157525077,0.08622140826710334,0.08155433523642697,0.07720093894767599,0.07313208826989115,0.06932256903651934,0.06575035922914974,0.062396073897629245,0.0592425326398518,0.05627441740076433,0.053477998051914,0.050840909647839716,0.04835196965810462,0.046001026531527045,0.0437788330971326,0.04167693987187271,0.03968760447571895,0.0378037142035923,0.0360187194238617,0.03432657595974542,0.03272169497900679,0.03119889919393759,0.029753384402595784,0.02838068557499973,0.02707664682615951,0.025837394734768315,0.024659314548166333,0.023539028892418212,0.02247337866770116,0.021459405852657598,0.020494337985842326,0.01957557412383476,0.018700672107262062,0.017867336983897086,0.017073410461394933,0.016316861280409545,0.015595776408869721,0.014908352973392602,0.014252890853296452,0.013627785870984788,0.013031523522454791,0.012462673194757024,0.011919882825362965,0.011401873964259235,0.01090743720121956,0.010435427926574592,0.009984762396712449,0.009554414077623252,0.009143410244623534,0.00875082881570799,0.00837579539986888,0.008017480544095013,0.007675097162504613,0.007347898133901853,0.007035174054479204,0.006736251134946691,0.006450489230313966,0.0061772799927894,0.005916045139605558,0.005666234826840491,0.005427326122000212,0.005198821568561038,0.00498024783582858,0.004771154448966683,0.004571112593108287,0.0043797139867201434,0.004196569820213394,0.004021309754944871,0.0038535809789808917,0.0036930473160240868,0.003539388383875547,0.0033922987998696863,0.0032514874298320146,0.003116676677961734,0.0029876018155445827,0.0028640103457039795,0.0027456614022911482,0.002632325180651915,0.0025237823987774854,0.002419823786672659,0.0023202496023849092,0.002224869173407834,0.002133500461716717,0.002045969651253421,0.0019621107565415893,0.0018817652511895905,0.0018047817153970733,0.0017310155011583117,0.0016603284142322552,0.000796294206082019
0.09272305258301028,0.1652819866050228,0.15151722970798165,0.14018982675727099,0.1304234538475484,0.12179900637333763,0.11406904817360353,0.10706963717813789,0.10068392684971217,0.09482432643752547,0.08942269686482551,0.0844245058037445,0.07978512265090099,0.07546735408274752,0.07143973974471973,0.06767533513800839,0.06415081865598649,0.06084582118160742,0.05774241267942437,0.054824702146878845,0.05207852110456246,0.04949116977869272,0.04705121108095722,0.044748301562907544,0.04257305135031586,0.04051690704962807,0.038572053066647016,0.03673132782328259,0.034988152143327844,0.033336467651940094,0.03177068348356549,0.03028562993440853,0.028876517951380354,0.02753890356124533,0.026268656503452226,0.025061932457940972,0.023915148367382733,0.02282496042895671,0.02178824440311916,0.02080207794358091,0.01986372469289338,0.01897061992918353,0.018120357578658597,0.01731067843780032,0.01653945946573593,0.015804704028921868,0.015104532997084308,0.014437176598650792,0.01380096695795513,0.013194331245280244,0.012615785378481903,0.012063928224172238,0.011537436249282551,0.011035058581343876,0.010555612441249529,0.010097978913768957,0.009661099026512576,0.00924397011074199,0.008845642419341965,0.008465215981733887,0.00810183767487091,0.007754698493056683,0.007423031001524333,0.007106106958470748,0.006803235092868121,0.00651375902576995,0.0062370553251994,0.005972531683730367,0.005719625209939391,0.0054778008261569255,0.005246549764254399,0.005025388152778504,0.00481385568914082,0.004611514390719232,0.00441794742011084,0.004232757978905766,0.004055568265515688,0.0038860184933515035,0.003723765964858433,0.0035684841980535703,0.0034198621022362846,0.0032776031995164767,0.0031414248897908698,0.00301105775597605,0.0028862449070950758,0.002766741357281645,0.002652313438118191,0.00254273824255187,0.0024378030982957974,0.002337305069335348,0.002241050483535012,0.002148854484906447,0.0020605406093480577,0.001975940382244197,0.0018948929368303308,0.001817244652104047,0.0017428488091325092,0.0016715652649390497,0.0016032601427595425,0.0015378055378086793,0.0007375396189473003
0.08625864579021392,0.15376258632714235,0.14095958309954737,0.1304234538475484,0.12133917744222522,0.1133169664692506,0.10612669351685655,0.09961588481530592,0.09367586769244474,0.08822517871822999,0.08320044540170812,0.07855095012891256,0.07423518431412912,0.0702185563513893,0.06647180652755269,0.0629698750527421,0.05969107156544662,0.056616451629802445,0.05372933924515366,0.05101495478489282,0.04846012063028016,0.046053025110764034,0.0437830308978967,0.04164051778711819,0.03961675243208507,0.03770377944395087,0.035894329614723386,0.03418174199637314,0.032559897297573026,0.031023160593520505,0.029566331762892806,0.028184602383442448,0.026873518055699597,0.025628945321198637,0.024447042490247317,0.023324233813118544,0.02225718652914266,0.02124279039852983,0.0202781393890491,0.019360515242473675,0.018487372683077707,0.017656326068730466,0.0168651373121817,0.016111704927379344,0.015394054071068197,0.01471032747005302,0.014058777140147027,0.013437756811452817,0.01284571498770537,0.01228118857556193,0.01174279702686759,0.011229236945520082,0.010739277113192086,0.010271753895166075,0.009825566992582802,0.00939967550880308,0.008993094302632787,0.008604890603668813,0.00823418086680805,0.007880127847117974,0.007541937875664484,0.00721885832025046,0.006910175217054865,0.006615211058938253,0.006333322728625079,0.006063899565338551,0.005806361555671449,0.005560157638563365,0.00532476411618206,0.005099683163665644,0.004884441430042241,0.0046785887241051205,0.004481696779393085,0.0042933580925612475,0.0041131848307169455,0.003940807802482599,0.0037758754886324797,0.003618053128857976,0.0034670218604826303,0.0033224779060081477,0.0031841318063939167,0.003051707696949936,0.0029249426236398965,0.002803585896825625,0.0026873984802183587,0.0025761524132361033,0.002469630264364586,0.0023676246138883555,0.0022699375640456987,0.0021763802753242897,0.0020867725270329665,0.0020009423008107152,0.0019187253859670739,0.001839965005154473,0.0017645114593552308,0.0016922217910488035,0.001622959464489926,0.0015565940623378932,0.001493000997511932,0.0014320612394729225,0.0006868305271582366
0.08055038326316488,0.14359039072984325,0.13163651385422614,0.12179900637333763,0.1133169664692506,0.10582648859220622,0.09911272587061104,0.09303332898974848,0.08748684133270546,0.0823972087928595,0.07770526691897994,0.07336366580653952,0.06933365305486738,0.06558293391355896,0.062084191448837256,0.05881402974043404,0.05575219853516877,0.05288101114824273,0.05018489868137266,0.04765006266945615,0.04526420026302258,0.04301628384539857,0.04089638215152391,0.03889551349107867,0.03700552413431102,0.03521898664401013,0.033529114194357224,0.03192968782535732,0.03041499426327865,0.02897977243566674,0.02761916720029378,0.02632868910380004,0.025104179207917632,0.023941778205064157,0.022837899183803856,0.021789203515663325,0.020792579428688673,0.019845122898823064,0.018944120553005706,0.018087034327172458,0.017271487657232854,0.016495253016814704,0.01575624064082387,0.015052488299301114,0.01438215200044296,0.013743497520451509,0.013134892672475529,0.012554800234962638,0.01200177147195014,0.011474440185438944,0.010971517246665285,0.010491785561106692,0.010034095424518857,0.009597360233832952,0.009180552521453694,0.00878270028280237,0.008402883571666936,0.008040231340259052,0.007693918502547026,0.0073631632033107075,0.007047224274804864,0.006745398866049468,0.006457020231668109,0.006181455666986357,0.0059181045783830155,0.005666396678229754,0.005425790295815011,0.005195770794795038,0.0049758490895150526,0.004765560253625525,0.004564462213820494,0.004372134522889162,0.004188177206619223,0.0040122096792174905,0.0038438697231156227,0.0036828125282713647,0.003528709787088094,0.0033812488417360453,0.003240131879974323,0.0031050751765620763,0.0029758083773667662,0.0028520738232573548,0.0027336259117251155,0.002620230493460683,0.0025116643018007687,0.0024077144133643896,0.0023081777376347465,0.002212860533962323,0.0021215779541720325,0.002034153609576657,0.0019504191606555046,0.00187021392814863,0.0017933845245343763,0.001719784504489598,0.001649274033383892,0.0015817195727479416,0.0015169935817179736,0.0014549742337470403,0.0013955451475327063,0.0013385951314143114,0.0006420089703330772
0.07543440876750784,0.13447347027697232,0.12328050416575831,0.11406904817360353,0.10612669351685655,0.09911272587061104,0.09282599035608374,0.08713320957844672,0.08193939279430218,0.07717333286616634,0.07277963591461556,0.06871396963888632,0.06494005129349745,0.06142764420745017,0.05815117226167654,0.055088730437965916,0.05222135888764612,0.04953249793239056,0.04700757069436112,0.044633657881930855,0.042399240488361634,0.04029399345592588,0.03830861819663223,0.03643470517110181,0.03466462002639392,0.0329914084086701,0.031408715743770355,0.02991071912886789,0.028492069116657026,0.02714783963990719,0.025873484690118742,0.024664800641516216,0.023517893319590144,0.022429149085575972,0.021395209338133214,0.020412947937391845,0.01947945114446553,0.018591999731019437,0.01774805297230575,0.016945234283223143,0.016181318289616053,0.015454219160480398,0.014761980050378265,0.014102763525188133,0.013474842857776281,0.012876594097779637,0.01230648883335686,0.011763087570304975,0.011245033665374687,0.010751047757740217,0.010279922648834344,0.00983051858826084,0.009401758925806109,0.008992626095684242,0.008602157903563168,0.008229444088138055,0.007873623133436397,0.007533879310227476,0.007209439926471939,0.00689957277037706,0.006603583729098916,0.006320814569065331,0.006050640865674695,0.005792470069930791,0.005545739701706964,0.005309915659656356,0.005084490639712599,0.004868982653326581,0.004662933638270486,0.004465908155854265,0.00427749216783771,0.004097291887600607,0.003924932700457601,0.003760058148123052,0.0036023289734578856,0.003451422220920236,0.00330703038908943,0.0031688606322532314,0.00303663400740483,0.002910084763923765,0.00278895967323433,0.0026730173957132675,0.0025620278829220286,0.002455771812568029,0.002354040054241821,0.002256633164357126,0.0021633609081926214,0.0020740418076086453,0.001988502712737081,0.0019065783965235075,0.0018281111704911077,0.0017529505205564275,0.0016809527619307332,0.0016119807117954202,0.001545903378863473,0.0014825956688342481,0.0014219381048075942,0.001363816561993074,0.001308122015730738,0.0012547503021242655,0.0006018009453747034
0.07080215675417079,0.1262184027612907,0.1157143064046422,0.10706963717813789,0.09961588481530592,0.09303332898974848,0.08713320957844672,0.08179046158725112,0.07691594753444564,0.07244284802313405,0.068319182501555,0.06450335037007027,0.06096130455283588,0.057664671469144446,0.054589450886392665,0.05171508743965747,0.04902378943352348,0.04650001742727128,0.044130092585000225,0.04190189150271961,0.03980460476355652,0.03782854331784491,0.035964981325380396,0.034206027203546596,0.032544516782585076,0.03097392398485921,0.029488285549614135,0.028082137122435902,0.026750458627580076,0.025488627278978715,0.024292376929082038,0.023157762715107888,0.022081130157411755,0.021059088026275097,0.020088484415271113,0.019166385556870613,0.018290056998467752,0.01745694681469656,0.016664670587119068,0.015910997925659087,0.015193840336801934,0.014511240274975856,0.013861361235702807,0.013242478771467614,0.012652972323881129,0.012091317782231992,0.011556080691350334,0.01104591003877714,0.01055953256196604,0.010095747522930854,0.009653421903615067,0.009231485982305915,0.008828929253577533,0.008444796659985376,0.008078185107875974,0.007728240240818363,0.007394153448309904,0.007075159089463268,0.006770531912845823,0.00647958465705234,0.006201665816096477,0.005936157556458946,0.005682473774305308,0.005440058281197285,0.005208383108628589,0.004986946922016303,0.004775273536590061,0.00457291052686945,0.004379427923003221,0.004194416988195657,0.004017489070916258,0.0038482745267915397,0.0036864217053800413,0.0035315959971443656,0.003383478936990425,0.0032417673600782376,0.003106172606497079,0.0029764197719813826,0.002852247001238206,0.00273340482132952,0.0026196555125685486,0.0025107725143711096,0.0024065398642555205,0.002306751667555673,0.0022112115960140274,0.002119732413779496,0.0020321355288375337,0.0019482505685343501,0.001867914977597987,0.0017909736376044497,0.0017172785063592558,0.0016466882760960352,0.0015790680495858592,0.0015142890329267258,0.00145222824417926,0.00139276823691796,0.0013357968378207748,0.0012812068976742613,0.0012288960548711113,0.0011787665107438686,0.0005653624081155585
0.06657624907263693,0.11868733008680055,0.10881159068402191,0.10068392684971217,0.09367586769244474,0.08748684133270546,0.08193939279430218,0.07691594753444564,0.07233270677264803,0.06812685312573707,0.0642495193040471,0.060661596266413875,0.05733107607141941,0.05423128444825864,0.05133965851981337,0.04863687393287852,0.046106204460542366,0.04373304121924748,0.04150452447774067,0.039409256763592526,0.03743707588088574,0.035578872888318624,0.03382644435553728,0.03217237113589788,0.030609917922203356,0.029132949276770015,0.02773585886566121,0.026413509376869704,0.025161181165302082,0.023974528078860025,0.022849539242694727,0.021782505823519316,0.02076999197933549,0.01980880935181628,0.01889599457316371,0.01802878935091845,0.01720462277177265,0.01642109551967541,0.015675965755418297,0.014967136445593665,0.01429264395762836,0.013650647767104618,0.013039421144430852,0.012457342708944191,0.011902888750393387,0.011374626233287444,0.01087120641164735,0.010391358988352306,0.009933886763356686,0.009497660721343032,0.009081615514886121,0.008684745305829328,0.008306099929604766,0.007944781352623415,0.007599940396756655,0.007270773706002431,0.0069565209343272205,0.006656462135607943,0.006369915337972182,0.006096234288043387,0.005834806350128077,0.005585050547973286,0.005346415738295113,0.005118378905102083,0.004900443565723819,0.004692138279737121,0.0044930152536855755,0.004302649033780345,0.0041206352802587165,0.0039465896179725485,0.003780146557280345,0.0036209584804468564,0.003468694689039986,0.003323040507918276,0.0031836964423985203,0.003050377384563263,0.0029228118655068094,0.0028007413508642845,0.002683919576400906,0.002572111921257003,0.0024650948164613093,0.002362655186305865,0.0022645899208849837,0.002170705377508707,0.002080816909267015,0.001994748419358469,0.001912331939328743,0.001833407229961205,0.0017578214033175388,0.0016854285649404166,0.0016160894747794322,0.0015496712258080726,0.0014860469394799673,0.0014250954768669118,0.0013667011646953595,0.0013107535354059431,0.001257147080411563,0.0012057810159688195,0.0011565590607943016,0.001109389224809361,0.0005320918042698349
0.06269868131880396,0.1117769107425679,0.10247765731109437,0.09482432643752547,0.08822517871822999,0.0823972087928595,0.07717333286616634,0.07244284802313405,0.06812685312573707,0.06416620217631319,0.060514883944176034,0.057136075106772655,0.053999638395596294,0.051080458464159095,0.04835729104788389,0.04581194111061815,0.043428659876721065,0.04119369214924351,0.03909492963955008,0.03712164084300873,0.035264257324252424,0.033514202335033105,0.031863751706812105,0.030305919709909035,0.028834364480864738,0.02744330896119007,0.026127474268469286,0.024882023126900243,0.023702511514520408,0.022584847071752623,0.021525253119829835,0.02052023736815628,0.019566564562406963,0.018661232468178746,0.017801450692888188,0.01698462193490602,0.016208325321966643,0.01547030155194934,0.014768439598001115,0.014100764778293418,0.013465428017827852,0.012860696157497076,0.012284943185231961,0.011736642283862675,0.011214358601491198,0.010716742664798745,0.010242524367067601,0.009790507468952464,0.009359564559535932,0.008948632431125841,0.008556707826436027,0.008182843523033667,0.0078261447218467,0.007485765711603587,0.007160906784747956,0.006850811381375083,0.006554763441412675,0.006272084947083353,0.0060021336389839836,0.005744300892134693,0.005498009737911452,0.005262713020211682,0.00503789167568737,0.004823053127710128,0.004617729785510519,0.004421477640199109,0.00423387495098064,0.004054521014205628,0.0038830350093063126,0.0037190549165060094,0.003562236500722446,0.0034122523571496477,0.003268791014271341,0.0031315560901575834,0.003000265498832866,0.002874650702912679,0.002754456009493131,0.0026394379067947726,0.002529364438525132,0.0024240146136970397,0.002323177849654051,0.002226653446037584,0.0021342500880975127,0.002045785377190072,0.0019610853868403944,0.0018799842430646668,0.0018023237272053252,0.00172795290009526,0.0016567277461369129,0.001588510836365714,0.0015231710091435993,0.001460583067510346,0.0014006274923909906,0.0013431901705694554,0.0012881621366908486,0.0012354393284680042,0.0011849223543163763,0.0011365162728658208,0.0010901303835318885,0.001045678027566041,0.0005015381995694436
0.05912433042571519,0.10540675277224398,0.09663883699840836,0.08942269686482551,0.08320044540170812,0.07770526691897994,0.07277963591461556,0.068319182501555,0.0642495193040471,0.060514883944176034,0.05707189739075913,0.053885842884890955,0.05092830720859509,0.048175611753458525,0.045607727518048646,0.04320750027196496,0.0409600820837962,0.0388525045377468,0.03687335189704177,0.035012506434326074,0.03326094694449544,0.031610587168281246,0.030054144644107272,0.028585033098128654,0.02719727328294097,0.02588541844020742,0.024644491484335618,0.023469931670028144,0.022357549006391142,0.021303485045492565,0.02030417895980874,0.019356338040305343,0.01845691190976262,0.017603069880785527,0.016792180989643857,0.016021796318452464,0.015289633287066395,0.014593561644203223,0.013931590933383142,0.013301859245406278,0.012702623094659249,0.01213224828274026,0.011589201631398899,0.011072043485447769,0.01057942089683278,0.010110061414841998,0.009662767418134821,0.009236410930173494,0.00882992886859496,0.008442318684643318,0.008072634353671782,0.0077199826836083785,0.007383519910077824,0.0070624485516626034,0.006756014502245722,0.006463504338324572,0.006184242822649635,0.005917590587254926,0.005662941980167591,0.005419723062932591,0.005187389745671067,0.004965426048689242,0.004753342481054634,0.00455067452639564,0.004356981227855786,0.00417184386438596,0.003994864712068169,0.0038256658835368745,0.0036638882398844497,0.0035091903702336447,0.0033612476337165353,0.0032197512596026656,0.0030844075015730443,0.0029549368422287087,0.0028310732448064008,0.0027125634485156286,0.0025991663046544683,0.00249065215114834,0.002386802222650114,0.002287408094067779,0.0021922711554002647,0.002101202115745035,0.0020140205349713017,0.0019305543810257397,0.0018506396113408888,0.0017741197771162023,0.001700845648824896,0.0016306748618303488,0.0015634715807787102,0.0014991061818911237,0.0014374549518777653,0.0013783998025577275,0.0013218280004288728,0.0012676319101598867,0.001215708751309351,0.0011659603674946326,0.0011182930072787811,0.0010726171162559923,0.0010288471395646578,0.000986901334280619,0.00047335079563528594
0.05581708406891517,0.09951251783830428,0.09123617157525077,0.0844245058037445,0.07855095012891256,0.07336366580653952,0.06871396963888632,0.06450335037007027,0.060661596266413875,0.057136075106772655,0.053885842884890955,0.050878131606452826,0.048086122959488,0.04548746745233301,0.04306326031675245,0.040797310167445366,0.03867560244175694,0.03668589657465671,0.03481741751012213,0.03306061532847915,0.03140697507077772,0.02984886423350308,0.028379408983416177,0.02699239258920605,0.025682171266128706,0.024443603823591176,0.02327199237575578,0.022163032003583272,0.021112767728521664,0.020117557502759453,0.01917404019142438,0.018279107727216193,0.017429880771684503,0.016623687344621496,0.015858043979042113,0.015130639036009474,0.014439317878576274,0.013782069649534878,0.01315701544117115,0.012562397679308612,0.011996570568074905,0.01145799146654053,0.010945213085855332,0.0104568764131166,0.009991704278142749,0.009548495492344461,0.009126119498989504,0.008723511479719476,0.008339667870638862,0.007973642246556195,0.007624541536580154,0.007291522539820849,0.006973788711648721,0.006670587195482858,0.006381206078346108,0.006104971849318214,0.005841247043288381,0.005589428054024528,0.005348943101729786,0.005119250342944609,0.004899836110258238,0.004690213271464891,0.004489919699118411,0.004298516841288638,0.004115588385905547,0.003940739011311659,0.0037735932170718106,0.003613794228495143,0.003461002969571289,0.0033148970997747274,0.0031751701097714052,0.0030415304720100497,0.002913700842419778,0.00279141730952176,0.002674428688098515,0.002562495854035493,0.002455391117652604,0.002352897633302202,0.0022548088425323395,0.0021609279488015304,0.002071067421744774,0.0019850485289739928,0.0019027008939920612,0.0018238620783007087,0.001748377186258962,0.001676098491530706,0.0016068850835676135,0.001540602533073119,0.0014771225751896919,0.0014163228095813891,0.0013580864162062306,0.0013023018859133692,0.0012488627651518897,0.0011976674138211747,0.0011486187756064928,0.0011016241600664625,0.0010565950357814442,0.0010134468340728398,0.0009720987625653696,0.0009324736280757126,0.00044724883421556373
0.05274738713822158,0.09404154996799852,0.08622140826710334,0.07978512265090099,0.07423518431412912,0.06933365305486738,0.06494005129349745,0.06096130455283588,0.05733107607141941,0.053999638395596294,0.05092830720859509,0.048086122959488,0.04544774740179891,0.042992064459347556,0.040701212649489116,0.038559894106107384,0.03655486763318838,0.03467456811294256,0.03290881504393628,0.031248585435842413,0.029685834130799615,0.028213349716012304,0.026824637571343346,0.025513823907491795,0.02427557625606036,0.023105037000706374,0.021997767360677545,0.020949699831686597,0.019957097534842927,0.019016519250035557,0.01812478916570215,0.017278970570708263,0.016476342859292503,0.01571438134027736,0.01499073943243917,0.014303232900488905,0.013649825847530772,0.013028618222787058,0.012437834644473622,0.011875814369926324,0.01134100226788387,0.010831940671194112,0.010347262004714586,0.009885682099820076,0.009445994116318024,0.009027063004872243,0.008627820452583923,0.008247260259632794,0.007884434102873566,0.007538447647259083,0.007208456970318633,0.006893665270173682,0.006593319829169858,0.006306709209481232,0.006033160660125894,0.005772037715676609,0.0055227379700384105,0.005284691010194603,0.0050573564959096595,0.004840222373918124,0.004632803214756204,0.004434638662442009,0.004245291988459868,0.004064348741358859,0.003891415484771718,0.0037261186168826566,0.0035681032657224054,0.0034170322541052373,0.003272585129204267,0.003134457252468477,0.003002358945191373,0.002876014685934271,0.0027551623562351094,0.0026395525311143503,0.0025289478116793246,0.00242312219662863,0.0023218604901220283,0.0022249577439158313,0.0021322187312110413,0.002043457450312189,0.0019584966562068012,0.0018771674181600612,0.0017993087019825549,0.0017247669751569092,0.0016533958334600113,0.0015850556479836408,0.0015196132310850673,0.0014569415202720475,0.0013969192788333973,0.0013394308124334044,0.0012843657005306187,0.001231618541804029,0.0011810887129128991,0.0011326801396735128,0.0010863010800329295,0.0010418639181467015,0.0009992849689079049,0.0009584842924643469,0.0009193855180364315,0.0008819156765471729,0.0004230025208451626
0.0498906097359062,0.08894996795133414,0.08155433523642697,0.07546735408274752,0.0702185563513893,0.06558293391355896,0.06142764420745017,0.057664671469144446,0.05423128444825864,0.051080458464159095,0.048175611753458525,0.04548746745233301,0.042992064459347556,0.040669434345947164,0.03850268636945131,0.0364773540526544,0.0345809157918906,0.032802434952161064,0.031132284247932795,0.029561930982629936,0.028083767136967364,0.026690973114013694,0.025377407144337227,0.024137514540791383,0.022966252510924545,0.021859027301599943,0.020811641227826194,0.019820247699194604,0.018881312778848525,0.017991582117891536,0.017148052349786114,0.016347946212556863,0.015588690803946648,0.014867898488380826,0.014183350060364863,0.013532979837547643,0.012914862414765915,0.012327200850969888,0.011768316099792425,0.011236637524992182,0.010730694363562499,0.010249108021392284,0.009790585101969701,0.009353911084358985,0.008937944575556384,0.0085416120739637,0.008163903189746274,0.007803866272810656,0.007460604406696741,0.007133271731381091,0.006821070062113244,0.006523245776369813,0.006239086942525743,0.005967920667882903,0.00570911064661421,0.005462054888978121,0.005226183616081112,0.005000957305909326,0.0047858648773804885,0.004580422001569287,0.004384169528906426,0.0041966720230902504,0.004017516393631196,0.003846310618811355,0.003682682552257413,0.0035262788065336392,0.003376763708439562,0.003233818320163784,0.003097139521561154,0.0029664391494923087,0.002841443189788552,0.0027218910182531947,0.002607534687323332,0.0024981382550938527,0.002393477154151724,0.002293337597196063,0.002197516017047055,0.002105818539058356,0.0020180604835188243,0.0019340658962449797,0.0018536671055767867,0.0017767043039753072,0.0017030251529526128,0.0016324844096190366,0.0015649435735577283,0.0015002705529898984,0.0014383393488415878,0.0013790297557707172,0.0013222270790301562,0.0012678218664276888,0.0012157096543052963,0.0011657907267650681,0.0011179698875049618,0.0010721562433970294,0.0010282629992224498,0.0009862072629074833,0.000945909860643513,0.0009072951614531172,0.0008702909105519005,0.0008348280710443225,0.00040042033679983137
0.04722591854510538,0.08420065455552828,0.07720093894767599,0.07143973974471973,0.06647180652755269,0.062084191448837256,0.05815117226167654,0.054589450886392665,0.05133965851981337,0.04835729104788389,0.045607727518048646,0.04306326031675245,0.040701212649489116,0.03850268636945131,0.03645169603494647,0.03453455051370169,0.03273939928778691,0.03105589184108759,0.029474916814675955,0.027988398758775124,0.026589137329570467,0.02527067833866037,0.024027209087117418,0.02285347248515568,0.021744695895455746,0.02069653164761337,0.019705006906932776,0.018766481112089284,0.01787760959511986,0.01703531228867261,0.016236746654139045,0.01547928413773636,0.01476048959157078,0.01407810320433528,0.013430024567458343,0.012814298567457527,0.012229102850213835,0.011672736641299503,0.011143610743263588,0.01064023855962093,0.010161228015690554,0.009705274267342467,0.00927115310347909,0.008857714962973107,0.008463879495183263,0.008088630604178554,0.007731011925346309,0.007390122687760681,0.007065113922842425,0.006755184984291729,0.0064595803481777014,0.006177586666768112,0.0059085300511133865,0.005651773561223206,0.005406714885439257,0.00517278419135625,0.004949442133413501,0.004736178003643857,0.004532508013040754,0.004337973693279901,0.004152140408195032,0.003974595966243902,0.0038049493263185713,0.0036428293891223873,0.0034878838676768026,0.003339778230718543,0.003198194713957242,0.0030628313936577403,0.0029334013180687957,0.0028096316928549747,0.002691263116332575,0.002578048861112993,0.0024697541989591107,0.002366155765732736,0.0022670409640187378,0.002172207400562849,0.002081462356255427,0.001994622286781794,0.0019115123516548482,0.0018319659699274835,0.0017558244008935506,0.0016829363480722129,0.0016131575852747423,0.001546350603129923,0.0014823842748480504,0.0014211335402420193,0.0013624791066909406,0.0013063071661556167,0.001252509127181653,0.0012009813611911016,0.001151624962042408,0.0011043455181276515,0.0010590528964043652,0.0010156610375411934,0.0009740877616227772,0.0009342545837935888,0.0008960865392565014,0.0008595120172120024,0.0008244626031221267,0.0007908729288624416,0.0003793402652135444
0.044735470827357404,0.0797618205427173,0.07313208826989115,0.06767533513800839,0.0629698750527421,0.05881402974043404,0.055088730437965916,0.05171508743965747,0.04863687393287852,0.04581194111061815,0.04320750027196496,0.040797310167445366,0.038559894106107384,0.0364773540526544,0.03453455051370169,0.03271851687036942,0.031018029695217053,0.029423286167113427,0.027925657032441764,0.026517494114669526,0.025191978022395478,0.023942996024232555,0.02276504292300846,0.021653139721314663,0.0206027662314206,0.01960980473857382,0.01867049252352576,0.01778138155329756,0.016939304027035806,0.016141342739843745,0.015384805444067895,0.014667202551782388,0.013986227645301552,0.013339740364473163,0.012725751316376765,0.012142408714547748,0.011587986506906262,0.01106087378794704,0.010559565325576198,0.010082653060295432,0.00962881845375177,0.009196825583481116,0.008785514894654567,0.008393797533749275,0.008020650197016116,0.007665110437043543,0.007326272378812088,0.007003282801083893,0.006695337545747165,0.006401678221952201,0.006121589175569875,0.005854394698954879,0.005599456457350438,0.00535617111189414,0.005123968121801575,0.004902307709015258,0.004690678971228185,0.004488598130484953,0.004295606905485125,0.004111270997868399,0.003935178682443377,0.003766939493058799,0.0036061829968774134,0.0034525576496863275,0.0033057297261477603,0.003165382319081006,0.0030312144030128566,0.0029029399567529895,0.0027802871407534083,0.0026629975256126023,0.002550825367747478,0.002443536929016228,0.0023409098372669176,0.0022427324848552713,0.0021488034628450864,0.0020589310281799653,0.001972932601678329,0.0018906342950725935,0.0018118704649284154,0.001736483291832222,0.0016643223832450912,0.0015952443984080522,0.0015291126941616266,0.0014657969901417794,0.001405173052196538,0.0013471223930941675,0.0012915319892776445,0.001238294012822043,0.0011873055775869223,0.001138468498901618,0.0010916890658172439,0.0010468778252330155,0.0010039493773262298,0.0009628221815084007,0.0009234183723825368,0.0008856635851138966,0.0008494867896610622,0.0008148201334750617,0.0007815987920833708,0.0007497608271449623,0.00035962352582972687
0.0424038230771554,0.0756059511249958,0.06932256903651934,0.06415081865598649,0.05969107156544662,0.05575219853516877,0.05222135888764612,0.04902378943352348,0.046106204460542366,0.043428659876721065,0.0409600820837962,0.03867560244175694,0.03655486763318838,0.0345809157918906,0.03273939928778691,0.031018029695217053,0.029406170586568803,0.02789453182187318,0.026474935433083435,0.02514013320338726,0.023883662342258194,0.022699729749320996,0.021583118074432528,0.020529108638418336,0.019533417568715794,0.018592142410164825,0.01770171713156099,0.016858873925441942,0.016060610556648536,0.015304162276796707,0.01458697752706678,0.01390669680737977,0.01326113420668601,0.012648261185676801,0.012066192276084492,0.011513172419012896,0.01098756571407647,0.010487845385601463,0.010012584805147162,0.009560449435494833,0.00913018957955633,0.008720633836427766,0.008330683180065829,0.007959305589436028,0.007605531166516882,0.007268447688427965,0.006947196547618439,0.006640969038271688,0.006349002953501742,0.006070579461913653,0.005805020235600908,0.005551684805872037,0.00530996812427996,0.005079298309964217,0.004859134566793585,0.004648965254471948,0.004448306100253249,0.0042566985391395,0.004073708171306617,0.0038989233275482232,0.0037319537332225206,0.003572429262837379,0.003419998778411676,0.003274329044632582,0.0031351037150322628,0.0030020223835831653,0.00287479969719924,0.002753164524173693,0.002636859174534413,0.002525638668868388,0.0024192700518458413,0.0023175317473962884,0.0022202129526691927,0.002127113067977457,0.0020380411605572593,0.0019528154595743058,0.0018712628803412082,0.0017932185760599559,0.0017185255150386838,0.0016470340818550422,0.0015786017009485238,0.00151309248111086,0.0014503768797972695,0.0013903313858008685,0.0013328382191950747,0.0012777850476636161,0.0012250647180380159,0.0011745750022432062,0.001126218356696112,0.0010799016945299278,0.001035536169728294,0.0009930369725130762,0.0009523231354453265,0.0009133173495022538,0.0008759457896327719,0.0008401379492347961,0.0008058264830298305,0.0007729470579634426,0.0007414382115785937,0.0007112412174698681,0.0003411499787590883
0.040217487060308366,0.07170901500113436,0.06575035922914974,0.06084582118160742,0.056616451629802445,0.05288101114824273,0.04953249793239056,0.04650001742727128,0.04373304121924748,0.04119369214924351,0.0388525045377468,0.03668589657465671,0.03467456811294256,0.032802434952161064,0.03105589184108759,0.029423286167113427,0.02789453182187318,0.026460819310940575,0.02511439375351432,0.02384838190212779,0.022656655286762584,0.021533720468383477,0.020474629960769652,0.01947490914047878,0.01853049568784715,0.017637688961038622,0.01679310733136058,0.015993651960242716,0.015236475837821506,0.014518957151126832,0.013838676244516679,0.013193395582618617,0.012581042236647522,0.011999692506563464,0.011447558360615978,0.010922975429078219,0.01042439233576567,0.009950361183616419,0.009499529041911675,0.009070630307264849,0.008662479827862252,0.008273966698242319,0.00790404864446595,0.007551746932209308,0.0072161417374575765,0.006896367928847097,0.006591611217978938,0.006301104638024108,0.006024125317030865,0.00575999151613274,0.005508059906176269,0.005267723060288068,0.005038407141116058,0.004819569764737117,0.004610698025574997,0.0044113066673100165,0.004220936387119137,0.004039152261746504,0.00386554228473375,0.00369971600607584,0.003541303265280668,0.003389953010374591,0.0032453321963478166,0.003107124756420103,0.0029750306406491622,0.002848764916572058,0.0027280569275995176,0.002612649504451711,0.002502298225824026,0.002396770725013757,0.002295846038932743,0.0021993139966163602,0.00210697464450995,0.0020186377058758823,0.0019341220722672234,0.0018532553246307579,0.001775873282109805,0.001701819576947948,0.001630945253548885,0.0015631083902442923,0.0014981737423300466,0.0014360124049196052,0.001376501494592914,0.001319523848458671,0.001264967739591366,0.0012127266080085228,0.0011626988060688473,0.0011147873575334845,0.00106889972938453,0.0010249476158062133,0.000982846733460073,0.0009425166274320378,0.0009038804873387554,0.0008668649728944162,0.0008314000484660848,0.0007974188260897463,0.0007648574164496273,0.000733654787468686,0.0007037526299858345,0.0006750952301481147,0.0003238146741165659
