0.061341554748313376,0.0791182371496515,0.05731296042490275,0.04284199529655974,0.03258089968912237,0.02505800233724753,0.019428414393551474,0.015156343385038629,0.011881228198937444,0.009350787631558444,0.007383626949102912,0.005846691444068811,0.004640895263804276,0.0036915716935311677,0.0029419211019051095,0.002348401523703199,0.0018774205017867002,0.0015029221808863513,0.0012046039303204824,0.0009665837005201627,0.0007763949852574552,0.000624222922861118,0.0005023197998470716,0.0004045552502920328,0.00032606838153290737,0.00026299755428496,0.00021226967597281696,0.00017143534083589092,0.00013853945016288225,0.00011201940117099279,9.062477441121037e-5,7.335384010243029e-5,5.940326050640028e-5,4.8128172907549536e-5,3.9010457770427814e-5,3.163347486733327e-5,2.566192048615015e-5,2.082574659513671e-5,1.690730723258061e-5,1.3731072837920274e-5,1.1155390809059672e-5,9.065878700986724e-6,7.370121662625428e-6,5.99341295011961e-6,4.875329533025999e-6,3.966976947685722e-6,3.2287709883953498e-6,2.6286504013461255e-6,2.140635898165772e-6,1.7436676617939547e-6,1.4206669671155428e-6,1.1577782828424555e-6,9.437568127052725e-7,7.694733121420726e-7,6.275135273063506e-7,5.118540227412102e-7,4.175997115379654e-7,3.407712514663943e-7,2.781327612855404e-7,2.270521546122301e-7,1.853878722181275e-7,1.5139698898572826e-7,1.2366063513919272e-7,1.0102344842771553e-7,8.254440105112784e-8,6.745685147514108e-8,5.513608037028482e-8,4.507290052094893e-8,3.685219796393021e-8,3.01354779292163e-8,2.4646664240912496e-8,2.0160542618816487e-8,1.6493353176679794e-8,1.3495130483562875e-8,1.1043465016926889e-8,9.038421027524173e-9,7.3983954891316175e-9,6.056743099271659e-9,4.95902500724819e-9,4.060765514706976e-9,3.325622574790938e-9,2.7238954528327154e-9,2.2313071687411033e-9,1.8280109303966972e-9,1.4977791959548555e-9,1.227341672044316e-9,1.0058447953184847e-9,8.244103253897974e-10,6.757748125205283e-10,5.53995072003372e-10,4.542075402289715e-10,3.7243162300778164e-10,3.054089681361208e-10,2.5047207893028013e-10,2.054368960361591e-10,1.6851496182636892e-10,1.3824158685703667e-10,1.1341709461021698e-10,9.305875660768365e-11,7.636146735833716e-11,3.133278278041079e-11
0.0791182371496515,0.10205530428408638,0.0739331552252851,0.05526896588169472,0.04203382228965158,0.032330003403965524,0.025068000915217326,0.019556876216721086,0.015331648044386748,0.01206696209544808,0.009528874067959547,0.007545776967483014,0.005989869878482074,0.004764843677499173,0.0037974320449776083,0.003031467405055964,0.0024236147893481608,0.001940260110812074,0.0015552102179211824,0.001247974184425682,0.0010024670672630978,0.0008060246366090977,0.0006486494694146316,0.0005224307565101314,0.00042109556568002346,0.00033966026024886704,0.00027415867809612617,0.00022142944621606538,0.00017894906110125673,0.00014470053128980446,0.0001170697530156156,9.476358314604305e-5,7.67449363841548e-5,6.218127508083844e-5,5.040365965012627e-5,4.087414437920812e-5,3.3159781068651e-5,2.6911864119508818e-5,2.1849340129533046e-5,1.7745531382854765e-5,1.4417500081880495e-5,1.1717519664842147e-5,9.52622944638926e-6,7.747135570699475e-6,6.302189877875408e-6,5.1282326533322775e-6,4.174128373398396e-6,3.3984578511263395e-6,2.767657481205861e-6,2.2545180350548577e-6,1.8369728144442012e-6,1.4971188381821667e-6,1.2204258250397853e-6,9.95096613691429e-7,8.115497733229862e-7,6.62000863331472e-7,5.401233798538832e-7,4.4077410556784206e-7,3.5977053648267514e-7,2.9371043903795693e-7,2.3982550615585046e-7,1.9586262428315046e-7,1.599875073901572e-7,1.307064572863199e-7,1.0680281941668487e-7,8.728535720352267e-8,7.134629630753127e-8,5.8327217167336954e-8,4.7691319554242714e-8,3.9000862271864246e-8,3.189880728239261e-8,2.609388068566119e-8,2.134841134586205e-8,1.7468428193070598e-8,1.4295594716512285e-8,1.170063822332261e-8,9.57799558909412e-9,7.841449288250194e-9,6.4205697582226015e-9,5.257814483528209e-9,4.306162073723396e-9,3.5271822722739243e-9,2.8894612589440253e-9,2.367316586433572e-9,1.9397482782913797e-9,1.5895825277604566e-9,1.3027725036473011e-9,1.0678273367619607e-9,8.75345706307572e-10,7.176348003954283e-10,5.883989711899327e-10,4.824852955436817e-10,3.95675606994745e-10,3.2451648477539274e-10,2.661802508503492e-10,2.1835130232530166e-10,1.7913314778907583e-10,1.469723654962017e-10,1.2059639432596727e-10,9.896263414031707e-11,4.060839693077615e-11
0.05731296042490275,0.0739331552252851,0.05356278257527758,0.04004274643504813,0.030455043602660492,0.023425206152393074,0.018164120123877803,0.01417133929927461,0.011110070310688808,0.008744647787081061,0.00690561313421198,0.005468658484177491,0.0043412052459383815,0.0034534852435303687,0.0027524212842064202,0.0021973219224941318,0.0017567914720215683,0.0014064761158136749,0.001127397968313744,0.0009047101181058406,0.0007267576637685694,0.0005843639908600859,0.00047028463201622545,0.0003787869555466521,0.0003053250757419244,0.00024628731384489667,0.00019879926419986808,0.0001605696992831927,0.0001297696292588582,0.00010493712486438949,8.490223237443608e-5,6.87276082771747e-5,5.56614884212978e-5,4.510036071043088e-5,3.655928966369464e-5,2.964828796253561e-5,2.405347611246679e-5,1.9522040241402123e-5,1.5850207743498272e-5,1.2873624439753808e-5,1.0459645496753423e-5,8.501153409531964e-6,6.911595975515346e-6,5.621000042432155e-6,4.572766526641608e-6,3.7210915934997936e-6,3.028890153677113e-6,2.4661226775897594e-6,2.0084461095138097e-6,1.6361254262885121e-6,1.3331549643502124e-6,1.0865486879806225e-6,8.857666081161588e-7,7.222509952736603e-7,5.890511855086808e-7,4.805199132297632e-7,3.9206742395781735e-7,3.199622866736217e-7,2.611699690837427e-7,2.1322196412789306e-7,1.7410964453549126e-7,1.4219814112937583e-7,1.1615644239971274e-7,9.490064033470457e-8,7.754783462478504e-8,6.337868146829567e-8,5.180695627097845e-8,4.23548091375e-8,3.463264249481038e-8,2.8322742787837546e-8,2.316596218686593e-8,1.8950879061276064e-8,1.5504973574062432e-8,1.2687441949107006e-8,1.0383343669273205e-8,8.498833202542576e-9,6.957274384196902e-9,5.696073345446003e-9,4.664096537035669e-9,3.8195653004390534e-9,3.1283386694091143e-9,2.5625125252443873e-9,2.099276596118832e-9,1.7199816572012588e-9,1.4093781295418252e-9,1.1549944676258508e-9,9.466295781425923e-10,7.759382777292357e-10,6.360926764061136e-10,5.215055333825884e-10,4.276042053129415e-10,3.506459045449949e-10,2.875666939369008e-10,2.358580380469182e-10,1.934658665655318e-10,1.5870803217950043e-10,1.302068007736731e-10,1.0683362834778321e-10,8.766398205745816e-11,7.194037340306308e-11,2.95210533670075e-11
0.04284199529655974,0.05526896588169472,0.04004274643504813,0.029936549083581232,0.02276950105042802,0.017514335445824425,0.013581265801093645,0.010596249944564151,0.00830755727293303,0.006539039460882412,0.005164031307196171,0.004089613956078736,0.0032465839573137256,0.0025827874059205433,0.0020585462848508873,0.001643440685697814,0.00131399927769571,0.0010520146638454443,0.0008432981685543815,0.0006767492682293649,0.0005436537263168676,0.0004371500804176802,0.0003518213885676585,0.0002833810273677956,0.0002284296661633732,0.00018426647243472826,0.00014874188274019776,0.00012014239704129714,9.710015768658246e-5,7.852178827039212e-5,6.353225311194139e-5,5.143046894054795e-5,4.165413820168731e-5,3.375183722912375e-5,2.7360825503298133e-5,2.218937620119979e-5,1.8002686891073895e-5,1.4611630232886914e-5,1.1863761298337472e-5,9.636120698217141e-6,7.829468823108613e-6,6.363662060588135e-6,5.173941379338305e-6,4.20795066498324e-6,3.423339361932867e-6,2.785833431041189e-6,2.267682008143005e-6,1.8464057284439607e-6,1.503787471914986e-6,1.2250580723132742e-6,9.98238938893427e-7,8.1361105482775e-7,6.632858263620178e-7,5.408580686471265e-7,4.411252698091621e-7,3.598603673508339e-7,2.9362775355594353e-7,2.3963422102365905e-7,1.956081628825728e-7,1.5970163252378222e-7,1.304109063050636e-7,1.0651202965468116e-7,8.700850162622014e-8,7.108879716136058e-8,5.8091865554884456e-8,4.747909831374636e-8,3.881154619328488e-8,3.1731396833489435e-8,2.594691179854016e-8,2.1220173413143092e-8,1.735711450044634e-8,1.419940350773369e-8,1.1617838021920088e-8,9.506964927943502e-9,7.780698375040882e-9,6.368749626141298e-9,5.2137176883810974e-9,4.268717884279847e-9,3.4954484684886984e-9,2.862614034468239e-9,2.3446395971851604e-9,1.920621543611865e-9,1.5734716482558591e-9,1.2892184848745072e-9,1.0564371837736347e-9,8.657838678675354e-10,7.096154820258278e-10,5.816792976267198e-10,4.768592782369556e-10,3.9096885813507895e-10,3.2058161210187057e-10,2.6289286532310497e-10,2.1560657188269788e-10,1.7684283353225061e-10,1.4506228109973883e-10,1.1900423454294512e-10,9.763612356261868e-11,8.011211234171537e-11,6.573924868975066e-11,5.3949765383237836e-11,2.213920624625602e-11
0.03258089968912237,0.04203382228965158,0.030455043602660492,0.02276950105042802,0.01731892733073931,0.013322213817508477,0.010330894977385596,0.008060549213096235,0.006319756686197331,0.004974568460671985,0.003928661854508048,0.0031113748352725942,0.0024700788475780777,0.001965110277132677,0.0015662927241465938,0.0012504902253966943,0.0009998510725015286,0.0008005267743400948,0.0006417251530767259,0.000515002690760007,0.0004137307826534622,0.00033269000760025817,0.00026775964881470965,0.00021567873564903514,0.00017386121175809975,0.0001402523447344272,0.00011321674602367401,9.145074495117982e-5,7.391361219526984e-5,5.9773431315555915e-5,4.836439447164693e-5,3.915303671554575e-5,3.171148431248478e-5,2.569622131027736e-5,2.083120784007145e-5,1.6894437621170792e-5,1.3707218844333344e-5,1.1125615477521148e-5,9.03360525405039e-6,7.337603827064468e-6,5.962077678980959e-6,4.846025842602459e-6,3.940155767559217e-6,3.2046144110524225e-6,2.607163904775803e-6,2.121713555781779e-6,1.7271377203593397e-6,1.4063232238966831e-6,1.1454012510316753e-6,9.331275977161956e-7,7.603823329724102e-7,6.197656354390972e-7,5.052711423006905e-7,4.1202180926242124e-7,3.36056213808373e-7,2.741555870152184e-7,2.237037481857337e-7,1.8257363418778045e-7,1.4903533549624329e-7,1.2168153279880285e-7,9.936701839543845e-8,8.115962356672066e-8,6.630038649340667e-8,5.4171209477925324e-8,4.426858850992561e-8,3.6182268176435076e-8,2.9577893046556383e-8,2.4182902970617953e-8,1.9775062360218724e-8,1.617312890351081e-8,1.3229260578445929e-8,1.0822835478511333e-8,8.85542025805499e-9,7.246672678050496e-9,5.9310040146090055e-9,4.854859760767516e-9,3.974503563959041e-9,3.2542108587622274e-9,2.6647961247086332e-9,2.1824118910750156e-9,1.7875691398950822e-9,1.4643381285741959e-9,1.1996962723392904e-9,9.829959206812788e-10,8.055299018375104e-10,6.601768093081699e-10,5.411113410556096e-10,4.435677188966351e-10,3.6364642729438745e-10,2.981563126082316e-10,2.444855513319772e-10,2.0049619199398221e-10,1.6443795007904504e-10,1.3487772995840757e-10,1.1064199580598022e-10,9.076964186729958e-11,7.447344354676546e-11,6.110852246618237e-11,5.0146545636823495e-11,4.115461316448073e-11,1.688899006784735e-11
0.02505800233724753,0.032330003403965524,0.023425206152393074,0.017514335445824425,0.013322213817508477,0.010248177609741449,0.007947357193751975,0.0062010288048074125,0.004861985250459,0.0038272137988889926,0.0030226362512953547,0.002393907720525938,0.0019005515034980977,0.0015120614505609725,0.0012052276112667591,0.0009622546471282321,0.0007694112948542289,0.0006160452064815219,0.0004938547349212976,0.0003963447032951338,0.0003184159106570947,0.0002560530860224279,0.00020608609369374403,0.00016600614207857222,0.00013382361948286554,0.00010795764815304089,8.714994989284723e-5,7.039744294197263e-5,5.689933670608295e-5,4.601549315586429e-5,3.723357545137645e-5,3.014307208563634e-5,2.4414716332184e-5,1.978415052869678e-5,1.6038937957453634e-5,1.3008220425436321e-5,1.0554470932186606e-5,8.56690838971772e-6,6.956233053128735e-6,5.650413024986962e-6,4.591308427307088e-6,3.7319640393582387e-6,3.0344360274171058e-6,2.468045889222961e-6,2.0079764850263997e-6,1.6341422634555579e-6,1.3302794695190116e-6,1.0832129955153423e-6,8.822651916820898e-7,7.187788524935015e-7,5.857321002999675e-7,4.774272868996006e-7,3.8923955179689243e-7,3.174134928780089e-7,2.5889866250212345e-7,2.1121641262695475e-7,1.7235206617123682e-7,1.406675596633271e-7,1.1483064115669244e-7,9.375746300232873e-8,7.656601732671364e-8,6.253835226291948e-8,5.108990211672837e-8,4.174458341500083e-8,3.411456607902354e-8,2.7883836751299484e-8,2.279483920209024e-8,1.8637612454619715e-8,1.52409570560604e-8,1.2465248744923627e-8,1.019659067156379e-8,8.342053567165496e-9,6.825800442465845e-9,5.585930639722221e-9,4.571909073731568e-9,3.742471649359157e-9,3.0639182554215417e-9,2.5087213020440675e-9,2.054391220251835e-9,1.6825512704922773e-9,1.3781828845915223e-9,1.1290099810569647e-9,9.2499656064212e-10,7.579366589424111e-10,6.211196140494752e-10,5.090567647803482e-10,4.1725826472664564e-10,3.42050789821643e-10,2.804286205601639e-10,2.2993196782195211e-10,1.8854754155213818e-10,1.5462728289358345e-10,1.268219311489885e-10,1.0402670905404672e-10,8.533690900738794e-11,7.001156994535109e-11,5.744376665488843e-11,4.713630425450832e-11,3.868183167312716e-11,3.1746568451824096e-11,1.3028493263365759e-11
0.019428414393551474,0.025068000915217326,0.018164120123877803,0.013581265801093645,0.010330894977385596,0.007947357193751975,0.006163296735796908,0.0048091479556992,0.0037707862062833636,0.0029683475550202343,0.002344399172010063,0.0018568064445840318,0.0014741862361816495,0.001172885351415777,0.000934907288748444,0.0007464535514093065,0.0005968766350560768,0.00047791626263178275,0.0003831348105042655,0.0003074953658793733,0.00024704346332807183,0.0001986651446070362,0.00015990180848680967,0.00012880770430521342,0.00010383969919997016,8.377163723401193e-5,6.762754826011266e-5,5.462938021234213e-5,4.415597267848966e-5,3.571076658108138e-5,2.8896327586455184e-5,2.3394201012078822e-5,1.8948950530711347e-5,1.5355488623014328e-5,1.2449003062201469e-5,1.0096935168944825e-5,8.19258287338456e-6,6.649992785393754e-6,5.3998765723251225e-6,4.386342542979938e-6,3.5642769388222385e-6,2.8972437111118006e-6,2.35579857005275e-6,1.9161344149513644e-6,1.5589921206584352e-6,1.2687840225467397e-6,1.0328880508385232e-6,8.410788980119751e-7,6.850693164072294e-7,5.581399940137505e-7,4.5484072676890094e-7,3.7074901762176617e-7,3.022749614879475e-7,2.4650346027144224e-7,2.0106656307914804e-7,1.6404013127596125e-7,1.3386015562488764e-7,1.0925495872048055e-7,8.919024432504371e-8,7.28245414173426e-8,5.947306266192632e-8,4.857837732325622e-8,3.9686605218130386e-8,3.242808562436918e-8,2.6501674700211767e-8,2.1661986194993974e-8,1.7709020511388316e-8,1.447973248802268e-8,1.1841173465738365e-8,9.6849121286787e-9,7.922494412794653e-9,6.481747970627892e-9,5.303773300993558e-9,4.340493331828809e-9,3.5526573136538836e-9,2.908214402254316e-9,2.3809881524757337e-9,1.949596004230987e-9,1.5965682830222874e-9,1.3076297198127693e-9,1.0711133864397138e-9,8.774825438487931e-10,7.189404549175339e-10,5.891119165207114e-10,4.827832786349361e-10,3.956901696058435e-10,3.243441417730153e-10,2.658910762200576e-10,2.1799550799528718e-10,1.7874611070276838e-10,1.465784569986991e-10,1.2021188693302345e-10,9.85978990614236e-11,8.087795456642576e-11,6.634897225043279e-11,5.443510835942312e-11,4.466467310527598e-11,3.665124616689339e-11,3.007822516352308e-11,2.4686181275806554e-11,1.0131255310035025e-11
0.015156343385038629,0.019556876216721086,0.01417133929927461,0.010596249944564151,0.008060549213096235,0.0062010288048074125,0.0048091479556992,0.003752641147541383,0.002942486531664408,0.002316385680110243,0.0018295366874481814,0.0014490706182953839,0.0011505050876653537,0.0009153874669135115,0.0007296777337676003,0.0005826106668561839,0.0004658791429866232,0.0003730383657326482,0.00029906546389884235,0.00024003034431428066,0.00019284741693390917,0.00015508685498967587,0.0001248301542704452,0.00010055895732728878,8.106905378174253e-5,6.540356471483209e-5,5.280083201280976e-5,4.265363790240562e-5,3.4477194369472003e-5,2.788394821101668e-5,2.2563702067831843e-5,1.8267895122917662e-5,1.4797148103160365e-5,1.1991376650111966e-5,9.721930282241537e-6,7.885332321563507e-6,6.398287664727666e-6,5.193696399392392e-6,4.217466734244397e-6,3.4259640882518467e-6,2.783967202833595e-6,2.2630288843547284e-6,1.8401600562929088e-6,1.4967724375289523e-6,1.2178283233890007e-6,9.911563761104532e-7,8.069006093081538e-7,6.570763314195505e-7,5.352120518583681e-7,4.360605292221973e-7,3.5536547340833894e-7,2.8967307617008095e-7,2.3617967432214455e-7,1.9260855511442767e-7,1.5711027984721619e-7,1.2818199801046893e-7,1.0460210432539176e-7,8.537729819559588e-8,6.969967362677106e-8,5.691192524316134e-8,4.64791243878625e-8,3.796581617254059e-8,3.101742765967022e-8,2.5345170434731773e-8,2.07137766766246e-8,1.6931533702842776e-8,1.3842183677289981e-8,1.1318337386809666e-8,9.25611750869518e-9,7.570800608892888e-9,6.19327068032046e-9,5.067132320914768e-9,4.14636024527521e-9,3.393384999507427e-9,2.7775335441215842e-9,2.273758614025208e-9,1.861603137092259e-9,1.5243560351684327e-9,1.2483638856270197e-9,1.02246954636883e-9,8.375542293905518e-10,6.861638826792346e-10,5.622042974934667e-10,4.6069225032384977e-10,3.775523423824041e-10,3.094511142454468e-10,2.5366157170272016e-10,2.0795252791721318e-10,1.704982001734991e-10,1.398043412809092e-10,1.1464787132750084e-10,9.402753438735138e-11,7.712356025061564e-11,6.326468260223887e-11,5.190116792941745e-11,4.2582756413022535e-11,3.494061757592711e-11,2.8672587871404367e-11,2.353109157037501e-11,1.9313255846636037e-11,7.926410189448504e-12
0.011881228198937444,0.015331648044386748,0.011110070310688808,0.00830755727293303,0.006319756686197331,0.004861985250459,0.0037707862062833636,0.002942486531664408,0.0023073073403062014,0.00181641560507248,0.0014346922720554663,0.0011363716256915686,0.0009022616357653897,0.0007178967053294832,0.0005722701357618269,0.0004569422934393892,0.0003654004527007832,0.00029259180354498666,0.00023457823872321312,0.00018827834344523108,0.00015127277479401718,0.00012165630693005813,9.792460020720912e-5,7.888704551429278e-5,6.359934368100695e-5,5.1311123225427106e-5,4.142508551733669e-5,3.3465032027003654e-5,2.7050766712017585e-5,2.1878341634422815e-5,1.770447022875259e-5,1.4334201765633025e-5,1.1611155105518078e-5,9.409766163793613e-6,7.629123566163477e-6,6.188059591932696e-6,5.021235237151378e-6,4.076013983752015e-6,3.309962344816918e-6,2.688849262616915e-6,2.1850431058807697e-6,1.7762259800343657e-6,1.4443615850874722e-6,1.174865900078215e-6,9.559402913949852e-7,7.780348203099299e-7,6.3341601577895e-7,5.158185383949769e-7,4.201642693009827e-7,3.423356322228812e-7,2.789925700715058e-7,2.2742468563657851e-7,1.854317260324537e-7,1.5122692792979853e-7,1.233588123431547e-7,1.0064787748129076e-7,8.213532842851425e-8,6.704153704248544e-8,5.4732371393939234e-8,4.469189297472019e-8,3.6500208835527384e-8,2.9815498688042334e-8,2.435942473305748e-8,1.990528343287297e-8,1.6268380706227774e-8,1.3298210766316225e-8,1.0872098616001195e-8,8.890030717035332e-9,7.270450535507546e-9,5.946837889436857e-9,4.864925208954283e-9,3.9804315087220605e-9,3.2572173083117147e-9,2.665781921263717e-9,2.182039281766855e-9,1.7863204399897256e-9,1.4625605659993036e-9,1.197636182866077e-9,9.80824748703775e-10,8.033639064067479e-10,6.580919438442414e-10,5.391544405929211e-10,4.4176486922498296e-10,3.6200918918673917e-10,2.966863185821974e-10,2.4317787210069734e-10,1.9934177658520645e-10,1.634253718817635e-10,1.3399441562310005e-10,1.0987507139798797e-10,9.01064979868762e-11,7.390209610599885e-11,6.061782666928136e-11,4.9726306120965154e-11,4.079562216225305e-11,3.3472007100230525e-11,2.7465664267019266e-11,2.253917204569813e-11,1.8497995391829304e-11,1.5182720750885983e-11,6.231350243190122e-12
0.009350787631558444,0.01206696209544808,0.008744647787081061,0.006539039460882412,0.004974568460671985,0.0038272137988889926,0.0029683475550202343,0.002316385680110243,0.00181641560507248,0.0014300073258870123,0.0011295226735429688,0.0008946839418694091,0.0007103865712803671,0.0005652455277421354,0.00045059785527987,0.00035980086560411656,0.00028772837148521684,0.0002304031844522665,0.0001847254424442073,0.00014826955932735345,0.00011913105804290704,9.58101273194989e-5,7.71225047811585e-5,6.213088064230699e-5,5.0091832734307446e-5,4.041459682250386e-5,3.262890927986108e-5,2.635984033041289e-5,2.1308038433036044e-5,1.723418020013203e-5,1.3946700656343252e-5,1.1292090431471677e-5,9.14720745648248e-6,7.413173758171105e-6,6.010522433401815e-6,4.87533277614202e-6,3.956147987668873e-6,3.211513781511022e-6,2.608010419402299e-6,2.118677480426023e-6,1.7217516573306762e-6,1.3996543777110057e-6,1.138179051972015e-6,9.258380178192094e-7,7.533373733933291e-7,6.131543288386277e-7,4.991968156628628e-7,4.0652915522634947e-7,3.311508216589473e-7,2.698179123044644e-7,2.1989899620818414e-7,1.7925865512420994e-7,1.461633464679605e-7,1.1920527062094113e-7,9.724076884777344e-8,7.934045503422196e-8,6.47488279741516e-8,5.2851547656546514e-8,4.3148910159776066e-8,3.523433838500225e-8,2.8776933394827695e-8,2.3507314514185608e-8,1.9206124191860156e-8,1.5694692901459026e-8,1.2827455649655605e-8,1.0485789428596879e-8,8.573003796148863e-9,7.010267572426795e-9,5.733295745355589e-9,4.689653936759488e-9,3.8365647076376515e-9,3.1391217926671315e-9,2.568836027813937e-9,2.1024510604057868e-9,1.7209785494285885e-9,1.4089119876036543e-9,1.1535859257265813e-9,9.446535885041101e-10,7.736609128059638e-10,6.336991354930753e-10,5.191213861092869e-10,4.2531144494197057e-10,3.484950268661958e-10,2.855857400971264e-10,2.340593246187567e-10,1.91850959382281e-10,1.5727139133666597e-10,1.289384243707849e-10,1.0572094538624526e-10,8.669318549358308e-11,7.109733851251174e-11,5.831300476205201e-11,4.7832209946415396e-11,3.9238978731528526e-11,3.2192630018052287e-11,2.6414113756952932e-11,2.1674833869260666e-11,1.778750358753792e-11,1.4598662584157995e-11,1.1982553054818513e-11,4.918053638822024e-12
0.007383626949102912,0.009528874067959547,0.00690561313421198,0.005164031307196171,0.003928661854508048,0.0030226362512953547,0.002344399172010063,0.0018295366874481814,0.0014346922720554663,0.0011295226735429688,0.0008922050868193088,0.0007067280784482498,0.0005611646844266276,0.00044652475512845825,0.0003559674468009916,0.000284247118014426,0.00022731558232977952,0.00018203194307195737,0.0001459480876716884,0.00011714836096338253,9.412862362225081e-5,7.570430579694398e-5,6.0940036745122566e-5,4.9095477130681295e-5,3.95834147988971e-5,3.1937205838762596e-5,2.578537943703687e-5,2.0831762805325975e-5,1.6839879085717028e-5,1.3620666288411266e-5,1.1022786712600843e-5,8.924963522287724e-6,7.22990825031939e-6,5.859500144460297e-6,4.7509528752869555e-6,3.85376168287803e-6,3.1272686198280402e-6,2.5387181989618517e-6,2.061702780310725e-6,1.6749181685625134e-6,1.3611664694970305e-6,1.106556287252664e-6,8.998606142212578e-7,7.320008744668731e-7,5.956319964269905e-7,4.848084751005796e-7,3.947154195407695e-7,3.214517897602389e-7,2.618555815134211e-7,2.1336275355563776e-7,1.738933171177337e-7,1.4175930592072327e-7,1.1559038377581246e-7,9.427367862124309e-8,7.690509846815079e-8,6.274991951254893e-8,5.12108660579782e-8,4.1802246919372167e-8,3.412899041098678e-8,2.7869643315826266e-8,2.2762579007606314e-8,1.8594804796314327e-8,1.5192875383233617e-8,1.2415513561516753e-8,1.0147615383780384e-8,8.295378471147602e-9,6.7823418008600235e-9,5.5461654575025905e-9,4.536011315971607e-9,3.7104119080597853e-9,3.035536005107674e-9,2.4837766871863148e-9,2.0326016376716723e-9,1.663616724402797e-9,1.3618031116245819e-9,1.1148955955314944e-9,9.128759021369167e-10,7.475595938824052e-10,6.122592166856117e-10,5.015095571584691e-10,4.1084351064068853e-10,3.366091992488707e-10,2.75820718281059e-10,2.2603630341912939e-10,1.8525886199157932e-10,1.518547479018778e-10,1.2448742197382782e-10,1.0206326014235406e-10,8.36872772698594e-11,6.862694614173293e-11,5.628262660697902e-11,4.616339327089422e-11,3.786727299813881e-11,3.106508519673095e-11,2.548722605794449e-11,2.0912858796152568e-11,1.7161070562788388e-11,1.408363718337779e-11,1.155910254740711e-11,9.487933106611845e-12,3.894275858193544e-12
0.005846691444068811,0.007545776967483014,0.005468658484177491,0.004089613956078736,0.0031113748352725942,0.002393907720525938,0.0018568064445840318,0.0014490706182953839,0.0011363716256915686,0.0008946839418694091,0.0007067280784482498,0.0005598257495257174,0.000444532636615369,0.00035372975085121855,0.000281999928363791,0.0002251891165116239,0.00018009145093909797,0.00014421950862035602,0.00011563446350502894,9.281913827660138e-5,7.458223968448484e-5,5.998555147001053e-5,4.828821086565768e-5,3.8903814365140064e-5,3.1367233904088074e-5,2.5308832931441195e-5,2.0434355113442017e-5,1.6509184189324384e-5,1.3345987523317462e-5,1.079498958286054e-5,8.73629686869371e-6,7.073828224425692e-6,5.730505091494414e-6,4.644433192128481e-6,3.765866197654865e-6,3.054787515495559e-6,2.4789816295088174e-6,2.012493867325128e-6,1.6343988700316607e-6,1.3278147777751012e-6,1.0791132727863679e-6,8.772859429554727e-7,7.134355624581778e-7,5.803673081553043e-7,4.722600110281499e-7,3.844015688679223e-7,3.129758427778774e-7,2.548909011818256e-7,2.07640498266627e-7,1.6919228659258401e-7,1.3789755089599335e-7,1.124182787582893e-7,9.166820663981076e-8,7.476513870870555e-8,6.099236398633266e-8,4.976742099297769e-8,4.0616799251777934e-8,3.315544035608756e-8,2.70701211072483e-8,2.2105978144245528e-8,1.8055575923579454e-8,1.475003471672266e-8,1.2051827851130511e-8,9.848932102161904e-9,8.050075432899829e-9,6.58087497508595e-9,5.380697498865242e-9,4.400106434491837e-9,3.598785251232651e-9,2.9438478284999166e-9,2.408463319474579e-9,1.97073666927413e-9,1.612797020496246e-9,1.3200552128192007e-9,1.0805988617966215e-9,8.846994059125789e-10,7.244103032020729e-10,5.932394488823187e-10,4.858820445074825e-10,3.980027159597093e-10,3.2605776317817263e-10,2.6715011985671616e-10,2.18910980070615e-10,1.794031698737994e-10,1.4704225428605603e-10,1.2053211244789822e-10,9.8812317986838e-11,8.101515375427388e-11,6.643049078007377e-11,5.447708779122083e-11,4.467913359956003e-11,3.664707148898564e-11,3.0061921447266394e-11,2.4662460184035272e-11,2.023473640449389e-11,1.6603494661562446e-11,1.3625159328216878e-11,1.1182094054226046e-11,9.177904162618402e-12,7.533591972669983e-12,3.0922048794935614e-12
0.004640895263804276,0.005989869878482074,0.0043412052459383815,0.0032465839573137256,0.0024700788475780777,0.0019005515034980977,0.0014741862361816495,0.0011505050876653537,0.0009022616357653897,0.0007103865712803671,0.0005611646844266276,0.000444532636615369,0.0003529938595488802,0.00028089741170944996,0.00022394312609859066,0.00017883341484467097,0.00014302331944828633,0.00011453816088699727,9.183873188740518e-5,7.372053445932271e-5,5.923776717852553e-5,4.7645533715484916e-5,3.8355610679691285e-5,3.090239830304308e-5,2.4916578609941796e-5,2.0104647252259557e-5,1.6232948091038542e-5,1.3115177527032963e-5,1.0602574813256988e-5,8.576200053006869e-6,6.940840716864735e-6,5.6201925996053625e-6,4.553041015894344e-6,3.6902290845536274e-6,2.992246841280449e-6,2.4273110959921836e-6,1.969833972211223e-6,1.599199846694182e-6,1.298787396318784e-6,1.055186746433434e-6,8.575721363670869e-7,6.97198711710747e-7,5.669985098803588e-7,4.6125580404111785e-7,3.7534600398657203e-7,3.055255096973605e-7,2.4876245104487444e-7,2.0260026469212892e-7,1.65047665672435e-7,1.3448985171012603e-7,1.0961680049387075e-7,8.936533691168314e-8,7.287230063521888e-8,5.943666769174337e-8,4.84888990236569e-8,3.956612547789297e-8,3.2292048816339806e-8,2.6360655422390528e-8,2.1523013942834618e-8,1.7576568611497457e-8,1.4356453128582065e-8,1.1728441156757578e-8,9.583223011585586e-9,7.83175744261604e-9,6.401495290212838e-9,5.233310484123723e-9,4.279005111126461e-9,3.4992805524050637e-9,2.8620871406514362e-9,2.3412813343569066e-9,1.9155328050750032e-9,1.5674346871113164e-9,1.2827790345555938e-9,1.0499666602563741e-9,8.595263141919695e-10,7.037228495798909e-10,5.76237832776601e-10,4.719091440393704e-10,3.8651862641204487e-10,3.166188796252219e-10,2.5939195319312155e-10,2.1253404009935235e-10,1.7416136811442054e-10,1.4273337671173884e-10,1.1698999263602752e-10,9.590040716126132e-11,7.862123832356838e-11,6.446235253967312e-11,5.285893848967387e-11,4.3348685652572396e-11,3.555313127876842e-11,2.9162411930682164e-11,2.3922796190746497e-11,1.962648967907387e-11,1.6103296949261476e-11,1.3213801028983131e-11,1.0843783553585614e-11,8.899659178996592e-12,7.304739373107614e-12,5.996174498529199e-12,2.46122535296178e-12
0.0036915716935311677,0.004764843677499173,0.0034534852435303687,0.0025827874059205433,0.001965110277132677,0.0015120614505609725,0.001172885351415777,0.0009153874669135115,0.0007178967053294832,0.0005652455277421354,0.00044652475512845825,0.00035372975085121855,0.00028089741170944996,0.00022353261854942113,0.00017821465933250645,0.00014232029088304902,0.00011382493756484586,9.1157654090173e-5,7.309390040076955e-5,5.867539436348545e-5,4.714964939507094e-5,3.792400474015808e-5,3.053044061936366e-5,2.4598492795980913e-5,1.98342977852493e-5,1.6004310151519177e-5,1.2922601498126924e-5,1.0440919514575825e-5,8.440883670198722e-6,6.8278416582818276e-6,5.526021354085073e-6,4.474696634579759e-6,3.625148942096307e-6,2.938255034379931e-6,2.3825686609639854e-6,1.932792681726005e-6,1.5685604330696037e-6,1.2734624731184147e-6,1.0342683516670262e-6,8.403036206334657e-7,6.829505912676218e-7,5.552478629411235e-7,4.5156878517038555e-7,3.6736307081684315e-7,2.9894898744389835e-7,2.433460974857468e-7,1.981405369876069e-7,1.6137642796965536e-7,1.3146829765248474e-7,1.071303967274962e-7,8.731962218571136e-8,7.118940016770462e-8,5.8052404221508703e-8,4.735040074122395e-8,3.8629847081497166e-8,3.152213558629087e-8,2.5727591762139867e-8,2.1002507591720254e-8,1.7148629913446386e-8,1.400463562071551e-8,1.143921547351033e-8,9.345460893437498e-9,7.636306628638341e-9,6.240829390872722e-9,5.10124068597143e-9,4.170442849257526e-9,3.410042182473233e-9,2.788733207581673e-9,2.280984331930845e-9,1.865968392560134e-9,1.5266922139815383e-9,1.2492879547253306e-9,1.0224360204648065e-9,8.368949979970243e-10,6.851186686250201e-10,5.609438944367136e-10,4.593362028046806e-10,3.761823556700168e-10,3.081211889751134e-10,2.524056317577581e-10,2.0679013414682456e-10,1.6943880633231224e-10,1.3885044311139406e-10,1.1379731812379867e-10,9.32752093475837e-11,7.646258729983218e-11,6.268727987497124e-11,5.139923926864162e-11,4.2148290088367847e-11,3.456594445166336e-11,2.835053825319228e-11,2.325508006394213e-11,1.9077316016737924e-11,1.5651605275270516e-11,1.2842275107229367e-11,1.0538185283269011e-11,8.648281059996832e-12,7.097954426294096e-12,5.8260662851890225e-12,4.782509183001577e-12,1.9631060960335125e-12
0.0029419211019051095,0.0037974320449776083,0.0027524212842064202,0.0020585462848508873,0.0015662927241465938,0.0012052276112667591,0.000934907288748444,0.0007296777337676003,0.0005722701357618269,0.00045059785527987,0.0003559674468009916,0.000281999928363791,0.00022394312609859066,0.00017821465933250645,0.0001420883275536234,0.000113473435355622,9.075637748473249e-5,7.268506393134574e-5,5.828347455303913e-5,4.6787790193879904e-5,3.759820962558806e-5,3.0242315054689788e-5,2.4347031768661516e-5,1.961704208109169e-5,1.5818084781695624e-5,1.2763977843637659e-5,1.030649549445492e-5,8.327444910170964e-6,6.732445743500178e-6,5.446033242866889e-6,4.407793898229858e-6,3.5693091551757087e-6,2.8917333679126723e-6,2.3438708591294867e-6,1.9006466772575589e-6,1.5418885738731296e-6,1.251355487390442e-6,1.0159616271816783e-6,8.25156022812569e-7,6.704258272456253e-7,5.448982704452957e-7,4.4302135527188264e-7,3.603074818135422e-7,2.931274194119005e-7,2.3854460348862666e-7,1.941817618356196e-7,1.5811348449116774e-7,1.2877963095883828e-7,1.0491548743635961e-7,8.54953989979019e-8,6.968725005386861e-8,5.6815684559777144e-8,4.6332371945892164e-8,3.779195670361875e-8,3.083259563202132e-8,2.5160200217216444e-8,2.053567303276956e-8,1.676456480068816e-8,1.3688689528532434e-8,1.1179324306575774e-8,9.131692145355433e-9,7.46048410881734e-9,6.096223660287453e-9,4.982313790902054e-9,4.0726378989104524e-9,3.3296099433928597e-9,2.7225892420065066e-9,2.226591327816239e-9,1.8212392637427733e-9,1.4899103198424664e-9,1.219041426216741e-9,9.975637065078517e-10,8.164419824000193e-10,6.682996674076059e-10,5.471131409482341e-10,4.479626730546046e-10,3.668293886208389e-10,3.004297235012185e-10,2.460804193384762e-10,2.0158839970837275e-10,1.6516092304396948e-10,1.3533226372896941e-10,1.1090386888731032e-10,9.089550448665678e-11,7.450536511543524e-11,6.107749670511855e-11,5.00751866646177e-11,4.10592244643221e-11,3.367013811281892e-11,2.7613676911575212e-11,2.2648945241151815e-11,1.8578701686035058e-11,1.524142709920498e-11,1.2504838025023787e-11,1.0260581295078839e-11,8.419894057343687e-12,6.910053035221535e-12,5.671469074871148e-12,4.655309372945662e-12,3.821551279540689e-12,1.5686945636526403e-12
0.002348401523703199,0.003031467405055964,0.0021973219224941318,0.001643440685697814,0.0012504902253966943,0.0009622546471282321,0.0007464535514093065,0.0005826106668561839,0.0004569422934393892,0.00035980086560411656,0.000284247118014426,0.0002251891165116239,0.00017883341484467097,0.00014232029088304902,0.000113473435355622,9.06238169846535e-5,7.248323947066544e-5,5.8052090832932165e-5,4.6551140591398477e-5,3.737055841130873e-5,3.0031452694598087e-5,2.41566270285427e-5,1.9448196436069214e-5,1.5670355509449588e-5,1.2636046274334305e-5,1.0196598108094053e-5,8.233646173098143e-6,6.652805751123731e-6,5.3787059348165995e-6,4.351079953235099e-6,3.5216797912527035e-6,2.851835926447654e-6,2.310523419494179e-6,1.8728264829707982e-6,1.518717379017255e-6,1.2320838018460754e-6,9.999530809955964e-7,8.118725638436172e-7,6.594141339923477e-7,5.357775472562402e-7,4.3547254201971133e-7,3.5406382851204857e-7,2.8796633026837993e-7,2.342806323073032e-7,1.9066063275207172e-7,1.5520701346640275e-7,1.263814303336132e-7,1.0293734554397784e-7,8.386423783341131e-8,6.834257521743062e-8,5.5707452507492044e-8,4.541920965667143e-8,3.703967798334687e-8,3.0212966420334134e-8,2.464991241724234e-8,2.011549260382348e-8,1.6418625220521083e-8,1.3403906338415532e-8,1.0944910364787194e-8,8.93875654895852e-9,7.30170054799161e-9,5.965556338558969e-9,4.874791032881401e-9,3.984165232473017e-9,3.2568158358733854e-9,2.6626978315953563e-9,2.1773174612926727e-9,1.780701956169207e-9,1.4565614218608717e-9,1.1916068407849065e-9,9.749949578147472e-10,7.978763215483529e-10,6.530272159923837e-10,5.345498351512171e-10,4.376279875079226e-10,3.5832799794790813e-10,2.9343640718760546e-10,2.403276376631407e-10,1.968560690150216e-10,1.6126800170741906e-10,1.321298286966933e-10,1.082694190694739e-10,8.87282738973174e-11,7.272246696414207e-11,5.961075124862727e-11,4.8868511681882184e-11,4.006648862559984e-11,3.2853395189247004e-11,2.6941713284080615e-11,2.2096085150662304e-11,1.8123824500230414e-11,1.4867158981208102e-11,1.2196887060510627e-11,1.0007190618425836e-11,8.211392037278076e-12,6.738483292764684e-12,5.530286163838607e-12,4.539128469196287e-12,3.725942291829029e-12,3.0587073445752773e-12,1.2555883330928016e-12
0.0018774205017867002,0.0024236147893481608,0.0017567914720215683,0.00131399927769571,0.0009998510725015286,0.0007694112948542289,0.0005968766350560768,0.0004658791429866232,0.0003654004527007832,0.00028772837148521684,0.00022731558232977952,0.00018009145093909797,0.00014302331944828633,0.00011382493756484586,9.075637748473249e-5,7.248323947066544e-5,5.7975577371208826e-5,4.643415518214983e-5,3.723592601949182e-5,2.989327707401859e-5,2.4023282529110103e-5,1.932432499221156e-5,1.5558200563553168e-5,1.2536342327530963e-5,1.0109161352453325e-5,8.157763645921844e-6,6.587488665386323e-6,5.322851610680332e-6,4.303572498857853e-6,3.481450018315692e-6,2.817894421029899e-6,2.2819762099692055e-6,1.8488796842309763e-6,1.498675097324165e-6,1.215342150773711e-6,9.859921794159187e-7,8.002477209314134e-7,6.497469744392597e-7,5.277475270454367e-7,4.288091040057861e-7,3.4853931567073376e-7,2.833896906953143e-7,2.3049189852922512e-7,1.8752612811685182e-7,1.5261522266554468e-7,1.2423946478940296e-7,1.0116793390874609e-7,8.240317481745744e-8,6.713656692444312e-8,5.471230235439311e-8,4.4598295136663814e-8,3.6362674606376806e-8,2.965478085960025e-8,2.4189792121802008e-8,1.9736283827713085e-8,1.6106155561775417e-8,1.3146471503359538e-8,1.0732848016822602e-8,8.764092793881975e-9,7.157856922436056e-9,5.847107126531281e-9,4.777262400169931e-9,3.903869072925521e-9,3.190712405006785e-9,2.6082822350464314e-9,2.1325258960671956e-9,1.7438342985313482e-9,1.4262173344005462e-9,1.1666330546030809e-9,9.544417880538659e-10,7.809618085976556e-10,6.391075620805397e-10,5.230950364613269e-10,4.282017526181387e-10,3.505712016587841e-10,2.870534594924741e-10,2.350752558731016e-10,1.9253403063023461e-10,1.5771152949256756e-10,1.292033205311842e-10,1.0586128561173327e-10,8.674668867533195e-11,7.109186792445419e-11,5.826896108511741e-11,4.776436764154106e-11,3.915789177308078e-11,3.2105704968406976e-11,2.6326426320251032e-11,2.1589748003704745e-11,1.7707138977012204e-11,1.4524245921676078e-11,1.1914680542027442e-11,9.774939486504155e-12,8.020249753459171e-12,6.581170457579676e-12,5.4008128396432055e-12,4.432565707895693e-12,3.638234149905989e-12,2.9865162106126492e-12,2.4517559973593238e-12,1.0064614559834426e-12
0.0015029221808863513,0.001940260110812074,0.0014064761158136749,0.0010520146638454443,0.0008005267743400948,0.0006160452064815219,0.00047791626263178275,0.0003730383657326482,0.00029259180354498666,0.0002304031844522665,0.00018203194307195737,0.00014421950862035602,0.00011453816088699727,9.1157654090173e-5,7.268506393134574e-5,5.8052090832932165e-5,4.643415518214983e-5,3.7191368643505265e-5,2.9824891464782003e-5,2.3944308479385997e-5,1.9243015888399488e-5,1.5479506190480853e-5,1.2463042577922408e-5,1.0042630049279875e-5,8.09848207306463e-6,6.5353892302258e-6,5.277546061394816e-6,4.2645017036342154e-6,3.4479805632279143e-6,2.7893793011725594e-6,2.257791442754658e-6,1.8284449407907714e-6,1.4814638818225332e-6,1.200885290925134e-6,9.738771737281563e-7,7.901156491884383e-7,6.412881016495125e-7,5.206963353906667e-7,4.2293921802060616e-7,3.4365860362222327e-7,2.793357030953645e-7,2.2712772424911758e-7,1.8473669668353423e-7,1.503040489841476e-7,1.2232581319420477e-7,9.958436798414133e-8,8.109345472599356e-8,6.605385490197425e-8,5.3817638238536386e-8,4.3859306298543744e-8,3.575248782484678e-8,2.915110711161836e-8,2.3774158672600967e-8,1.9393391268535685e-8,1.5823340454210974e-8,1.2913258007051907e-8,1.0540574294228228e-8,8.605600113328981e-9,7.0272312224014885e-9,5.739464403422389e-9,4.6885706448702025e-9,3.830800648607054e-9,3.130521749039017e-9,2.558704605393838e-9,2.091693589142624e-9,1.7102073593553325e-9,1.3985262795560303e-9,1.1438315451956343e-9,9.356675391401029e-10,7.655043129954434e-10,6.263814491179526e-10,5.126180881369926e-10,4.195767677599794e-10,3.4347103803066487e-10,2.8120869970722904e-10,2.3026403883617859e-10,1.885736697803971e-10,1.5445160502990923e-10,1.2651998724794265e-10,1.0365258303553826e-10,8.492867752125646e-11,6.959544759735945e-11,5.703724846444672e-11,4.675053834659396e-11,3.832340245140814e-11,3.1418829473035844e-11,2.5761050426614105e-11,2.1124377068259113e-11,1.7324080954822104e-11,1.4208938791835123e-11,1.1655138636874516e-11,9.561297720924826e-12,7.844388457004282e-12,6.436406562544505e-12,5.281645696014615e-12,4.334467865909661e-12,3.557479157880161e-12,2.9200368818962023e-12,2.3970277562828546e-12,1.967867781847855e-12,8.078417354029745e-13
