0.06134155474854475,0.09555846594302109,0.07946151325050654,0.06736704917652592,0.057744935628693206,0.04986379153775311,0.04329143737014107,0.037742477472967106,0.03301502513634613,0.028959458445366404,0.02546112268442291,0.02242993660272624,0.019793749307349062,0.017493884590996045,0.015482034659108523,0.013718025107088805,0.012168164077358157,0.010803995762107055,0.009601341464728325,0.008539549990051742,0.00760090353217216,0.006770141135821001,0.00603407244895561,0.005381261776302992,0.004801767541903021,0.0042869258994494425,0.0038291698625217835,0.0034218772627363225,0.0030592422892653584,0.0027361664540110422,0.0024481656624469536,0.00219129071496435,0.0019620590666220086,0.001757396070179884,0.001574584241939611,0.0014112193419716507,0.001265172263812609,0.0011345558930917488,0.0010176962296289914,0.0009131071781053185,0.0008194685035284865,0.0007356065236275959,0.0006604771734464356,0.0005931511303903601,0.0005328007322198125,0.00047868845816739607,0.0004301567751152785,0.00038661917762967,0.0003475522737230426,0.0003124887878298262,0.0002810113692999546,0.0002527471092048546,0.00022736268062142906,0.0002045600283584392,0.00018407254336633106,0.00016566166507525452,0.0001491138619154021,0.00013423794634042415,0.00012086268593479964,0.00010883467683664091,9.801644968002827e-5,8.828478181725926e-5,7.952919265957347e-5,7.16506016628564e-5,6.456013086861756e-5,5.817803598982601e-5,5.243275187747764e-5,4.726003979737387e-5,4.260222538647325e-5,3.8407517413705915e-5,3.462939856951983e-5,3.122608049398428e-5,2.8160016120435446e-5,2.5397463174526105e-5,2.2908093353580323e-5,2.0664642304864505e-5,1.8642596060679576e-5,1.6819910062631485e-5,1.5176757322140158e-5,1.3695302642428625e-5,1.2359500157790328e-5,1.1154911739462664e-5,1.006854408384502e-5,9.088702527666715e-6,8.20485984608625e-6,7.407538475406888e-6,6.688204764787348e-6,6.039174011286013e-6,5.453525162115052e-6,4.925024187270674e-6,4.448055228203218e-6,4.017558723289937e-6,3.628975794217184e-6,3.278198251212882e-6,2.9615236427125457e-6,2.675614834068007e-6,2.4174636535743835e-6,2.184358192007601e-6,1.9738533839674173e-6,1.7837445380979627e-6,8.060217587759456e-7
0.09555846594302109,0.1488661006943146,0.12379193522237708,0.10495208376599852,0.08996322331946849,0.07768616437614484,0.06744774881687166,0.05880344623170153,0.05143879791061923,0.04512075156898554,0.03967071900822483,0.03494838710649395,0.030841370708318494,0.02725827260980329,0.024123845331218197,0.021375509921939928,0.018960784664026065,0.016835343569660932,0.01496152276859486,0.013307152937354016,0.011844633924735087,0.010550192504617473,0.009403280762325661,0.008386083978642295,0.007483114816486863,0.006680876270392516,0.005967579940407697,0.005332909207370465,0.004767819137815793,0.004264366645803666,0.0038155657406363647,0.0034152636937739844,0.0030580347417930517,0.002739088560548289,0.0024541912357644927,0.002199596847872194,0.001971988105866393,0.0017684247209868165,0.001586298421416707,0.0014232936813959284,0.0012773533800703243,0.0011466487236336045,0.0010295528626562064,0.0009246177190216538,0.0008305536057951653,0.0007462112820438536,0.0006705661340962836,0.0006027042165650861,0.0005418099223965366,0.00048715508176253725,0.0004380893158075945,0.0003940314938333002,0.0003544621617718874,0.0003189168266212756,0.00028697999596343556,0.0002582798841548953,0.0002324837076964825,0.00020929350173915732,0.0001884423978763465,0.00016969131061748228,0.00015282598612556542,0.00013765437234121783,0.0001240042744108552,0.0001117212635234747,0.00010066681097417205,9.071662251139553e-5,8.175915090118243e-5,7.369426712407223e-5,6.643207286351335e-5,5.989183890047346e-5,5.40010557416135e-5,4.8694584343767985e-5,4.391389614840063e-5,3.9606392828178704e-5,3.5724797215057856e-5,3.222660780420616e-5,2.9073610068308382e-5,2.6231438555955047e-5,2.366918439392551e-5,2.135904340237792e-5,1.927600054697521e-5,1.739754690929595e-5,1.5703425771968784e-5,1.4175404771552761e-5,1.2797071401527479e-5,1.1553649437108125e-5,1.0431834107088719e-5,9.419644071580451e-6,8.506288466347925e-6,7.682047460325856e-6,6.938164932602495e-6,6.266752023346994e-6,5.660700443022048e-6,5.113604539277636e-6,4.619691226325531e-6,4.173756973573046e-6,3.771111133923314e-6,3.407524966819679e-6,3.0791857767205474e-6,2.782655648120961e-6,1.257417155839848e-6
0.07946151325050654,0.12379193522237708,0.10294264486432558,0.08727700714131736,0.07481337837903235,0.06460456526426017,0.05609086149986453,0.04890265558828166,0.04277848532921236,0.037524574590052096,0.03299243186302492,0.029065389792597984,0.02565000200511547,0.022670272796118496,0.02006363436337899,0.017778052352164286,0.015769887939722893,0.014002283563923634,0.01244392105102271,0.011068050831303189,0.009851722528992968,0.00877516781345336,0.007821300180164747,0.006975305773577717,0.0062243059663918965,0.005557077111778802,0.004963816295251874,0.004435944419972929,0.003965939831131124,0.0035471970976818507,0.003173906652009298,0.0028409518231290246,0.0025438204505144058,0.0022785287797233086,0.00204155574846511,0.0018297860981607642,0.0016404610095876043,0.001471135174066069,0.0013196393865794742,0.0011840478903922015,0.0010626498207349372,0.0009539241934313734,0.0008565179661035593,0.0007692267682095771,0.0006909779534575618,0.0006208156769415985,0.0005578877404765082,0.0005014339843925786,0.00045077603393463804,0.000405308233812237,0.0003644896262297,0.0003278368464911009,0.0002949178262969133,0.0002653462088351814,0.0002387763917846,0.00021489912471289903,0.00019343759643242761,0.00017414395573222066,0.00015679621571879554,0.00014119549802155953,0.00012716357826419436,0.00011454069880964491,0.00010318361877366964,9.296387478332363e-5,8.376622904476827e-5,7.548728397803938e-5,6.80342450681225e-5,6.1323815645956e-5,5.528120917822803e-5,4.9839266271323656e-5,4.493766501890929e-5,4.052221459944225e-5,3.654422315328427e-5,3.29599319574209e-5,2.973000880328628e-5,2.681909425237888e-5,2.4195395143064937e-5,2.183032033667144e-5,1.969815422826716e-5,1.777576403753868e-5,1.604233732345738e-5,1.4479146546763732e-5,1.3069337849500214e-5,1.1797741517371752e-5,1.0650701864615866e-5,9.61592452170581e-6,8.682339317024466e-6,7.839977137985994e-6,7.079859324936761e-6,6.3938983057702824e-6,5.774808312009004e-6,5.216025140359289e-6,4.711634031756963e-6,4.256304835610226e-6,3.845233714616021e-6,3.47409072202729e-6,3.138972652805028e-6,2.8363606321973002e-6,2.5630819598560458e-6,2.316275777866617e-6,1.0466810877588096e-6
0.06736704917652592,0.10495208376599852,0.08727700714131736,0.07399623392883026,0.06342989443108049,0.05477503838843334,0.04755719376027323,0.04146303434725607,0.03627091342745359,0.03181656254925802,0.02797410156294644,0.024644628034221683,0.021748924253747637,0.019222565692449123,0.017012510869166053,0.01507464769876421,0.013371981164498836,0.011873264887085844,0.010551948378691417,0.009385354099486404,0.00835402522007897,0.007441202456455048,0.006632400026778118,0.005915058784758634,0.005278260181280109,0.004712488691835201,0.004209433238157423,0.0037618202576938653,0.0033632726613348346,0.0030081901173191136,0.0026916470166808287,0.0024093051834754922,0.0021573389452715155,0.0019323706151876605,0.001731414782163744,0.0015518300828496374,0.0013912773519003802,0.001247683227909014,0.001119208440501212,0.001004220125483523,0.0009012676149687086,0.0008090612327351678,0.0007264536943881357,0.0006524237700566028,0.0005860619159251332,0.0005265576222692643,0.00047318826053057567,0.00042530924145436737,0.00038234532164543866,0.0003437829174313383,0.00030916330338762437,0.0002780765887882347,0.00025015637882594855,0.0002250750393045283,0.0002025394936891493,0.00018228749018935368,0.00016408428424504644,0.00014771968844704518,0.00013300544769941254,0.00011977290253737446,0.00010787090787667568,9.716397837534682e-5,8.753063496907336e-5,7.886193009291713e-5,7.106013171997842e-5,6.403754863095845e-5,5.771548135620908e-5,5.202328498191784e-5,4.6897531593471345e-5,4.228126150792894e-5,3.812331365498408e-5,3.437772654823275e-5,3.100320224103939e-5,2.796262649918692e-5,2.5222639174970096e-5,2.2753249419519303e-5,2.0527490962542107e-5,1.852111320986002e-5,1.6712304364649205e-5,1.5081443193763874e-5,1.3610876423654896e-5,1.2284719072858596e-5,1.1088675320734093e-5,1.0009877763558241e-5,9.036743141330048e-6,8.158842822678726e-6,7.366786514014314e-6,6.652117823846793e-6,6.0072204555262286e-6,5.4252339327443065e-6,4.899977874763716e-6,4.4258839428482245e-6,3.997934670957109e-6,3.611608474904932e-6,3.26283020852928e-6,2.947926700278069e-6,2.663586762610916e-6,2.4068252192743265e-6,2.1749505417851652e-6,1.9655357290786855e-6,8.881960509872992e-7
0.057744935628693206,0.08996322331946849,0.07481337837903235,0.06342989443108049,0.0543729666866104,0.04695439200563356,0.04076750330340828,0.03554375014035538,0.031093159654087765,0.027274937304951563,0.02398119076733579,0.021127150044732645,0.018644916737155903,0.016479271562269804,0.014584751577671806,0.012923547190267948,0.01146394883570595,0.010179174115022283,0.009046465499815914,0.008046384997375616,0.007162255124880695,0.006379710509384351,0.005686334443394364,0.005071361587141998,0.004525432805712187,0.004040391545426458,0.0036091136315507255,0.0032253641909210234,0.002883676763068263,0.002579250689778198,0.0023078636593470217,0.002065796888493149,0.0018497708982061142,0.001656890213321105,0.0014845956116488514,0.0013306227856406012,0.0011929664710411264,0.0010698492516372747,0.0009596943763065212,0.0008611020285926169,0.0007728285747693048,0.0006937683877772331,0.0006229379038233916,0.0005594616182860567,0.0005025597691924021,0.00045153749199316855,0.0004057752592432299,0.00036472044406971136,0.0003278798680215493,0.00029481321235114415,0.000265127187604978,0.00023847037003540093,0.00021452862498690627,0.00019302104757247572,0.00017369635968531852,0.00015632970992334556,0.00014071982960028005,0.0001266865037266307,0.00011406832079420429,0.00010272066957493992,9.25139548835698e-5,8.333200760094373e-5,7.507066715214581e-5,6.763651716343473e-5,6.094575726596431e-5,5.492319597140806e-5,4.950135128265138e-5,4.4619647202778973e-5,4.02236956611303e-5,3.626465455715039e-5,3.2698653657745936e-5,2.948628101172952e-5,2.659212336137936e-5,2.398435474938726e-5,2.1634368164485853e-5,1.9516445628062033e-5,1.7607462631874808e-5,1.588662328376949e-5,1.4335222908778381e-5,1.2936435209147542e-5,1.167512139812308e-5,1.0537658998760127e-5,9.511788249938789e-6,8.58647427730714e-6,7.751783385969227e-6,6.998772006651995e-6,6.319386980320528e-6,5.706376007476717e-6,5.153207210393534e-6,4.653996868917096e-6,4.203444487022018e-6,3.7967744369001494e-6,3.4296835058846465e-6,3.0982937410715223e-6,2.7991100502353954e-6,2.528982073250535e-6,2.2850698887969957e-6,2.064813166282654e-6,1.8659034125862996e-6,1.6862589997689893e-6,7.620013461103371e-7
0.04986379153775311,0.07768616437614484,0.06460456526426017,0.05477503838843334,0.04695439200563356,0.040548400810219265,0.03520592998848149,0.030695100514895657,0.02685188052529508,0.023554700749946644,0.020710401046833304,0.018245786054185087,0.016102228061666057,0.01423204706227127,0.012595987114903617,0.01116140054296108,0.009900906738809806,0.008791379469007377,0.007813167798104759,0.006949487074601107,0.0061859362452198335,0.005510110687281133,0.004911288394643151,0.004380173276966423,0.003908683474030478,0.0034897755365133343,0.003117297463959355,0.002785865163421497,0.002490758066521513,0.0022278305288576314,0.0019934363146261735,0.0017843639931662686,0.001597781482813851,0.0014311882999506233,0.001282374326741012,0.001149384115814587,0.0010304859154730318,0.0009241447325344723,0.0008289988596670884,0.0007438393838798997,0.0006675922668638763,0.0005993026495462062,0.000538121084512351,0.00048329144299533687,0.00043414027907190053,0.00039006746432000694,0.00035053793199556465,0.00031507439160795726,0.00028325089352105974,0.0002546871391429506,0.0002290434459326484,0.00020601628822556825,0.00018533434493105214,0.0001667549939299508,0.00015006120053804705,0.00013505875390474546,0.000121573810912341,0.00010945071207105585,9.855003817962373e-5,8.874688030069389e-5,7.99292988287409e-5,7.19969503184593e-5,6.485986324346739e-5,5.843734603970161e-5,5.265701272548799e-5,4.745391308033859e-5,4.2769755865308505e-5,3.8552214863106006e-5,3.475430868665676e-5,3.133384632550765e-5,2.8252931293164317e-5,2.547751803972948e-5,2.2977014999231275e-5,2.072392926126906e-5,1.8693548413625295e-5,1.6863655585210675e-5,1.5214274157258792e-5,1.372743899649302e-5,1.2386991401217929e-5,1.1178395258848038e-5,1.008857218221795e-5,9.105753630738817e-6,8.21934823915985e-6,7.419822762833142e-6,6.6985952203198055e-6,6.047938965238127e-6,5.460896551588807e-6,4.931202378796065e-6,4.453213208077556e-6,4.021845738816119e-6,3.6325205169894097e-6,3.2811115250952954e-6,2.9639008708250123e-6,2.677538051812992e-6,2.419003328837848e-6,2.1855747878815707e-6,1.9747987151289665e-6,1.784462947986419e-6,1.6125728994644312e-6,1.4573299848305234e-6,6.5855610367674e-7
0.04329143737014107,0.06744774881687166,0.05609086149986453,0.04755719376027323,0.04076750330340828,0.03520592998848149,0.03056764565559733,0.026651350491679215,0.023314644115682903,0.02045198872605325,0.017982509019028703,0.0158426614988581,0.013981549138390281,0.012357778843323203,0.010937270642989494,0.00969168136523782,0.008597240324004357,0.007633870183134328,0.006784510627668244,0.006034589668276372,0.005371604612871103,0.004784785958628732,0.004264824963121,0.003803650796212976,0.003394246770090356,0.0030304977054349605,0.0027070623489319906,0.002419266122622228,0.0021630105049977033,0.0019346961130443513,0.0017311571438257817,0.0015496052889546787,0.001387581590072514,0.0012429149834228513,0.0011136865034974928,0.0009981982934914937,0.0008949467138205727,0.0008025989558747455,0.0007199726634482106,0.000646018142254623,0.0005798028021992609,0.0005204975306152982,0.00046736473919826993,0.00041974786474080136,0.000377062134969376,0.00033878643736239347,0.0003044561512290725,0.00027365682227240267,0.00024601857513436524,0.00022121117325623902,0.00019893964725003783,0.00017894042319786026,0.00016097789102205787,0.0001448413606867146,0.00013034236053484404,0.00011731223771166248,0.00010560002556929014,9.507054722796742e-5,8.560272817999476e-5,7.708809410369413e-5,6.942943285752562e-5,6.253960213373167e-5,5.634046642290615e-5,5.076194883744554e-5,4.574118502405681e-5,4.122176786273946e-5,3.7153072952660895e-5,3.34896560099324e-5,3.0190714318544128e-5,2.7219605261868496e-5,2.4543415738068563e-5,2.213257695841866e-5,1.996051973966235e-5,1.8003365940030553e-5,1.623965217216857e-5,1.4650082345332542e-5,1.321730596997217e-5,1.1925719492807731e-5,1.0761288223287414e-5,9.711386679369272e-6,8.764655413976888e-6,7.910872590754289e-6,7.140838765896327e-6,6.4462734944465035e-6,5.819722528751367e-6,5.2544745079232975e-6,4.744486152069631e-6,4.2843150809819774e-6,3.869059468476069e-6,3.4943038278506457e-6,3.1560702963375663e-6,2.850774853606755e-6,2.5751879682750476e-6,2.3263992185348554e-6,2.101785480816619e-6,1.8989823221080636e-6,1.7158582694784094e-6,1.550491664219385e-6,1.4011498377693984e-6,1.2662703739948072e-6,5.72222123321466e-7
0.037742477472967106,0.05880344623170153,0.04890265558828166,0.04146303434725607,0.03554375014035538,0.030695100514895657,0.026651350491679215,0.023237015996790678,0.020327958530614476,0.01783217452716085,0.01567915993773278,0.013813519712575772,0.012190883367288324,0.010775165487100336,0.009536655897003143,0.00845064550660471,0.007496411325427443,0.006656450079209453,0.005915888622453014,0.005262023049222159,0.004683953405541716,0.0041722906870623605,0.003718919348521088,0.0033168030348780103,0.002959824378545882,0.0026426519393654493,0.0023606289829475047,0.0021096799832180657,0.0018862316236419041,0.0016871457422333175,0.0015096621792582872,0.0013513498829558351,0.0012100649378778208,0.0010839144245005788,0.0009712252121957393,0.0008705169426042776,0.0007804785855672451,0.0006999480508188861,0.0006278944216944679,0.0005634024450742459,0.0005056589678045145,0.0004539410565061481,0.0004076055764967775,0.0003660800381280714,0.00032885454603753285,0.00029547470998329394,0.0002655353954574731,0.00023867520878799973,0.00021457162562643801,0.00019293668377976837,0.00017351317168588396,0.000156071252742627,0.00014040547330724336,0.00012633210882390328,0.00011368680824172007,0.00010232250180766548,9.210754162968719e-5,8.292404813637949e-5,7.466643879473962e-5,6.724011830808239e-5,6.0560311959562216e-5,5.455102595434123e-5,4.914412050702438e-5,4.427848307436569e-5,3.989929059985313e-5,3.595735091593182e-5,3.24085145855964e-5,2.9213149445528807e-5,2.633567099895079e-5,2.374412257893666e-5,2.1409799879406753e-5,1.9306915057542564e-5,1.7412296145031365e-5,1.5705117975041546e-5,1.4166661253481414e-5,1.2780096768496478e-5,1.1530292064139251e-5,1.0403638196201291e-5,9.387894443477451e-6,8.472049080563842e-6,7.646194521801513e-6,6.901415326697371e-6,6.229687721203211e-6,5.623789430146602e-6,5.0772187462809145e-6,4.584121875785772e-6,4.1392277002368755e-6,3.7377891874330633e-6,3.375530763246695e-6,3.0486010301505165e-6,2.753530281203231e-6,2.487192316866166e-6,2.246770123367616e-6,2.0297250168189914e-6,1.8337688989654538e-6,1.6568393068229815e-6,1.4970769715233148e-6,1.352805631217235e-6,1.2225138688320037e-6,1.1048387693783903e-6,4.99275606320199e-7
0.03301502513634613,0.05143879791061923,0.04277848532921236,0.03627091342745359,0.031093159654087765,0.02685188052529508,0.023314644115682903,0.020327958530614476,0.017783242424819712,0.015600021973720457,0.013716628373027617,0.012084608238036837,0.01066515107199631,0.009426693113389922,0.00834324686749005,0.007393199176244564,0.00655842344322799,0.005823609301818106,0.0051757469211635015,0.0046037238801369534,0.004098005660711182,0.003650379366741674,0.00325374599697896,0.002901950522579508,0.002589641761056763,0.0023121559910766823,0.0020654196685556334,0.0018458676455575806,0.0016503740707463493,0.0014761937367272389,0.0013209120890083775,0.001182402458048775,0.0010587893463673906,0.0009484168161512652,0.000849821191990438,0.0007617074289005283,0.0006829286052230828,0.000612468088379033,0.0005494239940888584,0.0004929956191224941,0.0004424715766403204,0.00039721940400636035,0.0003566764469057383,0.00032034185209064113,0.00028776952486841284,0.0002585619277103539,0.0002323646134398177,0.0002088614009025866,0.0001877701134321546,0.0001688388109715353,0.00015184245575887087,0.00013657995927767027,0.0001228715648262193,0.00011055652586933109,9.949104532551694e-5,8.954644524786334e-5,8.060754012764303e-5,7.257119031323653e-5,6.53450148667854e-5,5.884624568309213e-5,5.300070683257846e-5,4.774190500362327e-5,4.301021857592159e-5,3.8752174302825074e-5,3.491980186343807e-5,3.1470057664208175e-5,2.8364310263407863e-5,2.5567880649541457e-5,2.3049631379734007e-5,2.0781599259974532e-5,1.8738666840830624e-5,1.6898268532817727e-5,1.5240127612436646e-5,1.3746020800595757e-5,1.2399567463982448e-5,1.1186040809596856e-5,1.009219873307146e-5,9.106132236889479e-6,8.21712955793104e-6,7.415554347460333e-6,6.692736424697762e-6,6.040873783217754e-6,5.4529446729263925e-6,4.9226287036469686e-6,4.444236030220705e-6,4.0126437790808e-6,3.623238963905076e-6,3.2718672187610797e-6,2.9547867469533035e-6,2.6686269480705486e-6,2.41035124096238e-6,2.1772236516320005e-6,1.9667787799526365e-6,1.776794798909885e-6,1.6052691765382527e-6,1.4503968425371653e-6,1.3105505504858354e-6,1.1842632124107811e-6,1.0702120051593233e-6,9.672040689430617e-7,4.3708181845452923e-7
0.028959458445366404,0.04512075156898554,0.037524574590052096,0.03181656254925802,0.027274937304951563,0.023554700749946644,0.02045198872605325,0.01783217452716085,0.015600021973720457,0.013684947657144397,0.01203286182641744,0.010601265820849054,0.009356118651533657,0.008269735370434378,0.007319321927555106,0.00648592097641601,0.0057536332201470475,0.005109029473519211,0.004540698355155373,0.004038892711132419,0.003595249379659826,0.003202564409593378,0.0028546108649627477,0.002545989787126876,0.0022720072908500033,0.0020285724830584675,0.0018121121350345645,0.0016194989518767897,0.0014479909647750616,0.0012951800861235457,0.0011589482616495249,0.0010374299578516238,0.0009289799602956034,0.0008321456455406828,0.0007456430378604221,0.0006683360807962311,0.0005992186495580344,0.0005373989078080402,0.00048208567607231634,0.00043257653116682455,0.0003882473989997824,0.00034854343891427535,0.0003129710475128335,0.0002810908348955775,0.00025251144710871157,0.00022688412637427574,0.00020389791565268624,0.0001832754267585661,0.0001647691021347394,0.00014815790964173422,0.0001332444176539889,0.00011985220458971078,0.00010782356283725505,9.701746213571145e-5,8.730774184402589e-5,7.858150530914445e-5,7.073769285103823e-5,6.36858127449581e-5,5.7344812063399135e-5,5.1642071434909384e-5,4.651250965153567e-5,4.189778573511613e-5,3.774558752545683e-5,3.400899712202219e-5,3.064592463602209e-5,2.7618602691244546e-5,2.4893134983593537e-5,2.243909296156338e-5,2.0229155369711426e-5,1.8238785989983883e-5,1.6445945434824527e-5,1.4830833311381018e-5,1.3375657485632981e-5,1.206442753552025e-5,1.0882769805702997e-5,9.817761756980808e-6,8.85778355814499e-6,7.992385092156338e-6,7.212166744436331e-6,6.508672519734115e-6,5.874294190205622e-6,5.302185316026939e-6,4.78618410575983e-6,4.320744191826543e-6,3.900872496352944e-6,3.522073450406901e-6,3.180298906548486e-6,2.871903155498976e-6,2.593602518964219e-6,2.342439047047686e-6,2.115747897140258e-6,1.91112801614215e-6,1.7264157872803009e-6,1.5596613376969433e-6,1.4091072349753986e-6,1.2731693286840795e-6,1.1504195184024566e-6,1.0395702523586205e-6,9.394605807224622e-7,8.490436059442151e-7,3.836875943765916e-7
0.02546112268442291,0.03967071900822483,0.03299243186302492,0.02797410156294644,0.02398119076733579,0.020710401046833304,0.017982509019028703,0.01567915993773278,0.013716628373027617,0.01203286182641744,0.010580307827908031,0.00932160395800899,0.008226823178500792,0.007271626235931639,0.006435973618560409,0.005703198788357372,0.0050593236474653774,0.004492541667505567,0.003992820254438506,0.003551589910355646,0.003161497870982008,0.002816210493816307,0.002510253084530921,0.0022388788729442513,0.001997960963885645,0.0017839025937405675,0.001593562115328552,0.001424189936467004,0.001273375236885893,0.001139000740442389,0.001019204166092965,0.0009123452484335708,0.0008169774271926319,0.0007318234696536922,0.0006557544204379168,0.0005877713775799542,0.0005269896782055805,0.0004726251452693165,0.00042398210281793976,0.00038044291308444046,0.0003414588264972233,0.0003065419671636491,0.0002752583025651253,0.00024722146817017596,0.0002220873360148385,0.0001995492319254652,0.00017933371922880742,0.0001611968779318949,0.0001449210179230295,0.00013031177287928372,0.00011719552854087866,0.00010541714502235438,9.483793796101025e-5,8.533388778221226e-5,7.679405020881891e-5,6.911914446183992e-5,6.2220298507055e-5,5.6017933218976924e-5,5.044076951565553e-5,4.542494444733508e-5,4.091322387009006e-5,3.6854300811176e-5,3.3202169910143435e-5,2.9915569435061862e-5,2.69574833625172e-5,2.4294696872932578e-5,2.18973993790853e-5,1.973882986707517e-5,1.779495992671441e-5,1.604421036950339e-5,1.4467197788713354e-5,1.3046507825295334e-5,1.1766492263362907e-5,1.0613087395751933e-5,9.573651384639042e-6,8.636818588726524e-6,7.792369052492379e-6,7.031111550056878e-6,6.344778748456866e-6,5.725933212221031e-6,5.1678831084582815e-6,4.664606593609281e-6,4.2106839737124e-6,3.801236825116429e-6,3.431873350415331e-6,3.098639321554413e-6,2.797974029664508e-6,2.5266707235155217e-6,2.281841072318773e-6,2.0608832382007616e-6,1.8614531862751156e-6,1.6814388997810545e-6,1.5189372024095015e-6,1.3722329206369266e-6,1.239780147018116e-6,1.1201853899350788e-6,1.0121924176200994e-6,9.146686242023659e-7,8.26592763039071e-7,7.470439087249071e-7,3.3759576172086075e-7
0.02242993660272624,0.03494838710649395,0.029065389792597984,0.024644628034221683,0.021127150044732645,0.018245786054185087,0.0158426614988581,0.013813519712575772,0.012084608238036837,0.010601265820849054,0.00932160395800899,0.008212710337869633,0.007248222318117559,0.006406699423711831,0.005670488742301805,0.005024908557981295,0.004457645363201604,0.003958298560453349,0.003518030195303279,0.003129291146425052,0.002785604110453914,0.002481389529878794,0.002211824499219535,0.0019727273482274058,0.0017604624630190302,0.0015718612321777709,0.0014041559666492578,0.0012549243493321614,0.0011220424981809238,0.00100364512503966,0.0008980915776547298,0.0008039367878153944,0.0007199063322985734,0.0006448749582766335,0.0005778480397593891,0.0005179455236945726,0.00046438799867417127,0.0004164845792246248,0.0003736223479943084,0.0003352571385293055,0.00030090547460793256,0.00027013750982917903,0.0002425708342096199,0.00021786503389552118,0.0001957169062544997,0.0001758562463754533,0.00015804213260642514,0.00014205964857092563,0.00012771698753221046,0.00011484289214018593,0.0001032843887397313,9.290478071299815e-5,8.358186984765582e-5,7.52063786687079e-5,6.768055006089665e-5,6.091690343312936e-5,5.483712923774666e-5,4.937110587432958e-5,4.445602493003092e-5,4.003561240813387e-5,3.6059435048384e-5,3.2482282142557166e-5,2.9263614373924098e-5,2.6367072191784357e-5,2.376003710375296e-5,2.1413240028643683e-5,1.9300411527869814e-5,1.7397969315930252e-5,1.5684738977106904e-5,1.414170427464442e-5,1.2751783840722066e-5,1.1499631396008115e-5,1.0371456964770425e-5,9.35486683056446e-6,8.438720228140842e-6,7.613000984403649e-6,6.868702518577507e-6,6.197724785353393e-6,5.592781896517025e-6,5.047319294977144e-6,4.555439476088753e-6,4.1118353585949076e-6,3.7117305050423944e-6,3.35082547529306e-6,3.0252496741476275e-6,2.7315181220900027e-6,2.4664926377261244e-6,2.227346975410708e-6,2.011535508989235e-6,1.8167650962783966e-6,1.6409697964427477e-6,1.4822881472669624e-6,1.3390427398525424e-6,1.20972185531755e-6,1.0929629528630773e-6,9.87537820197732e-7,8.923392169783399e-7,8.063688594864174e-7,7.287266101897177e-7,6.586007500530576e-7,2.9762961201717504e-7
0.019793749307349062,0.030841370708318494,0.02565000200511547,0.021748924253747637,0.018644916737155903,0.016102228061666057,0.013981549138390281,0.012190883367288324,0.01066515107199631,0.009356118651533657,0.008226823178500792,0.007248222318117559,0.006397053169647254,0.005654396162760478,0.005004673885966829,0.004434930727805125,0.003934300802207996,0.003493606194691745,0.003105047887683461,0.0027619641510632856,0.0024586390481066978,0.002190148834083902,0.0019522374546801433,0.0017412147016556759,0.001553872226335011,0.0013874137816794023,0.0012393969123755677,0.0011076839362908798,0.0009904005264735095,0.0008859005544219652,0.0007927361246794461,0.0007096319386124747,0.0006354632873510745,0.0005692371017998188,0.0005100755890253099,0.0004572020655527632,0.0004099286636858306,0.0003676456399342668,0.00032981205816681215,0.0002959476557356528,0.0002656257301839795,0.0002384669086123595,0.0002141336821269357,0.00019232560486873943,0.00017277507138073944,0.0001552435982149279,0.00013951854591831396,0.00012541022619385125,0.00011274934647003722,0.00010138475043550144,9.118141851651319e-5,8.201869694660622e-5,7.378872806549871e-5,6.6395057966191e-5,5.975140059998204e-5,5.3780540029723864e-5,4.841335478183225e-5,4.3587950203851896e-5,3.924888643061725e-5,3.53464910619705e-5,3.1836246936146916e-5,2.867824653004277e-5,2.583670551051275e-5,2.3279528827857175e-5,2.0977923511730724e-5,1.890605300051355e-5,1.70407284309209e-5,1.536113282879037e-5,1.3848574606659136e-5,1.2486267178934008e-5,1.1259131860241782e-5,1.01536215306726e-5,9.15756283153727e-6,8.2600149015188e-6,7.4511428842723734e-6,6.722104630197865e-6,6.06494918925263e-6,5.47252584488656e-6,4.9384025730916015e-6,4.4567929327101325e-6,4.022490499913238e-6,3.630810054570477e-6,3.2775348123075204e-6,2.9588690699771576e-6,2.671395700572517e-6,2.4120379936196944e-6,2.178025389655925e-6,1.9668627058705892e-6,1.7763024918500883e-6,1.604320192932051e-6,1.4490918318033472e-6,1.3089739497250364e-6,1.1824855757149483e-6,1.068292015890639e-6,9.651902770524744e-7,8.720959576746111e-7,7.880314568301216e-7,7.121153670768901e-7,6.435529309492827e-7,5.81627453247354e-7,2.6284628620585593e-7
0.017493884590996045,0.02725827260980329,0.022670272796118496,0.019222565692449123,0.016479271562269804,0.01423204706227127,0.012357778843323203,0.010775165487100336,0.009426693113389922,0.008269735370434378,0.007271626235931639,0.006406699423711831,0.005654396162760478,0.004997996060398718,0.004423732331219121,0.003920155190489716,0.003477661640960736,0.00308814042869017,0.002744698902552141,0.00244144949499029,0.0021733404913843943,0.0019360202863829348,0.001725727356685483,0.001539200256760711,0.0013736033961129664,0.0012264653908224295,0.0010956275320890031,0.0009792004658850384,0.0008755275894884208,0.0007831539813392251,0.000700799918678394,0.0006273382210690934,0.000561774801169616,0.0005032319171832285,0.00045093371101737577,0.00040419368796676056,0.00036240385169126945,0.0003250252550708174,0.0002915797659904197,0.0002616428785950659,0.0002348374265048166,0.0002108280761001901,0.00018931649596950345,0.00017003711370061235,0.0001527533837992253,0.00013725450124942333,0.000123352504278567,0.00011087971753934297,9.968649349472022e-5,8.963921537916229e-5,8.061852990070596e-5,7.251778197678934e-5,6.524162732105985e-5,5.8704801775368454e-5,5.283102892436652e-5,4.755204981069048e-5,4.280676056625304e-5,3.854044550400304e-5,3.470409471364262e-5,3.125379653036117e-5,2.815019637790125e-5,2.535801450106155e-5,2.284561598028199e-5,2.0584627187208125e-5,1.8549593519840454e-5,1.6717673848726624e-5,1.5068367632171693e-5,1.3583271112857704e-5,1.22458594189527e-5,1.1041291750898388e-5,9.956237148634048e-6,8.978718615180174e-6,8.097973619897094e-6,7.304329222386003e-6,6.58909025348371e-6,5.94443915920444e-6,5.3633462674051665e-6,4.839489372363459e-6,4.367181650819882e-6,3.941307030999605e-6,3.5572622304973466e-6,3.210904762709446e-6,2.8985062875780016e-6,2.6167107477549994e-6,2.362496791668528e-6,2.133144038013919e-6,1.9262027826579697e-6,1.7394667917888007e-6,1.5709488621475727e-6,1.4188588632663466e-6,1.2815840059192536e-6,1.1576711081744741e-6,1.045810654253673e-6,9.448224625077363e-7,8.536427981549107e-7,7.71312783300911e-7,6.96967972104538e-7,6.298289726538238e-7,5.691930091563012e-7,5.144263291376731e-7,2.324786850761673e-7
0.015482034659108523,0.024123845331218197,0.02006363436337899,0.017012510869166053,0.014584751577671806,0.012595987114903617,0.010937270642989494,0.009536655897003143,0.00834324686749005,0.007319321927555106,0.006435973618560409,0.005670488742301805,0.005004673885966829,0.004423732331219121,0.003915481098617793,0.0034697875990325477,0.0030781535306170227,0.0027334006915355896,0.0024294292711073903,0.0021610289010955616,0.001923728898939131,0.0017136781443079577,0.0015275477126847972,0.0013624512276670248,0.0012158791787002347,0.0010856443660653033,0.0009698362986346083,0.0008667828578365414,0.0007750179055585425,0.0006932537886377953,0.0006203579032127409,0.0005553326447165722,0.0004972981960740461,0.0004454777067086097,0.0003991844942614637,0.00035781096444508723,0.00032081899574051397,0.0002877315770713094,0.00025812552063114464,0.00023162509990449186,0.00020789648588432144,0.00018664287362230502,0.00016760020715926235,0.000150533424237753,0.0001352331533484379,0.00012151280516017491,0.00010920600838929722,9.816434693371177e-5,8.825536091415292e-5,7.936077920947721e-5,7.13749553129285e-5,6.42034819894582e-5,5.776196333311351e-5,5.1974925546382144e-5,4.6774850102517104e-5,4.210131497004105e-5,3.7900231346336944e-5,3.412316487720374e-5,3.072673166590041e-5,2.7672060548296156e-5,2.4924314112739895e-5,2.2452261840450155e-5,2.022789951881132e-5,1.8226109758091868e-5,1.6424359043620753e-5,1.4802427280127958e-5,1.3342166250918531e-5,1.2027283816706531e-5,1.0843151042387274e-5,9.776629756967002e-6,8.815918329368132e-6,7.95041369166952e-6,7.170587860287739e-6,6.467877398229284e-6,5.834584434555179e-6,5.2637880071249455e-6,4.749264630912959e-6,4.285417114039764e-6,3.867210748413277e-6,3.490116097431428e-6,3.1500576867176484e-6,2.8433679780298218e-6,2.566746073819473e-6,2.317220657752336e-6,2.0921167299364397e-6,1.889025742549397e-6,1.7057787826833118e-6,1.5404224871460967e-6,1.3911974067105434e-6,1.256518567473731e-6,1.1349580029081185e-6,1.0252290542431608e-6,9.261722578995382e-7,8.367426573756905e-7,7.559983941029009e-7,6.830904467200277e-7,6.172534018010423e-7,5.577971511960758e-7,5.040994218027665e-7,4.5559905340185126e-7,2.0589497443669693e-7
0.013718025107088805,0.021375509921939928,0.017778052352164286,0.01507464769876421,0.012923547190267948,0.01116140054296108,0.00969168136523782,0.00845064550660471,0.007393199176244564,0.00648592097641601,0.005703198788357372,0.005024908557981295,0.004434930727805125,0.003920155190489716,0.0034697875990325477,0.003074850246440025,0.0027278134032675053,0.0024223169512517934,0.00215295623186363,0.001915114639617868,0.0017048309388824762,0.0015186928353776996,0.0013537507100660345,0.001207447051569041,0.001077558261758222,0.0009621463199408001,0.0008595183790847741,0.0007681927998198692,0.0006868704507065788,0.0006144103468392805,0.000549808885457817,0.0004921820812215042,0.00044075031612376796,0.0003948252076644617,0.000353798269149979,0.0003171310922698107,0.00028434682753697166,0.0002550227748803445,0.00022878392683923447,0.00020529733149617958,0.00018426716262998468,0.0001654304015213156,0.00014855304894107694,0.00013342679768342742,0.00011986610588376155,0.00010770561977738657,9.679790164743036e-5,8.701142470880665e-5,7.822880182863177e-5,7.0345219364346e-5,6.326705115744101e-5,5.6910630957430043e-5,5.120116431402361e-5,4.6071763388013894e-5,4.1462590203830284e-5,3.732009565486855e-5,3.3596343138918966e-5,3.0248407056590772e-5,2.723783758107627e-5,2.453018414699077e-5,2.209457099381642e-5,1.9903318894420408e-5,1.7931607887207424e-5,1.6157176431304992e-5,1.4560052937168208e-5,1.3122316089863066e-5,1.1827880795169175e-5,1.0662306934961592e-5,9.612628440390129e-6,8.66720047219084e-6,7.815562743358794e-6,7.048317239899014e-6,6.3570187893773555e-6,5.734077097675964e-6,5.172669027662247e-6,4.666660026326073e-6,4.210533727652923e-6,3.7993288646991265e-6,3.4285827171568167e-6,3.0942804053717273e-6,2.7928094157844547e-6,2.520918808490252e-6,2.2756826172808643e-6,2.0544670037799507e-6,1.8549007746359586e-6,1.6748489123371115e-6,1.5123888066560858e-6,1.3657889073372515e-6,1.2334895476623362e-6,1.1140857152676065e-6,1.0063115695540247e-6,9.090265263511341e-7,8.212027491793173e-7,7.41913903006427e-7,6.703250415640162e-7,6.056835125233396e-7,5.473107768677615e-7,4.945950495460724e-7,4.469846779345682e-7,4.039821833359283e-7,1.8256944921896965e-7
0.012168164077358157,0.018960784664026065,0.015769887939722893,0.013371981164498836,0.01146394883570595,0.009900906738809806,0.008597240324004357,0.007496411325427443,0.00655842344322799,0.0057536332201470475,0.0050593236474653774,0.004457645363201604,0.003934300802207996,0.003477661640960736,0.0030781535306170227,0.0027278134032675053,0.0024199624875324843,0.0021489594120151015,0.0019100102639412128,0.0016990201078592518,0.001512475302179763,0.0013473491021781595,0.0012010251459247737,0.0010712348639436813,0.0009560058632000351,0.0008536190551278119,0.0007625728189539892,0.0006815528749942387,0.0006094068288609485,0.000545122563559897,0.00048780982196294786,0.00043668444984512785,0.0003910548692995057,0.00035031043096049076,0.0003139113557763104,0.0002813800269872123,0.00025229343326713203,0.00022627659653803693,0.00020299684471801124,0.000182158811559076,0.0001635000637763384,0.00014678727070397378,0.00013181284421765133,0.00011839198715699441,0.00010636009724324363,9.557048095143721e-5,8.589233808727883e-5,7.720898313907541e-5,6.94162740461305e-5,6.242122291056653e-5,5.614076651154075e-5,5.050067735170357e-5,4.543459841667376e-5,4.088318696818e-5,3.6793354529708676e-5,3.311759180952656e-5,2.9813368695156064e-5,2.6842600655736532e-5,2.417117393131165e-5,2.1768522810001805e-5,1.9607253081488753e-5,1.766280646034636e-5,1.591316138308148e-5,1.4338566115701813e-5,1.292130058137993e-5,1.1645463730139996e-5,1.0496783638716366e-5,9.462447844801484e-6,8.530951705569063e-6,7.691962819452765e-6,6.9361997682776606e-6,6.255323632417645e-6,5.6418409037488506e-6,5.089016572567488e-6,4.5907963006313045e-6,4.141736710325692e-6,3.736942927034365e-6,3.372012605999477e-6,3.042985757296085e-6,2.746299757658552e-6,2.4787490035472736e-6,2.2374487181475987e-6,2.019802477923869e-6,1.823473069813438e-6,1.6463563321518658e-6,1.486557669324909e-6,1.3423709624715241e-6,1.2122596283744545e-6,1.0948396044211848e-6,9.888640612382102e-7,8.932096649768269e-7,8.068642301421947e-7,7.289156204326452e-7,6.585417697397367e-7,5.95001708916898e-7,5.376274956661694e-7,4.858169555707124e-7,4.390271518361946e-7,3.967685096817321e-7,3.585995290400923e-7,1.6206101302672985e-7
0.010803995762107055,0.016835343569660932,0.014002283563923634,0.011873264887085844,0.010179174115022283,0.008791379469007377,0.007633870183134328,0.006656450079209453,0.005823609301818106,0.005109029473519211,0.004492541667505567,0.003958298560453349,0.003493606194691745,0.00308814042869017,0.0027334006915355896,0.0024223169512517934,0.0021489594120151015,0.0019083193147809707,0.0016961403036839587,0.0015087866013501344,0.0013431385270150746,0.0011965086887227964,0.0010665740522613869,0.0009513203718001587,0.0008489963637094249,0.0007580756434828369,0.0006772249087175011,0.0006052771915117366,0.000541209257790826,0.00048412242287018334,0.0004332261995080005,0.00038782430807377324,0.0003473026669072671,0.00031111905073953356,0.0002787941603673563,0.0002499038910878989,0.00022407262318045826,0.0002009673866214083,0.00018029277596923275,0.0001617865107949681,0.00014521555305447003,0.00013037270614625921,0.0001170736314999709,0.00010515422785711912,9.446832618462716e-5,8.48856597882885e-5,7.629007477852248e-5,6.857795076417399e-5,6.165680570832991e-5,5.5444062329862605e-5,4.986595639266413e-5,4.4856569773344735e-5,4.0356973374244126e-5,3.6314466848403216e-5,3.268190373520734e-5,2.941709201353124e-5,2.648226131262061e-5,2.3843589088468878e-5,2.1470778999110494e-5,1.933668553079945e-5,1.7416979626193557e-5,1.5689850691704462e-5,1.4135740903072644e-5,1.2737108201410258e-5,1.1478214791708604e-5,1.0344938321925253e-5,9.324603245933438e-6,8.405830154244756e-6,7.578401110064272e-6,6.833139249404685e-6,6.161801097651835e-6,5.55698022863055e-6,5.01202104502183e-6,4.520941593416034e-6,4.0783644480324325e-6,3.6794548017719163e-6,3.3198649983471332e-6,2.9956848228843144e-6,2.7033969415012928e-6,2.439836947064125e-6,2.20215752661916e-6,1.9877963177671856e-6,1.7944470682485205e-6,1.6200337533752996e-6,1.4626873432482737e-6,1.3207249444654613e-6,1.1926310697372737e-6,1.0770408152956386e-6,9.72724748847047e-7,8.785753318831351e-7,7.935947182551323e-7,7.168837877147201e-7,6.476322878419748e-7,5.85109970821019e-7,5.286586234740429e-7,4.776848993914216e-7,4.3165387147832087e-7,3.9008323170589664e-7,3.5253807229496615e-7,3.186261894148105e-7,1.4399692827118108e-7
