0.06134155474834313,0.10810390540977366,0.09828412328822478,0.09026895100875798,0.08340623998657071,0.07738450545978748,0.07201977686704919,0.06719010810647541,0.0628085687276625,0.05880999397985409,0.05514369971366495,0.051769137809071664,0.048653141091225316,0.045768089847342375,0.043090643164081066,0.04060083238836332,0.03828139560357313,0.03611727765068973,0.034095246973225746,0.03220359685410146,0.030431908875357738,0.028770863096909904,0.027212083875481796,0.025748013269938697,0.024371806080793534,0.023077242050816682,0.021858651829052,0.020710854079315555,0.01962910169724119,0.018609035528745932,0.01764664431675933,0.016738229856826548,0.015880376534262053,0.015069924572249982,0.014303946439824966,0.013579725964264378,0.012894739772149,0.012246640741305548,0.011633243199009907,0.011052509643829284,0.010502538799657124,0.00998155484045149,0.009487897646442783,0.009020013973749325,0.008576449432900424,0.008155841187304919,0.007756911294977187,0.00737846062471198,0.007019363287806307,0.00667856153321586,0.006355061059968303,0.006047926707065637,0.005756278484075367,0.005479287910759911,0.005216174637949864,0.00496620332367817,0.004728680742196054,0.004502953105651991,0.004288403579863792,0.00408444997846609,0.0038905426199528498,0.0037061623344312594,0.003530818608393299,0.003364047856130495,0.003205411808034686,0.003054496006564225,0.002910908402078867,0.0027742780405494855,0.0026442538363921422,0.002520503424467753,0.002402712085182175,0.0022905817375310986,0.002183829995297107,0.0020821892818250406,0.0019854059995757095,0.0018932397503915316,0.0018054626030625243,0.0017218584052257277,0.0016422221363782963,0.0015663592993907655,0.0014940853480007246,0.0014252251478316588,0.001359612468994166,0.001297089508024693,0.0012375064373329851,0.0011807209805825385,0.0011265980122006324,0.0010750091796256009,0.001025832546793972,0.0009789522577201767,0.0009342582187916969,0.000891645798684091,0.0008510155449319677,0.0008122729160501968,0.0007753280283461089,0.0007400954165342321,0.0007064938073248501,0.0006744459053132108,0.0006438781903598118,0.0006147207258169474,0.0002934534885270009
0.10810390540977366,0.1905159105191121,0.17321105281203852,0.15908628356993582,0.14699238861079778,0.13638047003638976,0.1269263353582435,0.11841509149593721,0.11069354986396318,0.10364687732344491,0.09718575839431765,0.09123873925969228,0.08574737276378674,0.08066298745397371,0.07594445194852373,0.0715565774375102,0.06746894490039579,0.06365502404639622,0.06009149812134362,0.05675773742966328,0.05363538250514521,0.050708009609752525,0.047960859037341375,0.04538061202994059,0.04295520581760526,0.04067367889943008,0.038526040578301224,0.03650316013435018,0.03459667204938699,0.03279889445024797,0.031102758527513652,0.02950174713323095,0.027989841099746116,0.0265614720979086,0.02521148106356841,0.023935081389741875,0.02272782622231828,0.02158557929930449,0.020504488867299053,0.019480964282894697,0.01851165496164331,0.017593431390012293,0.016723367954974366,0.01589872738318715,0.015116946605610415,0.014375623890798772,0.013672507111726684,0.013005483024896292,0.012372567457931305,0.011771896313825164,0.011201717310470594,0.010660382385393241,0.010146340700839612,0.009658132193446411,0.009194381619513164,0.008753793050089748,0.00833514477644487,0.007937284590285976,0.0075591254060064506,0.00719964119726349,0.00685786322060794,0.006532876502932605,0.006223816572135152,0.0059298664109490445,0.005650253616751269,0.005384247751096305,0.005131157865239128,0.004890330187559064,0.0046611459609902095,0.004443019419956895,0.0042353958961272725,0.0040377500438996405,0.003849584177175555,0.003670426709360422,0.0034998306898949977,0.0033373724301521135,0.0031826502126868494,0.0030352830786117696,0.0028949096874238064,0.002761187244676659,0.0026337904930591044,0.0025124107625521114,0.0023967550762414858,0.0022865453078302483,0.002181517387627528,0.0020814205542379893,0.001986016648773195,0.0018950794491317535,0.001808394041709252,0.0017257562285164368,0.001646971967278879,0.0015718568425872118,0.0015002355663996762,0.0014319415059482025,0.0013668162375341346,0.0013047091246475503,0.0012454769189501648,0.0011889833829354622,0.0011350989328391993,0.00108370030066424,0.0005173351071773909
0.09828412328822478,0.17321105281203852,0.15747864478301699,0.14463730868999614,0.13364227712859966,0.12399453871453137,0.11539936522421002,0.10766139418947374,0.10064135961601206,0.09423486500599121,0.08836071233058407,0.082953941849498,0.0779614183567261,0.07333889386961379,0.06904897518357367,0.06505967156323922,0.06134332854983926,0.05787582697804239,0.054635969148993935,0.05160500020239245,0.04876622917181561,0.046104724885600024,0.04360706896451094,0.041261153013737006,0.03905601047351637,0.03698167596238411,0.035029066669792996,0.03318988160251446,0.0314565154231734,0.02982198430624794,0.028279861771900783,0.02682422286454289,0.025449595350738208,0.024150916862119454,0.022923497100491574,0.021762984375453487,0.020665335872584567,0.019626791143095068,0.018643848391013962,0.017713243201266216,0.01683192940194106,0.015997061802041967,0.015205980581662448,0.014456197145452043,0.013745381271960733,0.013071349416343914,0.012432054043572671,0.011825573881917406,0.011250105002342636,0.010703952640329945,0.010185523686150333,0.009693319779879583,0.009225930952199923,0.008782029760286275,0.008360365874248488,0.00795976107250626,0.00757910461024261,0.007217348928549916,0.006873505674515085,0.006546642007065617,0.006235877163779324,0.0059403792675322975,0.00565936235425768,0.00539208360358874,0.005137840756757661,0.0048959697069776015,0.004665842249818461,0.004446863980769211,0.004238472329173362,0.004040134718990854,0.003851346846670642,0.003671631067874076,0.003500534885371734,0.003337629530785577,0.003182508634090017,0.0030347869743562947,0.002894099306275204,0.0027600992577056296,0.0026324582930899107,0.0025108647385496882,0.0023950228646254512,0.002284652022726326,0.0021794858321777313,0.002079271414270799,0.0019837686703831903,0.0018927496016477308,0.0018059976672789857,0.0017233071793278654,0.0016444827314647525,0.001569338659953609,0.0014976985346107433,0.0014293946779927943,0.0013642677112701111,0.0013021661250137082,0.001242945873519627,0.001186469991246896,0.0011326082300417949,0.0010812367160698381,0.0010322376251584026,0.00098549887551699,0.00047045691847904213
0.09026895100875798,0.15908628356993582,0.14463730868999614,0.13284351448035459,0.1227453813384396,0.11388461448344023,0.10599053396465052,0.09888371789189443,0.09243626366980995,0.08655229302236922,0.08115723325725277,0.07619142499889198,0.07160606857377094,0.06736052636951029,0.06342045622751313,0.05975647763601688,0.056343192534288766,0.05315844968652761,0.05018278094093187,0.047398961656184735,0.04479166267748391,0.04234717105104635,0.04005316317653129,0.03789851854769666,0.03587316532366258,0.03396795114948914,0.03217453422696326,0.03048529078234352,0.02889323593555715,0.027391955606261842,0.02597554758356624,0.02463857025956545,0.02337599780944849,0.022183180831510108,0.021055811636279398,0.01998989351463515,0.0189817134320735,0.018027817681568026,0.01712499010568619,0.016270232560420705,0.015460747339058778,0.014693921318492564,0.013967311623116707,0.013278632632610698,0.012625744179853515,0.01200664080808439,0.011419441974477973,0.010862383098897671,0.010333807371165599,0.009832158240176442,0.009355972516916167,0.008903874032874709,0.008474567799710092,0.008066834623596086,0.0076795261333625076,0.007311560184196597,0.0069619166039830704,0.00662963325253324,0.006313802366382737,0.006013567166032102,0.0057281187028561525,0.005456692926282189,0.005198567954035921,0.004953061528717509,0.004719528646353846,0.0044973593433598885,0.0042859766304391145,0.004084834561660755,0.0038934164287829504,0.0037112330720538295,0.003537821298568347,0.0033727424005939866,0.003215580766815343,0.0030659425797669865,0.0029234545938648104,0.002787762988052403,0.0026585322880429,0.0025354443537917368,0.002418197427462576,0.0023065052380413786,0.0022000961588910656,0.002098712414634836,0.0020021093345092764,0.0019100546488845724,0.0018223278262610235,0.0017387194484234994,0.0016590306211004963,0.0015830724180792427,0.0015106653565734839,0.0014416389021561817,0.0013758310012308844,0.0013130876394295277,0.0012532624245188279,0.0011962161921879877,0.00114181663345388,0.001089937942375968,0.0010404604828621114,0.0009932704735745,0.00094825968974456,0.0009053251809481994,0.00043218450201780965
0.08340623998657071,0.14699238861079778,0.13364227712859966,0.1227453813384396,0.11341516880536107,0.10522820536570388,0.09793440064129366,0.09136798069247609,0.08541077200018798,0.07997418939082168,0.07498933263093388,0.07040108039469328,0.06616434499226642,0.06224157992873569,0.0586010552832581,0.055215625360599985,0.05206182397991821,0.04911918480577637,0.0463697204896385,0.04379751653377062,0.04138840974080138,0.03912973017302235,0.037010091560793046,0.035019219211737784,0.0331478073292607,0.031387399659713155,0.02973028884937079,0.028169430951074714,0.026698372312894403,0.025311186664090046,0.024002420667660673,0.022767046553723636,0.02160042070907775,0.020498247311333095,0.019456546258498963,0.018471624774875406,0.01754005218246585,0.016658637405918886,0.01582440885128117,0.015034596355934127,0.014286614949465426,0.013578050205953096,0.01290664499839056,0.012270287494765109,0.011667000253733517,0.011094930298962608,0.010552340067891436,0.010037599141375059,0.009549176674143761,0.009085634455237357,0.008645620535642495,0.00822786336907494,0.007831166415882024,0.007454403167039991,0.007096512550466116,0.0067564946843231555,0.006433406946897063,0.0061263603355622975,0.005834516089592207,0.005557082555449233,0.005293312273510847,0.005042499268309755,0.004803976526394471,0.004577113646345984,0.004361314647688769,0.004156015926161397,0.00396068434474868,0.00377481544960849,0.0035979318017171774,0.003429581416133684,0.0032693363006373183,0.003116791086731137,0.0029715617464960292,0.002833284389077602,0.0027016141316410086,0.00257622403926544,0.002456804129140705,0.0023430604350332673,0.002234714127644352,0.0021315006873076844,0.0020331691256014056,0.001939481252536658,0.0018502109866818939,0.0017651437051712168,0.0016840756311103586,0.0016068132562390702,0.0015331727963974959,0.00146297967790451,0.001396068052811724,0.0013322803414743296,0.0012714668005661053,0.0012134851150492898,0.0011582000127893927,0.0011054829003111638,0.0010552115185282346,0.001007269617238106,0.0009615466472562631,0.0009179374692741306,0.0008763420783402948,0.0008366653430883116,0.0003994083794834676
0.07738450545978748,0.13638047003638976,0.12399453871453137,0.11388461448344023,0.10522820536570388,0.09763246464099762,0.09086536765444575,0.0847731154631477,0.07924607104236747,0.07420204833874533,0.06957712425311513,0.06532015924026413,0.06138932258399099,0.0577497800026201,0.054372093610034034,0.05123107858896181,0.04830496383401961,0.04557476138062899,0.043023783172383645,0.04063726426359626,0.03840206449724326,0.03630642910485149,0.03433979425562861,0.032492627397396,0.030756294882362978,0.029122951236319916,0.027585445786068474,0.02613724334211609,0.024772356368925663,0.023485286615813783,0.022270974602810134,0.02112475567582961,0.020042321587749268,0.01901968675963095,0.01805315852709527,0.017139310797417373,0.016274960643463288,0.015457147433682483,0.014683114164422362,0.013950290713800106,0.013256278775685026,0.012598838270126367,0.011975875054626994,0.011385429787373058,0.010825667810620027,0.01029486994204612,0.009791424077353977,0.009313817517342976,0.008860629945167564,0.0084305269880601,0.008022254305280418,0.007634632152140025,0.007266550373688951,0.006916963788149932,0.006584887925047578,0.006269395085263085,0.0059696106947919325,0.00568470992670593,0.0054139145678996775,0.0051564901107993555,0.004911743050511896,0.004679018370785465,0.004457697204037506,0.004247194651102057,0.00404695774839349,0.003856463570856561,0.0036752174608715993,0.0035027513730317844,0.0033386223262803355,0.003182410955892001,0.003033720157650341,0.002892173817718502,0.0027574156221591498,0.002629107940335232,0.002506930777399684,0.002390580790745049,0.0022797703661105034,0.0021742267496052334,0.002073691231586669,0.001977918379097908,0.0018866753136863382,0.0017997410315071377,0.0017169057632612297,0.0016379703711367904,0.0015627457804471626,0.0014910524439790199,0.0014227198367751902,0.0013575859795968669,0.001295496989176248,0.0012363066538129373,0.0011798760325771249,0.0011260730767376076,0.001074772272199341,0.0010258543015554365,0.0009792057246704733,0.0009347186766740095,0.0008922905823193425,0.0008518238858585964,0.0008132257954128093,0.000776408041023793,0.00037064332284862667
0.07201977686704919,0.1269263353582435,0.11539936522421002,0.10599053396465052,0.09793440064129366,0.09086536765444575,0.0845675043711902,0.07889767988736929,0.07375386199438227,0.06905956535538538,0.0647553007985533,0.06079347598633533,0.05713516170958122,0.05374793988923021,0.05060441452225417,0.047681147660758705,0.044957878276442265,0.04241693542879166,0.04004278855177579,0.037821696792958326,0.03574143138462893,0.03379105284980022,0.03196073003956623,0.030241591548936464,0.028625602524903315,0.027105461616626747,0.025674514079795707,0.024326677961301724,0.02305638097462187,0.021858506179603165,0.020728344972336388,0.019661556188653118,0.01865413035021135,0.017702358266081297,0.01680280334303985,0.01595227706999608,0.015147817235534766,0.014386668505594169,0.013666265050696735,0.012984214961440033,0.012338286227553064,0.011726394090978393,0.011146589609562968,0.010597049292793509,0.010076065686924013,0.009582038805083015,0.00911346831235571,0.008668946385080506,0.008247151175228173,0.007846840818703238,0.007466847933366633,0.007106074560110448,0.006763487503788329,0.0064381140368582335,0.0061290379331152695,0.005835395801018342,0.005556373690347158,0.005291203948458126,0.00503916230434466,0.0047995651620554025,0.004571767085301756,0.004355158457779451,0.004149163305483539,0.003953237267663709,0.003766865704970271,0.0035895619339677415,0.0034208655788668385,0.0032603410310913378,0.0031075760087577106,0.0029621802090739682,0.0028237840465392683,0.0026920374708929717,0.0025666088591887667,0.0024471839766248005,0.002333465001671149,0.002225169610720612,0.0021220301182596144,0.0020237926690768876,0.0019302164787307965,0.001841073119207684,0.0017561458468143831,0.0016752289694225986,0.0015981272507852792,0.001524655349290166,0.001454637289003604,0.001387905961155931,0.0013243026539509935,0.0012636766090661326,0.0012058846030847184,0.001150790552514911,0.0010982651407782165,0.0010481854658815105,0.0010004347076419569,0.0009549018131660078,0.0009114811995747964,0.0008700724729324878,0.0008305801624050868,0.0007929134688596934,0.0007569860269535968,0.0007227156799566418,0.0003450121333319865
0.06719010810647541,0.11841509149593721,0.10766139418947374,0.09888371789189443,0.09136798069247609,0.0847731154631477,0.07889767988736929,0.07360814674499228,0.0688093299075716,0.06442987599181293,0.060414287378735,0.05671816503279192,0.05330519176849613,0.05014512464547893,0.04721240582629427,0.04448516994891538,0.04194451540380406,0.03957395687745169,0.037359005814129986,0.03528684328387388,0.03334606098220494,0.031526453385406716,0.02981884893035902,0.028214971400304267,0.02670732499906292,0.025289098215855343,0.023954082760372086,0.022696604700474077,0.0215114655732645,0.020393891709786394,0.019339490379303326,0.018344211636979357,0.01740431496907663,0.016516340001394902,0.015677080667565735,0.014883562338485312,0.014133021501474163,0.013422887641199477,0.012750767032622679,0.012114428202213479,0.011511788847808124,0.010940904040295768,0.010399955554677986,0.009887242201237018,0.009401171042388301,0.008940249397814237,0.008503077553911137,0.008088342102209045,0.007694809842273109,0.0073213221920264415,0.006966790054935196,0.006630189100514022,0.006310555417857411,0.006006981507543821,0.005718612581480639,0.005444643142239983,0.005184313817383213,0.0049369084266367436,0.004701751261586146,0.004478204560679988,0.004265666162594314,0.004063567323520756,0.003871370685578218,0.0036885683838914773,0.0035146802816548722,0.003349252323084931,0.003191854995725815,0.0030420818933546284,0.002899548372095384,0.002763890293217823,0.0026347628459800487,0.0025118394448698095,0.002394810695997465,0.0022833834276318674,0.0021772797807196043,0.002076236354934112,0.001980003406519798,0.001888344094682734,0.0018010337730022044,0.001717859323001704,0.0016386185271201961,0.0015631194783955332,0.0014911800247327453,0.0014226272452991101,0.0013572969570433448,0.0012950332496142192,0.001235688046703081,0.001179120692286574,0.0011251975601290938,0.0010737916852895345,0.0010247824161238386,0.0009780550855838406,0.000933500700757095,0.0008910156494366696,0.0008505014227802622,0.0008118643530855146,0.0007750153657742863,0.0007398697448486417,0.0007063469109320243,0.0006743702111895143,0.0003219333602638482
0.0628085687276625,0.11069354986396318,0.10064135961601206,0.09243626366980995,0.08541077200018798,0.07924607104236747,0.07375386199438227,0.0688093299075716,0.06432349928126913,0.060229672338503626,0.0564759725180648,0.05302089768525153,0.049830500231648034,0.04687651046096519,0.04413503808486641,0.04158564436211298,0.039210660923265084,0.03699467803472889,0.03492415243468061,0.03298710154594853,0.031172861375192484,0.029471892229846586,0.027875620913339838,0.026376311155367427,0.024966956184972633,0.02364118886817468,0.022393205932523752,0.021217703598078952,0.020109822530997745,0.019065100474817076,0.018079431256340428,0.01714902912277655,0.016270397563355576,0.015440301929060984,0.014655745286454025,0.013913947039424113,0.013212323934289616,0.01254847312299645,0.01192015701357707,0.011325289680019751,0.010761924635603715,0.01022824380441903,0.009722547548566801,0.00924324563020859,0.008788849001507587,0.008357962331413338,0.007949277190802184,0.007561565825548344,0.007193675457243087,0.00684452305822475,0.006513090553660256,0.006198420409976146,0.005899611571975924,0.005615815716249875,0.005346233792432348,0.005090112825713075,0.004846742957698283,0.004615454704929689,0.0043956164160548206,0.004186631911562877,0.003987938290243145,0.0037990038888712913,0.003619326383158372,0.0034484310183187372,0.003285868959272506,0.003131215751044525,0.0029840698813814875,0.002844051437404814,0.0027108008493907584,0.002583977715579347,0.002463259701804825,0.002348341510670482,0.0022389339153632837,0.0021347628534267166,0.00203556857660335,0.0019411048525842592,0.0018511382151744152,0.0017654472598373286,0.0016838219813233232,0.001606063150706799,0.001531981729253385,0.0014613983166041032,0.0013941426312881894,0.0013300530212669096,0.0012689760026362608,0.0012107658248763954,0.0011552840608013738,0.001102399219784566,0.001051986382726685,0.0010039268575925998,0.0009581078541070695,0.0009144221764879959,0.0008727679332309196,0.0008330482628125038,0.0007951710744340361,0.0007590488028950369,0.0007245981767490788,0.0006917399990526412,0.0006603989398783119,0.00063050333993225,0.0003009925123578106
0.05880999397985409,0.10364687732344491,0.09423486500599121,0.08655229302236922,0.07997418939082168,0.07420204833874533,0.06905956535538538,0.06442987599181293,0.060229672338503626,0.056396505154176824,0.052881802322503724,0.04964670531493609,0.046659428913213286,0.04389350413257087,0.04132656243048527,0.03893946694944994,0.03671567473187887,0.034640757581343995,0.032702034879139696,0.03088828727570836,0.029189530011620057,0.027596831010373246,0.026102163125834354,0.024698282826170204,0.02337862961010828,0.02213724186887811,0.020968685937746534,0.01986799582738147,0.01883062168397287,0.01785238543797013,0.016929442421358742,0.016058247976578677,0.015235528264256337,0.014458254627102873,0.01372362098188995,0.01302902380302684,0.012372044337665061,0.011750432747794248,0.011162093925744854,0.010605074769763662,0.01007755273619726,0.009577825513533644,0.009104301684872418,0.008655492265693204,0.008230003016774817,0.007826527447019782,0.007443840432694471,0.007080792387147039,0.006736303924560233,0.006409360967800842,0.0060990102561146176,0.00580435521456045,0.005524552149917525,0.005258806742736821,0.005006370808903274,0.004766539305809017,0.004538647561693768,0.004322068708777244,0.0041162113023885255,0.003920517111031571,0.0037344590625525836,0.0035575393337744787,0.003389287572395816,0.0032292592402516918,0.0030770340685883843,0.002932214616515362,0.002794424925164081,0.00266330925989261,0.0025385309340676884,0.002419771208714276,0.0023067282622207877,0.0021991162251587676,0.002096664275625458,0.00199911579072512,0.0019062275505490126,0.0018177689907560302,0.0017335215004854396,0.0016532777627586148,0.0015768411342840516,0.0015040250621612787,0.0014346525350690253,0.0013685555665846581,0.0013055747087734292,0.0012455585938959748,0.0011883635024813877,0.001133852956256346,0.0010818973342014808,0.0010323735104011099,0.000985164512250919,0.0009401591979245477,0.0008972519517789941,0.000856342396648932,0.0008173351221063344,0.0007801394276254758,0.0007446690798301684,0.0007108420829713361,0.0006785804618409975,0.000647810056477488,0.0006184603278858551,0.0005904641741555083,0.0002818788782252219
0.05514369971366495,0.09718575839431765,0.08836071233058407,0.08115723325725277,0.07498933263093388,0.06957712425311513,0.0647553007985533,0.060414287378735,0.0564759725180648,0.052881802322503724,0.04958623441638432,0.04655283411011679,0.04375179881306579,0.041158310556763,0.03875139604047029,0.036513112064170516,0.03442794752653733,0.032482374173473216,0.030664502318602294,0.028963812393929644,0.027370942410556154,0.02587751739848787,0.024476010870618514,0.02315963107416591,0.02192222668120547,0.02075820789904359,0.019662479947442357,0.018630386549487343,0.01765766160672516,0.01674038761450275,0.01587495967353547,0.015058054181742941,0.014286601462979276,0.013557761730098594,0.012868903887206629,0.012217586761851085,0.011601542429536177,0.01101866134502108,0.010466979042639796,0.009944664205611575,0.009450007932324922,0.00898141405449629,0.008537390382099608,0.008116540768990654,0.007717557905328576,0.0073392167568646915,0.0069803685821954176,0.0066399354661525745,0.006316905316410604,0.006010327276486788,0.005719307513644731,0.005443005345971197,0.005180629675560239,0.004931435699367923,0.004694721872765775,0.004469827102446158,0.00425612814857361,0.004053037218015865,0.0038599997319691964,0.003676492253857036,0.003502020563593139,0.0033361178663624813,0.0031783431254158723,0.003028279508656681,0.002885532940253968,0.002749730748996891,0.0026205204063863077,0.0024975683472799673,0.0023805588670268926,0.0022691930897368803,0.00216318800223593,0.002062275549074802,0.001966201784285304,0.001874726075773818,0.0017876203589389586,0.0017046684358587375,0.0016256653169821889,0.0015504166026600943,0.0014787379016213478,0.0014104542840468158,0.0013453997669767952,0.0012834168298457606,0.0012243559583990649,0.0011680752149742894,0.0011144398335037956,0.0010633218378233132,0.0010145996816653333,0.0009681579090868343,0.0009238868339854003,0.0008816822376731537,0.0008414450832709558,0.0008030812459381455,0.0007665012580722417,0.0007316200684843472,0.0006983568147787677,0.0006666346081379594,0.0006363803297683938,0.0006075244384024427,0.000580000788128596,0.0005537464559706422,0.0002643507893619265
0.051769137809071664,0.09123873925969228,0.082953941849498,0.07619142499889198,0.07040108039469328,0.06532015924026413,0.06079347598633533,0.05671816503279192,0.05302089768525153,0.04964670531493609,0.04655283411011679,0.04370508027540676,0.041075466025147334,0.03864069298210415,0.03638107202297336,0.034279758587853704,0.032322191294398284,0.03049567019450461,0.0287890335754859,0.027192405948290754,0.025696998522366954,0.0242949490892021,0.022979191969164536,0.021743351228033503,0.020581652142340034,0.01948884714036675,0.01846015335275386,0.017491199563590853,0.016577980844637907,0.015716819517028913,0.014904331366529355,0.014137396252478285,0.013413132412553541,0.01272887389770061,0.01208215067239457,0.01147067099604529,0.010892305768606225,0.010345074572330665,0.00982713318647016,0.009336762387135572,0.008872357870834291,0.008432421165471965,0.008015551411373778,0.007620437912745304,0.007245853371425803,0.0068906477278975475,0.006553742544866931,0.00623412587537861,0.005930847565780412,0.005643014949583913,0.005369788893270902,0.005110380160504122,0.004864046063700958,0.004630087376274392,0.004407845482099146,0.004196699740285512,0.003996065046385902,0.0038053895729808634,0.00362415267398028,0.00345186293938457,0.00328805638744685,0.0031322947831169956,0.002984164072905436,0.0028432729265711887,0.0027092513774054985,0.002581749553333207,0.0024604364922566208,0.002344999034898175,0.0022351407894488154,0.002130581162995984,0.002031054454615759,0.0019363090057798321,0.0018461064040355968,0.00176022073610093,0.0016784378871690167,0.0016005548829927385,0.0015263792718712317,0.0014557285440363124,0.0013884295857226406,0.0013243181657172087,0.0012632384522628277,0.0012050425582445408,0.0011495901130203212,0.0010967478590024095,0.0010463892714464712,0.0009983942001199203,0.0009526485313276489,0.0009090438691210859,0.0008674772344271359,0.0008278507811295514,0.0007900715279408888,0.0007540511051406656,0.0007197055153670591,0.0006869549075289565,0.0006557233631138241,0.000625938694141695,0.0005975322520662216,0.0005704387470550874,0.000544596076966556,0.0005199451654782621,0.00024821490445323547
0.048653141091225316,0.08574737276378674,0.0779614183567261,0.07160606857377094,0.06616434499226642,0.06138932258399099,0.05713516170958122,0.05330519176849613,0.049830500231648034,0.046659428913213286,0.04375179881306579,0.041075466025147334,0.03860413769222992,0.03631591854764449,0.03419230521032213,0.0322174675475283,0.030377721098422517,0.02866113073028831,0.027057206904459785,0.025556668842088293,0.024151257015557703,0.022833582675195918,0.02159700562871958,0.020435533888945312,0.019343740471269077,0.018316693794997507,0.017349898995087043,0.016439248068213397,0.015580977239244842,0.014771630274114822,0.014008026729844358,0.013287234333630216,0.012606544835168099,0.011963452800616586,0.011355636911369593,0.010780943406581395,0.010237371371596832,0.00972305962037312,0.009236274962130725,0.008775401675762934,0.008338932040245356,0.007925457793035523,0.00753366240609149,0.007162314085928434,0.00681025941487276,0.0064764175629982434,0.006159775009956001,0.0058593807221534455,0.005574341738594224,0.005303819124070228,0.005047024253102328,0.00480321539310824,0.004571694557625641,0.004351804604503295,0.004142926557029428,0.0039444771274001755,0.0037559064247902063,0.0035766958319988357,0.0034063560359516715,0.0032444251995996515,0.003090467262944853,0.0029440703627416492,0.0028048453616067656,0.002672424477519572,0.0025464600059802653,0.0024266231275161323,0.00231260279435673,0.0022041046899408043,0.002100850255904299,0.0020025757818264087,0.0019090315529260299,0.0018199810516215664,0.0017352002091556365,0.001654476703658564,0.0015776093016391657,0.0015044072396789739,0.0014346896436256487,0.001368284982934103,0.0013050305576028445,0.0012447720156337529,0.0011873628990180692,0.0011326642163021795,0.001080544040193386,0.0010308771284258528,0.0009835445664370182,0.0009384334306057271,0.0008954364706220408,0.0008544518098852621,0.0008153826627429091,0.0007781370676614545,0.0007426276352368016,0.0007087713101760276,0.0006764891464864399,0.0006457060949951274,0.0006163508025179947,0.0005883554219737359,0.0005616554327858934,0.0005361894710393666,0.0005118991687493007,0.0004887290017313358,0.0002333130728195158
0.045768089847342375,0.08066298745397371,0.07333889386961379,0.06736052636951029,0.06224157992873569,0.0577497800026201,0.05374793988923021,0.05014512464547893,0.04687651046096519,0.04389350413257087,0.041158310556763,0.03864069298210415,0.03631591854764449,0.03416339106137711,0.03216570496604132,0.030307969340370833,0.02857731162517263,0.02696250479576401,0.02545368164938122,0.02404211202309714,0.022720026410780525,0.021480474417945428,0.02031720979302154,0.019224596029378704,0.01819752809957026,0.017231366986263708,0.016321884476226123,0.015465216264465509,0.014657821850358188,0.01389645002735257,0.013178109016877604,0.01250004048632114,0.011859696834158745,0.011254721242181076,0.010682930083905195,0.010142297349539142,0.009630940807322963,0.009147109664280034,0.008689173529063426,0.008255612510897292,0.007845008311858526,0.007456036192085069,0.007087457704089112,0.006738114108145565,0.006406920390831905,0.006092859820387805,0.005794978981712884,0.005512383239694621,0.005244232586948755,0.004989737837114164,0.004748157129271083,0.004518792713831168,0.004300987992459079,0.00409412478842619,0.0038976208266733453,0.003710927404208045,0.0035335272341496804,0.0033649324483484427,0.0032046827447300003,0.003052343667648269,0.002907505009702993,0.0027697793251913114,0.0026388005464762568,0.0025142226947893406,0.0023957186781930484,0.0022829791698275037,0.002175711560628936,0.0020736389805583594,0.001976499383307795,0.0018840446900409355,0.0017960399876459088,0.001712262777655904,0.001632502272264108,0.0015565587340223529,0.0014842428563907467,0.001415375182105296,0.0013497855568200857,0.0012873126158121327,0.001227803301347516,0.0011711124087601804,0.0011171021593647384,0.0010656417983721245,0.001016607216359884,0.0009698805926227246,0.0009253500590397229,0.0008829093832835519,0.0008424576700263378,0.0008038990791045704,0.0007671425595257349,0.000732101598461779,0.0006986939842021072,0.0006668415822490142,0.0006364701238371611,0.0006075090060520347,0.0005798911029070517,0.0005535525867163393,0.0005284327591454242,0.0005044738914378386,0.0004816210732136346,0.00045982206935911776,0.00021951359229970772
0.043090643164081066,0.07594445194852373,0.06904897518357367,0.06342045622751313,0.0586010552832581,0.054372093610034034,0.05060441452225417,0.04721240582629427,0.04413503808486641,0.04132656243048527,0.03875139604047029,0.03638107202297336,0.03419230521032213,0.03216570496604132,0.030284884525719313,0.02853582456722903,0.026906405985836823,0.025386058889914298,0.0239654936124421,0.02263649096945819,0.021391736201617717,0.020224685714434754,0.019129458839306335,0.018100748961192237,0.017133749834213285,0.016224093944885665,0.015367800537657683,0.014561231464163327,0.01380105342689103,0.013084205489000356,0.012407870956492456,0.011769452917090695,0.011166552855022882,0.010596951870927268,0.010058594120017,0.009549572148755403,0.00906811386626491,0.008612570927374802,0.008181408341541851,0.007773195151362322,0.007386596046275368,0.007020363798094814,0.006673332420622402,0.0063444109704688945,0.006032577915718401,0.005736876009987721,0.005456407618047096,0.005190330444697577,0.0049378536255571814,0.0046982341431742874,0.004470773536051312,0.004254814872663326,0.004049739964638074,0.0038549667968785645,0.0036699471551196183,0.0034941644326761806,0.003327131600675576,0.003168389327580512,0.003017504234966273,0.0028740672785201662,0.002737692243395533,0.002608014344665191,0.0024846889246676815,0.002367390239259519,0.002255810326125776,0.002149657948675214,0.0020486576100482157,0.00195254863162473,0.0018610842912941267,0.0017740310173041465,0.001691167633431294,0.0016122846518532089,0.0015371836103589762,0.0014656764506864074,0.0013975849353190968,0.0013327400998881384,0.001270981738783792,0.0012121579218947187,0.0011561245402138924,0.00110274487847686,0.0010518892130633797,0.0010034344334386748,0.0009572636857707248,0.0009132660371474338,0.0008713361591095418,0.0008313740293937819,0.0007932846506194455,0.0007569777849414216,0.0007223677036180213,0.0006893729506885788,0.0006579161197936747,0.0006279236433687184,0.0005993255935345734,0.0005720554939084681,0.0005460501417322208,0.0005212494396937828,0.0004975962368603554,0.00047503617825051664,0.0004535175624767202,0.0004329912070055661,0.00020670516032570037
0.04060083238836332,0.0715565774375102,0.06505967156323922,0.05975647763601688,0.055215625360599985,0.05123107858896181,0.047681147660758705,0.04448516994891538,0.04158564436211298,0.03893946694944994,0.036513112064170516,0.034279758587853704,0.0322174675475283,0.030307969340370833,0.02853582456722903,0.026887824397570648,0.02535255035696038,0.023920043615970166,0.022581551553224666,0.02132933014007743,0.02015648748289106,0.019056858267760435,0.01802490177945154,0.017055618167313658,0.01614447902102273,0.015287369297422138,0.014480538351036631,0.013720558335969468,0.013004288632516403,0.01232884523545888,0.011691574261919496,0.011090028904507415,0.01052194928252842,0.009985244747697825,0.0094779782798588,0.008998352671445109,0.008544698252160615,0.00811546194368079,0.007709197469349199,0.0073245565716242855,0.006960281110646754,0.006615195937117485,0.006288202447393809,0.0059782727427182825,0.005684444323459617,0.005405815259527741,0.005141539786241225,0.004890824280135486,0.004652923575755724,0.004427137588965999,0.004212808216233654,0.004009316483587308,0.003816079920907725,0.0036325501406186816,0.0034582106023962195,0.0032925745467092815,0.0031351830823921345,0.0029856034148759356,0.0028434272027965043,0.0027082690325846356,0.0025797650007992542,0.0024575713954835543,0.00234136346881203,0.0022308342935033754,0.0021256936965474496,0.0020256672641469978,0.001930495412718461,0.0018399325206639727,0.0017537461164501278,0.0016717161190527505,0.0015936341267558732,0.0015193027508952246,0.0014485349913762706,0.0013811536509415433,0.0013169907856746023,0.001255887189050186,0.0011976919072745548,0.0011422617839538449,0.0010894610319606146,0.0010391608307698252,0.0009912389475979534,0.0009455793807209359,0.0009020720236863171,0.0008606123489344406,0.0008211011096189054,0.0007834440585846383,0.000747551683310043,0.0007133389558927217,0.0006807250970878639,0.0006496333536409223,0.0006199907880032295,0.0005917280797058857,0.0005647793377545497,0.0005390819233134,0.0005145762821101539,0.000491205785974079,0.00046891658295910264,0.00044765745560655136,0.00042737968681196177,0.000408036932869317,0.00019479255166533933
0.03828139560357313,0.06746894490039579,0.06134332854983926,0.056343192534288766,0.05206182397991821,0.04830496383401961,0.044957878276442265,0.04194451540380406,0.039210660923265084,0.03671567473187887,0.03442794752653733,0.032322191294398284,0.030377721098422517,0.02857731162517263,0.026906405985836823,0.02535255035696038,0.023904978931025778,0.022554302109294266,0.02129226755173136,0.020111573857746867,0.019005723051924828,0.01796890220577413,0.016995887286159583,0.016081964207677824,0.01522286337689216,0.014414704938808642,0.013653952606643094,0.012937374441603533,0.012262009313000005,0.011625138036412935,0.011024258395933212,0.010457063414750556,0.009921422358143112,0.009415364050660291,0.008937062163839382,0.008484822190414104,0.008057069870695072,0.007652340872941671,0.007269271562705265,0.006906590722313616,0.006563112101107882,0.006237727695726586,0.005929401673608364,0.005637164866092198,0.0053601097659462665,0.005097385973849511,0.0048481960460049905,0.004611791699974568,0.004387470342005609,0.004174571883352213,0.003972475816795051,0.0037805985285628285,0.003598390822704897,0.0034253356381798578,0.0032609459413284053,0.0031047627775268455,0.0029563534680670037,0.0028153099396547587,0.002681247174946201,0.002553801774322066,0.0024326306192461594,0.0023174096289862167,0.002207832603407227,0.002103610144742446,0.002004468652258999,0.0019101493840674513,0.0018204075812146073,0.001735011649073595,0.0016537423918223243,0.0015763922962946236,0.0015027648614218993,0.0014326739700499837,0.001365943300143141,0.0013024057725223026,0.0012419030327688145,0.0011842849647570493,0.0011294092336886948,0.0010771408567788986,0.001027351799585994,0.0009799205963550717,0.0009347319928042115,0.0008916766098219508,0.0008506506268648531,0.00081155548365483,0.0007742975990356615,0.0007387881060065653,0.0007049426018074772,0.0006726809121882279,0.0006419268689273373,0.0006126080998852985,0.0005846558307332286,0.0005580046976735274,0.0005325925705517223,0.0005083603856694627,0.000485251987763103,0.00046321398059345764,0.000442195585629971,0.00042214850840958246,0.00040302681206501843,0.0003847867976204981,0.00018369344535670504
0.03611727765068973,0.06365502404639622,0.05787582697804239,0.05315844968652761,0.04911918480577637,0.04557476138062899,0.04241693542879166,0.03957395687745169,0.03699467803472889,0.034640757581343995,0.032482374173473216,0.03049567019450461,0.02866113073028831,0.02696250479576401,0.025386058889914298,0.023920043615970166,0.022554302109294266,0.021279975867675882,0.020089279317582365,0.018975324034173846,0.01793197957130993,0.016953761779494925,0.016035742093245098,0.015173473049256092,0.014362926533248721,0.013600442123680279,0.012882683533220474,0.01220660160710843,0.011569402680521729,0.010968521349379923,0.01040159690551229,0.00986645283642304,0.009361078902893755,0.00888361539987137,0.00843233927642073,0.008005651846768547,0.007602067871372242,0.007220205821045045,0.006858779168450124,0.006516588575988774,0.006192514867445931,0.005885512688385566,0.005594604773378031,0.005318876750604121,0.005057472422352133,0.00480958946907134,0.004574475531865116,0.0043514246329418305,0.004139773899370577,0.003938900559483746,0.0037482191847590662,0.0035671791537866676,0.0033952623166693258,0.0032319808412369783,0.0030768752247243847,0.002929512455624797,0.002789484312554817,0.0026564057882359077,0.0025299136276668924,0.002409664971242134,0.0022953360937073147,0.0021866212311967143,0.002083231489473751,0.0019848938266821686,0.001891350104868142,0.001802356204848525,0.0017176811998391578,0.0016371065831395915,0.0015604255459031532,0.0014874423014871463,0.0014179714528146196,0.0013518373997147524,0.001288873783422323,0.001228922965545106,0.0011718355392643515,0.0011174698703750978,0.0010656916661596731,0.0010163735703489878,0.0009693947822770922,0.0009246406986913869,0.0008820025767362141,0.00084137721666502,0.0008026666631384509,0.0007657779237872329,0.0007306227039638822,0.0006971171567565181,0.0006651816472032553,0.000634740529888279,0.0006057219390382708,0.0005780575904445716,0.0005516825944003358,0.0005265352790082226,0.0005025570232916159,0.00047969209945840884,0.0004578875238121418,0.00043709291578734877,0.00041726036462163586,0.0003983443032684799,0.00038030138907411623,0.00036309039083915785,0.00017333604097142597
