0.06134155474825631,0.09966229632733903,0.08543433646609055,0.07444462223268111,0.0654804795909254,0.057962663995797525,0.05154844497473432,0.04601078433728978,0.0411882941393491,0.03696059559533449,0.03323471827520397,0.0299369528548864,0.02700765930507898,0.024397794032241737,0.022066494300097328,0.019979343203955835,0.018107089551271383,0.01642468165536476,0.014910523733934866,0.013545893927514485,0.012314482099582719,0.011202018034802419,0.010195968960062002,0.009285290993155115,0.008460223083533724,0.007712114819378724,0.007033281509196604,0.0064168814354996495,0.005856811287857033,0.0053476166160219135,0.004884414782236418,0.00446282838231872,0.004078927486236381,0.0037291793499931586,0.003410404488082469,0.003119738185796833,0.002854596684369548,0.0026126473948855436,0.00239178259896064,0.0021900961773290636,0.002005862975636749,0.0018375204740986237,0.0016836524751378396,0.001542974563308458,0.0014143211248894352,0.001296633743380144,0.0011889508113294076,0.001090398219210028,0.0010001809999129127,0.0009175758224962659,0.0008419242418278468,0.0007726266221381797,0.0007091366620349,0.0006509564571736039,0.0005976320441616438,0.0005487493755770984,0.0005039306817196422,0.00046283117963783274,0.0004251360942497083,0.00039055796032260847,0.0003588341772804973,0.000329724791893549,0.00030301048653502954,0.0002784907529605812,0.0002559822336819567,0.00023531721482171648,0.00021634225602188903,0.0001989169443576697,0.00018291276056779443,0.00016821204708124694,0.00015470706831803354,0.0001422991546994128,0.0001308979226373021,0.00012042056350603436,0.00011079119529789315,0.00010194027123086461,9.380404014447874e-5,8.632405401488527e-5,7.94467183326947e-5,7.312288150619628e-5,6.730745980409992e-5,6.19590946672648e-5,5.703983952937033e-5,5.251487352576369e-5,4.835223972370951e-5,4.4522605725924786e-5,4.099904467975545e-5,3.775683491524361e-5,3.477327658542653e-5,3.202752383865671e-5,2.9500431171683656e-5,2.7174412740846852e-5,2.5033313517280322e-5,2.3062291264851773e-5,2.1247708415250515e-5,1.9577032992452905e-5,1.803874781434241e-5,1.66222672686047e-5,1.5317861016730288e-5,1.4116584039514666e-5,6.505106244562213e-6
0.09966229632733903,0.1619256134478606,0.13881081170325782,0.120956644836681,0.10639310273790814,0.09417919309182032,0.0837581444620783,0.07476112911746768,0.06692596891725278,0.06005710550293619,0.05400350562329859,0.04864542584374809,0.043885978407585235,0.0396454895565973,0.03585757541493151,0.032466323436703304,0.029424212851547393,0.02669054506329327,0.02423023567044469,0.022012869038132987,0.020011947455022105,0.018204287141523556,0.016569526872447005,0.015089724204657595,0.013749020732709671,0.012533362359966715,0.011430263876898078,0.010428609557684931,0.00951848328902452,0.008691023098902073,0.00793829599017018,0.007253189780593583,0.006629319270106598,0.006060944545203659,0.005542899616074917,0.005070529890811332,0.004639637240663574,0.004246431610087073,0.0038874882911018593,0.0035597101165572437,0.003260293937610806,0.0029867008439121018,0.002736629662079007,0.002507993333331064,0.0022988978248928565,0.002107623276632789,0.0019326071237194264,0.0017724289690202177,0.0016257970079853537,0.0014915358332252375,0.0013685754671133137,0.0012559414892318183,0.001152746140963102,0.0010581803035736165,0.0009715062581275372,0.0008920511458111978,0.0008192010565647688,0.0007523956819232604,0.000691123474908956,0.0006349172662330621,0.0005833502912663008,0.0005360325872523376,0.0004926077245111463,0.00045274983906670035,0.00041616093757291216,0.00038256844835920893,0.0003517229951569669,0.0003233963723066934,0.00029737970245639466,0.0002734817596588583,0.00025152744239723395,0.00023135638262394755,0.0002128216782535438,0.0001957887377415403,0.00018013422651589174,0.00016574510594867965,0.00015251775647766525,0.00014035717729190492,0.00012917625566561926,0.0001188950997054166,0.00010944042884702878,0.00010074501695007086,9.27471833437716e-5,8.539032756534428e-5,7.862250394539733e-5,7.239603254997028e-5,6.666714328206294e-5,6.139565025563721e-5,5.654465379895286e-5,5.2080267698279914e-5,4.797136948631671e-5,4.418937178858064e-5,4.070801291743804e-5,3.750316505423399e-5,3.455265851548799e-5,3.1836120725538004e-5,2.933482864078056e-5,2.7031573483324474e-5,2.4910536734026423e-5,2.2957176431647873e-5,1.0579061454424294e-5
0.08543433646609055,0.13881081170325782,0.11899686088370309,0.10369216935051417,0.09120811444022325,0.08073811131576658,0.07180491540453149,0.06409238053679833,0.05737577654716253,0.05148747718773561,0.046298021399162725,0.04170476852590688,0.037624668902633274,0.033989428032252356,0.030742142993622434,0.027834886495367916,0.025226924369276316,0.022883370174731743,0.020774149770311445,0.018873190933347495,0.01715777976928473,0.01560804299551427,0.014206526753262005,0.012937850510521876,0.011788420132611721,0.010746188109470312,0.009800451761013712,0.008941682315720595,0.008161379302853572,0.007451945859212911,0.006806581440248732,0.006219189108353618,0.005684295101811496,0.005196978807174457,0.004752811588436379,0.004347803190983768,0.003978354652301619,0.003641216822624721,0.003333453740837808,0.0030524102266955427,0.002795683145335827,0.002561095879929698,0.0023466756143956935,0.002150633084057385,0.0019713444981933823,0.0018073353785890145,0.0016572660918983614,0.0015199188818628036,0.0013941862323043064,0.0012790604127829175,0.0011736240769134251,0.0010770417991814336,0.0009885524493720606,0.0009074623157627609,0.000833138898509049,0.0007650053034323739,0.0007025351744047465,0.0006452481093859527,0.0005927055111186342,0.0005445068289854291,0.0005002861529913027,0.000459709125132322,0.00042247013707480234,0.00038828978622953546,0.00035691256525404065,0.00032810476254216316,0.00030165255360912243,0.00027736026519876566,0.0002550487958348363,0.00023455417816432497,0.0002157262698310198,0.00019842756095089873,0.00018253208742297945,0.0001679244403305748,0.0001544988626604152,0.00014215842535660614,0.0001308142755167569,0.00012038495022727823,0.00011079575010920989,0.00010197816722957954,9.386936252286774e-5,8.641168830633228e-5,7.955225190535279e-5,7.324251673821998e-5,6.74379375635479e-5,6.209762689803337e-5,5.718404986364799e-5,5.266274498921331e-5,4.850206870038486e-5,4.4672961449962446e-5,4.114873360613739e-5,3.790486939541033e-5,3.4918847348136095e-5,3.216997582391871e-5,2.9639242327399282e-5,2.7309175433342324e-5,2.5163718245185145e-5,2.3188112407801107e-5,2.1368791774221128e-5,1.9693284909031198e-5,9.07506284157525e-6
0.07444462223268111,0.120956644836681,0.10369216935051417,0.09035663075224121,0.07947873370191116,0.07035570185369555,0.06257171255247274,0.055851307824356766,0.04999868019004128,0.04486777660903363,0.040345797215230794,0.03634331064495666,0.03278795507950305,0.02962022481770954,0.026790539597304486,0.02425713959640996,0.021984532347847918,0.01994232050580297,0.018104299684853886,0.016447752381659242,0.014952887219249755,0.013602387864652565,0.012381046050510158,0.011275460022783401,0.010273784540597602,0.009365521963257212,0.008541346427135832,0.007792954922077461,0.007112940423298408,0.006494683245904548,0.005932257563650872,0.005420350628662432,0.0049541926911837175,0.004529495983754087,0.0041424014222505995,0.0037894319067921095,0.0034674512919520423,0.003173628244901597,0.002905404333926151,0.0026604657906247747,0.002436718471788245,0.0022322656165423213,0.0020453880519193113,0.0018745265487716198,0.0017182660700805277,0.0015753216887043342,0.001444525980972236,0.0013248177271325719,0.0012152317713349826,0.001114889912097957,0.001022992709988308,0.0009388121130448276,0.0008616848120428684,0.0007910062481857431,0.0007262252047627715,0.0006668389219648841,0.0006123886810053408,0.000562455809672258,0.000516658066622537,0.0004746463665184896,0.0004361018119932881,0.0004007330021763792,0.0003682735907013044,0.0003384800688724229,0.00031112975223569674,0.00028601895100016737,0.0002629613068030473,0.00024178627998335152,0.00022233777317989898,0.00020447287848676925,0.00018806073661031125,0.0001729814976337992,0.00015912537400828526,0.00014639177727808657,0.00013468853089680741,0.00012393115217760242,0.0001140421971101836,0.0001049506623779289,9.659143940895631e-5,8.890481580357064e-5,8.183601990708494e-5,7.533480467968143e-5,6.935506739180947e-5,6.385450196394493e-5,5.8794281077836604e-5,5.4138765451716133e-5,4.985523789098156e-5,4.591365995752848e-5,4.2286449283104747e-5,3.89482757419047e-5,3.58758748420316e-5,3.3047876851516876e-5,3.044465030638613e-5,2.8048158660881877e-5,2.5841828956140573e-5,2.38104314780527e-5,2.193996946674799e-5,2.0217578024323338e-5,1.8631431436265747e-5,1.7170658194325377e-5,7.912631535664748e-6
0.0654804795909254,0.10639310273790814,0.09120811444022325,0.07947873370191116,0.06991092326553017,0.061886575788173914,0.055039965992887296,0.04912882231860349,0.043980927448936113,0.03946782408792293,0.035490301754508846,0.03196970301520241,0.02884238342937362,0.026056005761606715,0.023566962397417346,0.02133852396071556,0.019339473348887914,0.017543074734347575,0.015926280099368806,0.014469108228829686,0.013154151516470647,0.011966179230500085,0.010891814749876272,0.009919270343747927,0.00903812729170178,0.008239152140721656,0.0075141420651280155,0.006855793884988387,0.006257592482633745,0.005713715246208048,0.00521894985038121,0.004768623207738423,0.004358539831007521,0.003984928167592605,0.003644393721223521,0.003333877978302771,0.003050622320518885,0.002792136236496552,0.0025561692541541947,0.002340686104154381,0.0021438446975544645,0.001963976561970643,0.0017995694312078897,0.0016492517261848805,0.0015117787002855258,0.0013860200530439355,0.001270948841893691,0.0011656315433504275,0.0010692191340562034,0.0009809390781846776,0.0009000881215803121,0.0008260258051471063,0.0007581686201736555,0.0006959847375061865,0.0006389892503569725,0.0005867398772641582,0.000538833077837966,0.0004949005391867035,0.0004546059954745954,0.0004176423472779054,0.00038372905082241157,0.0003526097504793239,0.00032405013070350205,0.00029783596602004844,0.0002737713499246369,0.00025167708549914646,0.00023138922234401324,0.00021275772589924354,0.00019564526667808493,0.00017992611818393135,0.00016548515334609748,0.00015221693033218948,0.0001400248594852862,0.00012882044391684683,0.00011852258703164186,0.00010905696086599718,0.00010035542972643184,9.23555241443357e-5,8.499996060247245e-5,7.82362029364634e-5,7.201606168959988e-5,6.62953280359186e-5,6.103343921791578e-5,5.619317270067858e-5,5.1740366515338684e-5,4.764366349820754e-5,4.38742773245642e-5,4.0405778439882734e-5,3.7213898151505125e-5,3.427634931079673e-5,3.157266214280814e-5,2.9084033917766024e-5,2.6793191274636428e-5,2.4684264106073677e-5,2.2742670016264604e-5,2.095500844624367e-5,1.9308963641932633e-5,1.7793215714194768e-5,1.639735910074862e-5,1.5111827803385137e-5,6.963913414559478e-6
0.057962663995797525,0.09417919309182032,0.08073811131576658,0.07035570185369555,0.061886575788173914,0.054783629041621706,0.048723147908993014,0.04349069091092628,0.038933823429132985,0.034938843969310907,0.03141793813579785,0.028301483552445772,0.02553314622047176,0.023066600434990203,0.020863247303699317,0.018890576045134833,0.01712095494200605,0.015530718781354369,0.014099466540914984,0.012809511721844913,0.011645445811970051,0.010593787127237686,0.009642695126135054,0.008781735656711726,0.008001686335644048,0.007294373912604096,0.006652537394236491,0.0060697121087044115,0.00554013093987224,0.005058639747330784,0.004620624591410619,0.0042219488455908505,0.003858898638639169,0.0035281353532156112,0.0032266541319082576,0.00295174752114586,0.0027009735285811673,0.002472127485666234,0.0022632172035306347,0.002072440988796276,0.0018981681503296155,0.0017389216821064035,0.001593362852185462,0.0014602774657385131,0.0013385636013306078,0.001227220646883815,0.0011253394846159268,0.0010320936933963208,0.0009467316538323174,0.0008685694556229313,0.0007969845189972936,0.0007314098528026815,0.0006713288808093635,0.0006162707759650495,0.0005658062493024106,0.00051954374615883,0.0004771260077837368,0.00043822696106289756,0.0004025489031244042,0.00036981995132099547,0.0003397917321078083,0.00031223728525006916,0.00028694916227970345,0.0002637377002638183,0.00024242945394774978,0.00022286577104920716,0.0002049014970731556,0.00018840379731868695,0.00017325108503445314,0.00015933204578255514,0.0001465447490136382,0.0001347958387605359,0.00012399979614609227,0.00011407826709357869,0.00010495944928792019,9.657753297144913e-5,8.887219069412481e-5,8.178811160605443e-5,7.52745762697207e-5,6.928506836533193e-5,6.37769199948368e-5,5.871098758804868e-5,5.4051355707770586e-5,4.9765066276818894e-5,4.582187098990816e-5,4.219400487996867e-5,3.885597917898916e-5,3.578439179388376e-5,3.295775385971859e-5,3.035633098048265e-5,2.7961997880002003e-5,2.575810530713429e-5,2.3729358141995934e-5,2.186170373767027e-5,2.01422296223203e-5,1.855906976015037e-5,1.7101318641088664e-5,1.5758952534600018e-5,1.4522757296642924e-5,1.3384262175085101e-5,6.167839553873779e-6
0.05154844497473432,0.0837581444620783,0.07180491540453149,0.06257171255247274,0.055039965992887296,0.048723147908993014,0.04333338666934394,0.03867998397566552,0.03462738279626243,0.031074470548542066,0.027943155422457067,0.025171523328020973,0.02270947720542993,0.020515820128770734,0.018556226443156354,0.016801784510188267,0.015227921535000133,0.013813592051441115,0.012540653373679378,0.011393376792093707,0.010358059373006434,0.009422711682838952,0.008576803735487443,0.007811056232571528,0.0071172674919165735,0.006488168819609508,0.0059173027892996805,0.005398920143315639,0.004927891962225844,0.004499634449445455,0.004110044213672517,0.003755442343899018,0.0034325258918165846,0.0031383256293416734,0.0028701691483909164,0.002625648529639278,0.00240259193607123,0.0021990385904016654,0.00201321668116073,0.0018435238120635966,0.0016885096665256658,0.0015468606073593023,0.0014173859715460244,0.0012990058537263038,0.0011907401998360358,0.001091699056541457,0.00100107384245093,0.0009181295241130552,0.0008421975948123064,0.0007726697668229872,0.0007089922987020009,0.0006506608887590758,0.0005972160738481197,0.0005482390798849466,0.0005033480766954822,0.00046219479509462986,0.0004244614689125296,0.00038985806882372957,0.0003581197984231406,0.00032900482630972457,0.0003022922306283801,0.00027778013511312646,0.00025528401788406895,0.00023463517615723416,0.00021567933180472072,0.00019827536422666568,0.00018229415841332234,0.00016761755723298643,0.00015413740812459309,0.00014175469535498628,0.00013037874983928615,0.0001199265293272949,0.00011032196245989003,0.0001014953508154553,9.338282365313737e-5,8.592584053600466e-5,7.90707374939898e-5,7.276831280265115e-5,6.69734488002241e-5,6.164476651761351e-5,5.67443101913501e-5,5.2237258994473554e-5,4.8091663581266756e-5,4.427820524276454e-5,4.076997568346519e-5,3.7542275613411326e-5,3.4572430501465063e-5,3.183962199604048e-5,2.9324733645706203e-5,2.7010209683559416e-5,2.4879925739237875e-5,2.2919070450553257e-5,2.111403703796398e-5,1.9452323983119944e-5,1.7922444033166215e-5,1.6513840817887547e-5,1.5216812430296999e-5,1.402244137956374e-5,1.2922530372847755e-5,1.1909543432681962e-5,5.4882759499993815e-6
0.04601078433728978,0.07476112911746768,0.06409238053679833,0.055851307824356766,0.04912882231860349,0.04349069091092628,0.03867998397566552,0.034526500410957284,0.03090925341118489,0.02773799826980472,0.02494303659666397,0.02246910880770231,0.02027150215750917,0.018313447376771486,0.016564307890766572,0.014998279205132525,0.013593429303758231,0.012330974364354541,0.011194721343401909,0.010170631714122136,0.009246474994238557,0.008411550036885429,0.00765645828617309,0.0069729174569560515,0.006353607066584804,0.005792039352726999,0.005282450636045433,0.004819709302961897,0.004399237415602025,0.004016943580750637,0.0036691651881914505,0.0033526184964845773,0.0030643553299024295,0.002801725375965562,0.0025623432509873437,0.002344059643485906,0.002144935960519831,0.0019632219941727452,0.0017973362019132744,0.001645848256878149,0.0015074635752121736,0.0013810095705961353,0.0012654234216658913,0.001159741168147422,0.0010630879763313394,0.0009746694361299803,0.0008937637701012247,0.0008197148500237658,0.0007519259299974112,0.0006898540163318128,0.0006330048042331258,0.0005809281198283327,0.0005332138132119989,0.000489488054680777,0.0004494099918538382,0.0004126687301039475,0.00037898060302286353,0.00034808670333865126,0.0003197506479049291,0.00029375655334300515,0.00026990720131786234,0.0002480223747431849,0.00022793734818248555,0.00020950151741501357,0.0001925771547223779,0.0001770382778121123,0.00016276962155887262,0.00014966570277706722,0.00013762996925887738,0.00012657402518746535,0.00011641692578339639,0.00010708453476041598,9.850893879237736e-5,9.062791374301509e-5,8.338443793397157e-5,7.672624815154017e-5,7.060543451823612e-5,6.497807072667391e-5,5.980387644249365e-5,5.504590899739546e-5,5.067028175698802e-5,4.6645906784622214e-5,4.294425965532963e-5,3.953916445336618e-5,3.640659717744454e-5,3.3524505941738537e-5,3.08726464961043e-5,2.8432431732176595e-5,2.6186793954587062e-5,2.4120058813923708e-5,2.2217829887288116e-5,2.0466882988782477e-5,1.885506937373307e-5,1.737122707006286e-5,1.6005099642054244e-5,1.4747261750112808e-5,1.358905092684016e-5,1.2522505041761558e-5,1.1540304969601779e-5,1.0635722021702865e-5,4.901284869483823e-6
0.0411882941393491,0.06692596891725278,0.05737577654716253,0.04999868019004128,0.043980927448936113,0.038933823429132985,0.03462738279626243,0.03090925341118489,0.02767113623518702,0.024832250330269923,0.022330206324698842,0.02011553941131977,0.01814822554235579,0.016395351090994936,0.014829491974285458,0.013427549440595876,0.012169891106044856,0.011039702629847187,0.01002248875862069,0.009105682817721367,0.008278336575548939,0.007530870764217573,0.00685487211496516,0.006242926578163069,0.005688481054732547,0.005185727851177907,0.004729507435249941,0.004315226068602823,0.003938785637434286,0.0035965235613100166,0.00328516108873092,0.0030017586171190713,0.002743676930605045,0.0025085434510461815,0.002294222757008392,0.002098790752952391,0.001920511973981881,0.0017578195940127009,0.0016092977736995098,0.0014736660402418326,0.0013497654369191148,0.0012365462186913374,0.001133056902044266,0.0010384345042194591,0.0009518958291678016,0.0008727296769166192,0.000800289869279637,0.0007339889984444136,0.0006732928169572942,0.0006177151977310256,0.0005668136014244478,0.000520184996179205,0.00047746218109384446,0.00043831047061688305,0.00040242470199272976,0.0003695265321253839,0.00033936199407275883,0.00031169928669109136,0.00028632677381553763,0.0002630511720132867,0.00024169590809400374,0.0002220996296339265,0.00020411485353490858,0.00018760673916305964,0.00017245197403229764,0.00015853776121583802,0.00014576089880053485,0.0001340269426237167,0.00012324944444539994,0.00011334925849273503,0.00010425390998333554,9.589701987694987e-5,8.821778066500901e-5,8.116047849980232e-5,7.46740574338778e-5,6.871172192072453e-5,6.323057410882868e-5,5.8191282793648496e-5,5.3557781168872944e-5,4.929699079970801e-5,4.537856947694455e-5,4.177468082225042e-5,3.845978372362931e-5,3.5410439840611674e-5,3.2605137589314186e-5,3.002413116433224e-5,2.764929327561097e-5,2.5463980406621972e-5,2.345290950098801e-5,2.1602045089755945e-5,1.9898495951401927e-5,1.833042048303207e-5,1.688694003416485e-5,1.5558059516802283e-5,1.433459466979709e-5,1.3208105407776813e-5,1.2170834735644471e-5,1.1215652756256376e-5,1.0336005336976037e-5,9.525867040812168e-6,4.3898489812903404e-6
0.03696059559533449,0.06005710550293619,0.05148747718773561,0.04486777660903363,0.03946782408792293,0.034938843969310907,0.031074470548542066,0.02773799826980472,0.024832250330269923,0.02228474184547985,0.02003949062709426,0.018052111656182035,0.016286691076036586,0.014713695188570297,0.013308516048580132,0.012050426821704374,0.010921811041124774,0.00990758086962848,0.008994729389668638,0.008171980202312246,0.007429509144337265,0.006758720431858406,0.00615206454127766,0.005602888558386851,0.005105312110516583,0.0046541236883926446,0.004244693388986101,0.003872899007360195,0.0035350630736610406,0.0032278989331783747,0.002948464351762048,0.0026941214241965813,0.002462501792577107,0.0022514763630262016,0.0020591288520318274,0.0018837326080975922,0.00172373024692319,0.0015777157123589222,0.0014444184368237988,0.0013226893249309798,0.0012114883250957525,0.0011098733884349656,0.0010169906428386076,0.0009320656342862409,0.0008543955073990611,0.0007833420145825325,0.0007183252576854673,0.000658818078309302,0.0006043410236558668,0.0005544578238690107,0.0005087713246535609,0.0004669198258066172,0.00042857378203434333,0.0003934328276332527,0.00036122309105819737,0.00033169476919607185,0.0003046199346168326,0.00027979055204040496,0.00025701668283035443,0.0002361248587032334,0.00021695660777027673,0.0001993671178869465,0.00018322402386958562,0.00016840630650518523,0.00015480329255527277,0.0001423137460473756,0.00013084504216332848,0.00012031241586335636,0.00011063827820439716,0.00010175159401456125,9.358731518666823e-5,8.608586443058534e-5,7.919266482667793e-5,7.285771096435809e-5,6.7035177870425e-5,6.16830642732795e-5,5.676286709103604e-5,5.2239284329847575e-5,4.807994382718646e-5,4.4255155527299795e-5,4.073768518784917e-5,3.750254760669775e-5,3.452681764492117e-5,3.1789457466222405e-5,2.9271158566027914e-5,2.6954197295284642e-5,2.482230269271223e-5,2.2860535554313985e-5,2.105517775939338e-5,1.9393630966618562e-5,1.7864323865352265e-5,1.645662724498266e-5,1.5160776210431986e-5,1.3967798927943208e-5,1.2869451342949765e-5,1.1858157358722333e-5,1.0926954010039366e-5,1.0069441207933688e-5,9.279735665746261e-6,8.552428652635247e-6,3.941273625924173e-6
0.03323471827520397,0.05400350562329859,0.046298021399162725,0.040345797215230794,0.035490301754508846,0.03141793813579785,0.027943155422457067,0.02494303659666397,0.022330206324698842,0.02003949062709426,0.018020553660432814,0.016233486988719514,0.01464599888437268,0.013231534237378273,0.011967966851635925,0.010836660173771384,0.009821774293441554,0.008909742884532001,0.008088870655215297,0.007349018291478743,0.006681352244293781,0.006078143453317253,0.005532603597857039,0.005038750540899972,0.0045912967755949025,0.004185556204703025,0.0038173656846316045,0.0034830185719290224,0.0031792081108707737,0.0029029789519292235,0.0026516854365098916,0.0024229555488629734,0.0022146596423776935,0.0020248832104738934,0.001851903100827737,0.0016941666745380127,0.0015502734950331963,0.0014189591980771285,0.0012990812494793925,0.001189606342120765,0.0010895992207968497,0.0009982127544329693,0.0009146791009129462,0.0008383018315158801,0.0007684488998642072,0.000704546355898358,0.0006460727184947647,0.0005925539313202857,0.0005435588361856376,0.0004986951063130369,0.0004576055889716369,0.0004199650130946378,0.0003854770226514965,0.0003538715012291046,0.0003249021572710722,0.0002983443428378977,0.0002739930818552042,0.0002516612864849289,0.0002311781425671745,0.00021238764721859434,0.00019514728340655355,0.0001793268179895763,0.00016480721113868455,0.00015147962628310994,0.0001392445308701861,0.00012801087921166226,0.00011769536960188481,0.00010822176863938514,9.952029642024693e-5,9.152706690415181e-5,8.418357829439766e-5,7.743624879184754e-5,7.123599353463738e-5,6.553783893261723e-5,6.0300570983807004e-5,5.548641446708846e-5,5.1060740212822585e-5,4.699179792131889e-5,4.325047222243639e-5,3.981005989662904e-5,3.664606636819673e-5,3.373601975228285e-5,3.105930090543344e-5,2.8596988059094376e-5,2.6331714753091988e-5,2.4247539904606998e-5,2.2329828945921748e-5,2.056514506767603e-5,1.894114968569268e-5,1.7446511334227898e-5,1.607082225294897e-5,1.480452200464886e-5,1.3638827519556413e-5,1.25656690123829e-5,1.1577631270139516e-5,1.0667899850923197e-5,9.830211774829883e-6,9.058810325748146e-6,8.348403613521384e-6,7.694126578263588e-6,3.5457530733182984e-6
0.0299369528548864,0.04864542584374809,0.04170476852590688,0.03634331064495666,0.03196970301520241,0.028301483552445772,0.025171523328020973,0.02246910880770231,0.02011553941131977,0.018052111656182035,0.016233486988719514,0.014623718973580946,0.01319372165580912,0.011919576136661197,0.010781352707382924,0.009762264835547624,0.008848044971606323,0.00802647342348381,0.007287015775046146,0.006620539110996887,0.0060190866471873244,0.005475696438596078,0.004984253888506679,0.0045393705521681454,0.004136283658988202,0.0037707721474029565,0.0034390859983427086,0.0031378863794257333,0.0028641946531143755,0.0026153487084356747,0.00238896538714483,0.0021829080143725074,0.001995258229610962,0.0018242914607163319,0.001668455499365215,0.0015263517290593671,0.0013967186317050372,0.0012784172587427499,0.0011704184025653694,0.0010717912444980701,0.0009816932888434583,0.0008993614204615349,0.0008241039464930745,0.0007552935024269878,0.0006923607188423515,0.000634788559218346,0.0005821072510055047,0.0005338897420380535,0.000489747623076766,0.0004493274646145632,0.00041230752241686215,0.0003783947718170996,0.00034732223543526477,0.00031884657320279536,0.0002927459071759911,0.0002688178566946165,0.0002468777622386337,0.0002267570787388238,0.00020830192118019217,0.00019137174726305663,0.00017583816344783794,0.00016158384221503803,0.00014850153965452603,0.0001364932036051784,0.0001254691635984126,0.0001153473947440543,0.00010605284851957246,9.751684409566659e-5,8.967651449496173e-5,8.247430245024727e-5,7.585750131548752e-5,6.977783684997195e-5,6.419108610303519e-5,5.905672998447959e-5,5.433763644658511e-5,4.999977148008989e-5,4.601193540345466e-5,4.234552216636012e-5,3.897429958955238e-5,3.5874208667676646e-5,3.302318023326264e-5,3.0400967433884176e-5,2.798899262606853e-5,2.5770207406253026e-5,2.3728964623083762e-5,2.1850901322067182e-5,2.0122831661655255e-5,1.853264893303115e-5,1.7069235889124513e-5,1.5722382664762585e-5,1.448271162792159e-5,1.3341608564830792e-5,1.229115965469598e-5,1.1324093735099735e-5,1.0433729405888052e-5,9.613926557324929e-6,8.85904194520453e-6,8.163888469469162e-6,7.5236978405706235e-6,6.93408634690643e-6,3.195511730952886e-6
0.02700765930507898,0.043885978407585235,0.037624668902633274,0.03278795507950305,0.02884238342937362,0.02553314622047176,0.02270947720542993,0.02027150215750917,0.01814822554235579,0.016286691076036586,0.01464599888437268,0.01319372165580912,0.011903620868911391,0.010754119167527804,0.009727237817493045,0.008807833525209002,0.007983035358541418,0.007241819749128076,0.006574683411140342,0.005973387350564949,0.0054307535614116775,0.004940501483910925,0.004497114954388953,0.004095732875087771,0.0037320585739229195,0.003402284060122593,0.0031030262763647523,0.0028312731031368277,0.0025843373591655297,0.0023598174083450385,0.0021555632643900646,0.0019696473001854994,0.0018003388364255316,0.0016460820165810144,0.0015054764796604524,0.001377260425812852,0.0012602957374167369,0.0011535548723786981,0.0010561092912543743,0.0009671192163716522,0.0008858245511114068,0.0008115368127292917,0.0007436319529755958,0.0006815439584430712,0.0006247591371241184,0.0005728110103437305,0.0005252757398795643,0.0004817680289988472,0.0004419374439985635,0.0004054651094592618,0.0003720607361418068,0.0003414599454615282,0.0003134218586666468,0.0002877269226505448,0.00026417494757391413,0.00024258333424635042,0.0002227854717393304,0.00020462928787021249,0.00018797593707595714,0.00017269861193277463,0.0001586814659861758,0.00014581863691394458,0.00013401336020165636,0.00012317716450888734,0.00011322914083571533,0.00010409527839734013,9.570786085674353e-5,8.80049171714959e-5,8.092972190956575e-5,7.44303404029477e-5,6.84592145470508e-5,6.297278547519412e-5,5.793114970478828e-5,5.329774567447323e-5,4.90390678988703e-5,4.512440621706076e-5,4.152560786071591e-5,3.821686028579376e-5,3.517449289320836e-5,3.2376795948365136e-5,2.980385516421853e-5,2.743740055128935e-5,2.5260668274820286e-5,2.3258274364533168e-5,2.141609923432601e-5,1.972118206552346e-5,1.8161624186734517e-5,1.6726500667458015e-5,1.5405779408653956e-5,1.4190247082419003e-5,1.3071441325268997e-5,1.2041588646188829e-5,1.1093547558428392e-5,1.0220756484893357e-5,9.417186029147797e-6,8.677295238314819e-6,7.995991517449478e-6,7.3685938855123836e-6,6.790799288049979e-6,6.258651707936538e-6,2.8842569191542605e-6
0.024397794032241737,0.0396454895565973,0.033989428032252356,0.02962022481770954,0.026056005761606715,0.023066600434990203,0.020515820128770734,0.018313447376771486,0.016395351090994936,0.014713695188570297,0.013231534237378273,0.011919576136661197,0.010754119167527804,0.00971567207850954,0.008787994283232542,0.007957406474035755,0.007212281989460972,0.006542662911594055,0.0059399646119162736,0.005396744513600588,0.004906518446153765,0.004463612917227258,0.004063044927670942,0.003700423212888021,0.0033718663668639293,0.003073934421683515,0.0028035712635144303,0.0025580558577963652,0.002334960697301207,0.0021321162178607397,0.0019475801802063888,0.0017796112112476378,0.0016266458495287975,0.0014872785592421195,0.0013602442715038646,0.0012444030871006095,0.0011387268359722875,0.0010422872375482096,0.0009542454466007974,0.0008738428023129068,0.0008003926253308397,0.000733272930364702,0.000671919940751449,0.0006158223073611645,0.000564515947370392,0.000517579429885345,0.0004746298450130169,0.0004353191010343805,0.0003993306014306187,0.00036637625949690906,0.0003361938134440216,0.000308544409409371,0.00028321042358587286,0.00025999349811224245,0.0002387127683007263,0.0002192032612836122,0.0002013144484384454,0.00018490893590980377,0.00016986127924304524,0.00015605690971477737,0.00014339116121700685,0.00013176838777862127,0.00012110116285310229,0.00011130955240333182,0.00010232045465576956,9.40670001173035e-5,8.64880061184829e-5,7.952748069434568e-5,7.313417115498069e-5,6.72611531622189e-5,6.186545652550244e-5,5.690772431068904e-5,5.2351902187243275e-5,4.816495523079069e-5,4.431660967568003e-5,4.077911733753152e-5,3.752704065142622e-5,3.453705646831902e-5,3.178777691617953e-5,2.9259585799057603e-5,2.6934489147052015e-5,2.4795978655533547e-5,2.2828906875512042e-5,2.1019373112132766e-5,1.9354619089359385e-5,1.7822933525871913e-5,1.641356483897318e-5,1.5116641269253541e-5,1.392309777846555e-5,1.2824609135313355e-5,1.1813528651173405e-5,1.0882832078939721e-5,1.0026066231394855e-5,9.237301912419374e-6,8.511090792456317e-6,7.842425890599436e-6,7.226705355749762e-6,6.659699266888295e-6,6.137519195074627e-6,5.6565902934990324e-6,2.606812851244093e-6
0.022066494300097328,0.03585757541493151,0.030742142993622434,0.026790539597304486,0.023566962397417346,0.020863247303699317,0.018556226443156354,0.016564307890766572,0.014829491974285458,0.013308516048580132,0.011967966851635925,0.010781352707382924,0.009727237817493045,0.008787994283232542,0.007948934072262742,0.007197685546592336,0.006523733462192316,0.005918071772727823,0.00537293642496009,0.00488159623061496,0.004438186780083425,0.004037576839072868,0.0036752596549405603,0.003347263640633813,0.003050078327046603,0.0027805924842980237,0.0025360420433307718,0.0023139659844088403,0.0021121687578602305,0.0019286881018807378,0.001761767351609933,0.0016098315099390623,0.0014714664874454948,0.0013454010270473882,0.0012304909142812244,0.0011257051423864128,0.0010301137566015445,0.0009428771462561374,0.0008632365899125111,0.0007905058886853236,0.0007240639473535346,0.000663348183489584,0.000607848661882,0.0005571028659657282,0.0005106910298613015,0.0004682319649870221,0.00042937932390430845,0.0003938182513420485,0.00036126237876398133,0.0003314511242546144,0.0003041472641709085,0.0002791347470960546,0.000256216724056302,0.00023521377206855033,0.00021596229073848113,0.00019831305389473707,0.00018212990030540277,0.00016728854929376003,0.00015367552860553546,0.00014118720329918052,0.00012972889558124237,0.00011921408661834561,0.00010956369230261153,0.00010070540576304684,9.257310017643993e-5,8.510628608338175e-5,7.82496180213386e-5,7.195244578189481e-5,6.616840608846203e-5,6.085505091067006e-5,5.597350899035178e-5,5.148817749838874e-5,4.7366441041644036e-5,4.357841550288607e-5,4.009671444773111e-5,3.689623603642762e-5,3.395396858241412e-5,3.124881307768699e-5,2.8761421153278136e-5,2.6474047093893852e-5,2.4370412652195304e-5,2.243558352159385e-5,2.065585643816698e-5,1.9018655968305702e-5,1.75124401301248e-5,1.6126614075322534e-5,1.485145112308802e-5,1.3678020506353058e-5,1.25981212446814e-5,1.160422161439767e-5,1.068940372934445e-5,9.847312791949543e-6,9.072110613362271e-6,8.358433034804578e-6,7.701350916745653e-6,7.096334390505629e-6,6.539220094096824e-6,6.026181139077492e-6,5.5536995755998074e-6,5.1185411442872724e-6,2.358866061092098e-6
0.019979343203955835,0.032466323436703304,0.027834886495367916,0.02425713959640996,0.02133852396071556,0.018890576045134833,0.016801784510188267,0.014998279205132525,0.013427549440595876,0.012050426821704374,0.010836660173771384,0.009762264835547624,0.008807833525209002,0.007957406474035755,0.007197685546592336,0.0065174697763499545,0.005907238901612655,0.005358839029428256,0.00486524072045931,0.004420349653707481,0.004018856259377021,0.003656114760321516,0.0033280447655704287,0.0030310504074399502,0.0027619533019533973,0.0025179365264310152,0.0022964974698268456,0.0020954078959201233,0.0019126799204934805,0.001746536874756878,0.0015953882349604223,0.0014578079577057604,0.001332515684440344,0.0012183603765771843,0.0011143060199172196,0.0010194190988697775,0.0009328575909612336,0.000853861272118648,0.0007817431564159111,0.0007158819210145665,0.0006557151892016642,0.0006007335630856103,0.0005504753129489063,0.0005045216433279716,0.000462492466651877,0.00042404262465419763,0.0003888585056449024,0.0003566550123253803,0.00032717284064035564,0.0003001760350597278,0.00027544978991296456,0.000252798470100667,0.00023204382760846475,0.00021302339306110505,0.000195589023955659,0.0001796055932640002,0.00016494980396050424,0.0001515091166339926,0.00013918077873289374,0.00012787094527760964,0.00011749388191570342,0.00010797124219998023,9.923141182536805e-5,9.120891329908215e-5,8.384386520743099e-5,7.70814908331145e-5,7.087167142572287e-5,6.51685398764981e-5,5.9930110991326295e-5,5.511794493608308e-5,5.0696840753246784e-5,4.663455716043361e-5,4.290155811310947e-5,3.947078085244889e-5,3.631742438669409e-5,3.341875653885837e-5,3.075393787843595e-5,2.830386101603053e-5,2.605100387404445e-5,2.3979295683072572e-5,2.2073994568107074e-5,2.032157569132985e-5,1.870962901942921e-5,1.7226765861253174e-5,1.586253340437753e-5,1.460733655039235e-5,1.3452366407474571e-5,1.2389534861020185e-5,1.1411414691998395e-5,1.0511184763673621e-5,9.68257983608196e-6,8.91984460956485e-6,8.217691634043283e-6,7.57126275094722e-6,6.9760937659183245e-6,6.4280820757547485e-6,5.923456997696539e-6,5.4587525717570155e-6,5.030782625283547e-6,4.6366179083548415e-6,2.136782562736063e-6
0.018107089551271383,0.029424212851547393,0.025226924369276316,0.021984532347847918,0.019339473348887914,0.01712095494200605,0.015227921535000133,0.013593429303758231,0.012169891106044856,0.010921811041124774,0.009821774293441554,0.008848044971606323,0.007983035358541418,0.007212281989460972,0.006523733462192316,0.005907238901612655,0.005354170546844159,0.0048571388901307855,0.004409773445883378,0.004006551169220593,0.003642660188624705,0.003313890189534152,0.0030165432352941626,0.0027473604866115955,0.0025034614480891615,0.002282293198831109,0.0020815876637833852,0.0018993254215658728,0.0017337048717273873,0.0015831158300557077,0.0014461168087855775,0.0013214153831506044,0.0012078511580745667,0.0011043809375701173,0.001010065769404548,0.0009240595936142321,0.000845599268755097,0.0007739957860231263,0.0007086265114655283,0.0006489283210125742,0.0005943915131503275,0.0005445544009641014,0.0004989984992722993,0.00045734423441593473,0.00041924711402158144,0.00038439430255795583,0.0003525015556409229,0.00032331047201913064,0.00029658602743843233,0.0002721143590229628,0.0002497007726437661,0.00022916794910070575,0.0002103543277531747,0.00019311264878403784,0.0001773086374572204,0.00016281981558818924,0.00014953442713741072,0.0001373504662896684,0.0001261747976416829,0.00011592235928506705,0.00010651544051555172,9.788302680971872e-5,8.996020548609346e-5,8.268762613670923e-5,7.601101053962621e-5,6.988070729794789e-5,6.425128694832576e-5,5.908117368823881e-5,5.433231027271684e-5,4.996985297571672e-5,4.5961893805674726e-5,4.227920744728623e-5,3.8895020647720675e-5,3.5784801981789106e-5,3.292607013667388e-5,3.0298219024015504e-5,2.788235819465364e-5,2.5661167177452068e-5,2.3618762485283506e-5,2.1740576154969347e-5,2.001324479169054e-5,1.842450818144621e-5,1.696311662680646e-5,1.5618746231794035e-5,1.4381921436727805e-5,1.3243944168423588e-5,1.2196829024397569e-5,1.123324396609714e-5,1.0346456040494402e-5,9.530281695580299e-6,8.779041290411538e-6,8.087517438349782e-6,7.450916854200219e-6,6.864835403353137e-6,6.325226079316432e-6,5.828369658998682e-6,5.370847807428493e-6,4.949518424082942e-6,4.561493039746805e-6,4.204116090426703e-6,1.9374729550596022e-6
0.01642468165536476,0.02669054506329327,0.022883370174731743,0.01994232050580297,0.017543074734347575,0.015530718781354369,0.013813592051441115,0.012330974364354541,0.011039702629847187,0.00990758086962848,0.008909742884532001,0.00802647342348381,0.007241819749128076,0.006542662911594055,0.005918071772727823,0.005358839029428256,0.0048571388901307855,0.004406268698233684,0.004000450083864057,0.0036346733349980898,0.003304573799395777,0.0030063324596101906,0.0027365950451874524,0.002492405565197829,0.002271151203129068,0.002070516267570599,0.0018884434360339417,0.0017231009275264428,0.0015728545362483012,0.0014362436816419515,0.0013119608007331092,0.0011988335398623144,0.0010958093048087994,0.0010019418088272787,0.000916379321602493,0.0008383543729391409,0.0007671747060983645,0.0007022153085680608,0.000642911375343955,0.0005887520820282693,0.0005392750632756058,0.0004940615074525753,0.0004527317910669477,0.00041494158726629315,0.00038037839155169017,0.0003487584155640088,0.00031982380627144924,0.0002933401533087056,0.00026909425199435344,0.0002468920935800754,0.00022655705776186003,0.00020792828552635301,0.0001908592129539026,0.0001752162489119663,0.00016087758154602469,0.00014773210016130007,0.0001356784206220981,0.00012462400371344084,0.00011448435705196502,0.00010518231218953691,9.664736940904724e-5,8.881510353761697e-5,8.162662480591166e-5,7.50280893893041e-5,6.897025483297461e-5,6.340807604833716e-5,5.8300338019404195e-5,5.360932172620864e-5,4.930050015650232e-5,4.534226158943357e-5,4.170565760189184e-5,3.836417350445748e-5,3.529351913717459e-5,3.2471438151580726e-5,2.987753409235095e-5,2.749311174356987e-5,2.5301032356578172e-5,2.3285581508891825e-5,2.143234845403667e-5,1.972811593435646e-5,1.8160759522945218e-5,1.6719155645254986e-5,1.5393097514099924e-5,1.4173218275785062e-5,1.3050920733137647e-5,1.2018313069771529e-5,1.106815004822036e-5,1.0193779205719969e-5,9.389091611607705e-6,8.648476792225726e-6,7.966781461058472e-6,7.339271726300049e-6,6.761598477132664e-6,6.2297656748498415e-6,5.740101300615746e-6,5.289230732488979e-6,4.8740523445929285e-6,4.4917151398988185e-6,4.139598243279997e-6,3.8152920974652914e-6,1.7582906091874703e-6
