0.0613415547481968,0.08945375702188674,0.07090255127055611,0.05755313669269069,0.047344601504891615,0.0392934496883538,0.03282182509922427,0.02755168391119789,0.023218928552085627,0.019630788992875958,0.016642110954460387,0.01414104704967628,0.01203988192711239,0.010268867109750418,0.008771921800335841,0.007503544025062703,0.006426536534770766,0.0055102983920842785,0.00472951967294756,0.004063169855089796,0.003493704257732419,0.00300643503626951,0.0025890281242764088,0.002231097765061668,0.0019238774762723385,0.0016599514441111157,0.0014330340937143415,0.0012377883502955288,0.0010696751771025852,0.0009248285442881032,0.0007999511837770978,0.0006922274131051821,0.0005992500349357843,0.0005189588882082655,0.0004495890775119086,0.00038962726669415203,0.0003377747111160904,0.00029291593538988223,0.00025409215215966684,0.00022047867107998203,0.0001913656727848545,0.00016614182589239686,0.00014428031017626368,0.00012532687942126827,0.00010888965580729696,9.463039627664589e-5,8.225701184408655e-5,7.151715465831252e-5,6.219271602720148e-5,5.409510245244463e-5,4.7061176776162436e-5,4.094976845526164e-5,3.563867124486595e-5,3.10220586581633e-5,2.700825779389704e-5,2.351783079211113e-5,2.048192054949897e-5,1.7840823589993166e-5,1.5542758314409375e-5,1.3542801404136805e-5,1.1801969022726052e-5,1.0286422775295434e-5,8.966783213756635e-6,7.817536094906257e-6,6.816518671717809e-6,5.944475073205719e-6,5.184671351858447e-6,4.522562081475868e-6,3.9455015118503625e-6,3.4424932500890735e-6,3.003973266002545e-6,2.621621732080398e-6,2.2881998220755146e-6,1.9974081199427223e-6,1.743763746447284e-6,1.5224937023237873e-6,1.3294422656325403e-6,1.1609905728221214e-6,1.0139867644911917e-6,8.856852947386628e-7,7.736941907889394e-7,6.759292118363171e-7,5.905739967165391e-7,5.16045411067137e-7,4.5096340990421036e-7,3.9412482242013576e-7,3.4448054433734145e-7,3.0111569144646156e-7,2.6323232684877363e-7,2.3013442567539143e-7,2.0121478524771694e-7,1.7594362715618213e-7,1.538586710269433e-7,1.3455648861433317e-7,1.1768497197043756e-7,1.0293677116708274e-7,9.004357595128659e-8,7.877113211285474e-8,6.891489755935158e-8,6.029625548372204e-8,2.637960637658058e-8
0.08945375702188674,0.13045094944711133,0.1033984565832835,0.08393138858142635,0.06904447430590177,0.05730355538042664,0.047865986442605424,0.04018049269744517,0.03386195817628568,0.028629278271169345,0.02427078274523692,0.02062337029440947,0.01755912960786976,0.01497634921882679,0.012793248338868857,0.010943472626599532,0.009372778047937819,0.00803653962802281,0.006897848030548354,0.0059260343959226525,0.005095513145341318,0.004384864741865752,0.003776102110383872,0.0032540793647935634,0.002806011991754398,0.0024210851545792902,0.002090132249108853,0.0018053698798154716,0.0015601784449808358,0.0013489198063376118,0.0011667852698548885,0.0010096684574030686,0.0008740587043947236,0.0007569514485755834,0.0006557727322750173,0.0005683154645279055,0.0004926855100376819,0.00042725601087257106,0.00037062862199387526,0.00032160056568788977,0.0002791365931844869,0.0002423450923105851,0.00021045770410362073,0.00018281191394991852,0.00015883616786820966,0.00013803713544556723,0.00011998879999879,0.0001043231058955622,9.072193439007702e-5,7.8910214083129e-5,6.86500013655281e-5,5.973539086787604e-5,5.1988136743178186e-5,4.525388323377527e-5,3.939891788362984e-5,3.4307373399667e-5,2.9878814914754818e-5,2.6026158540285674e-5,2.2673874866545546e-5,1.9756437706243163e-5,1.721698401867418e-5,1.5006155788014188e-5,1.3081098753573263e-5,1.1404596417703976e-5,9.944320780681543e-6,8.672183840546723e-6,7.563776117943413e-6,6.597880367488062e-6,5.75605027587357e-6,5.022245351881153e-6,4.382514420497803e-6,3.8247211733303865e-6,3.3383061222577384e-6,2.914080072912154e-6,2.5440448990080765e-6,2.221237969610886e-6,1.939597075519685e-6,1.6938431266061348e-6,1.4793782587354307e-6,1.2921973066942005e-6,1.1288108734490173e-6,9.861784627128528e-7,8.616503469550413e-7,7.529170195483285e-7,6.579652332799688e-7,5.750397599993942e-7,5.026101207153459e-7,4.3934163506354665e-7,3.840702249624876e-7,3.357804820297863e-7,2.935865727885462e-7,2.5671561186652106e-7,2.2449318195093664e-7,1.9633072136859664e-7,1.7171453679140383e-7,1.501962302541437e-7,1.3138435724750772e-7,1.1493715656726861e-7,1.0055621333718414e-7,8.798093469577883e-8,3.849186665391268e-8
0.07090255127055611,0.1033984565832835,0.08195650741495886,0.06652672397647952,0.05472715595750821,0.04542110212003647,0.0379406885430027,0.031848978618441826,0.026840731500990755,0.022693144691796507,0.019238448701971333,0.01634736934540776,0.013918523746759115,0.011871294853260161,0.010140862565090586,0.008674633730578918,0.0074296138077144525,0.006370432324144831,0.005467834241673464,0.004697510753314357,0.004039182096255783,0.003475870551958374,0.0029933190122840084,0.0025795223369094594,0.0022243470502224597,0.0019192208815622183,0.0016568779867365754,0.0014311488879400723,0.0012367865632771959,0.0010693219293775001,0.000924943348634584,0.0008003958650143542,0.000692896708841758,0.0006000642688836193,0.00051985825088262,0.0004505291570947815,0.00039057555471245283,0.00033870786968147066,0.00029381766054765914,0.00025495150448713675,0.00022128877288722475,0.00019212269318215824,0.00016684419199079282,0.00014492809595582218,0.00012592133409888417,0.00010943284169131085,9.51249124560205e-5,8.270578504022204e-5,7.192328252872979e-5,6.255935131517271e-5,5.4425368831393685e-5,4.7358109184593824e-5,4.1216272240937645e-5,3.587749566428384e-5,3.1235781236385054e-5,2.7199276805769273e-5,2.3688363732409054e-5,2.0634006936251276e-5,1.797633081662914e-5,1.5663389570441948e-5,1.3650104909143201e-5,1.1897348007801258e-5,1.0371145788633023e-5,9.041994437755907e-6,7.884265450577746e-6,6.875691553165174e-6,5.996921608240191e-6,5.231135121698733e-6,4.563708264451391e-6,3.981924438056162e-6,3.474723369378775e-6,3.032483543889622e-6,2.6468334964480298e-6,2.3104880885089102e-6,2.017106427361381e-6,1.7611685356911256e-6,1.5378682714067816e-6,1.3430203350937169e-6,1.1729794932036052e-6,1.0245703970050928e-6,8.950265944403144e-7,7.819375196257493e-7,6.832024073664193e-7,5.969902200101882e-7,5.217047956762365e-7,4.5595453196231146e-7,3.9852601003277233e-7,3.483610429508536e-7,3.045367002102818e-7,2.6624791968144135e-7,2.3279236928389016e-7,2.0355726522743124e-7,1.7800789215898435e-7,1.5567760393205876e-7,1.3615911275411807e-7,1.1909689958632439e-7,1.0418060053121261e-7,9.113924290453368e-8,7.973622112664779e-8,6.976491689588616e-8,3.052244026467741e-8
0.05755313669269069,0.08393138858142635,0.06652672397647952,0.05400213931281206,0.04442421162091115,0.03687028306390583,0.030798241392915204,0.025853425345950587,0.02178807062842153,0.01842132786445072,0.015617017805560851,0.013270207751289509,0.011298604340100049,0.009636769824798358,0.008232088863738052,0.00704187076270163,0.006031216061784389,0.00517141380659869,0.0044387169913988195,0.0038133935176693085,0.0032789817126758353,0.002821700221993774,0.0024299760573804202,0.002094064196960406,0.0018057388903646443,0.0015580416556298833,0.0013450744725956795,0.001161829274293747,0.0010040467810806634,0.0008680991932789768,0.000750892384758322,0.0006497841103572603,0.0005625154189990468,0.0004871529983740703,0.00042204059982271953,0.0003657580292282629,0.000317086460291785,0.0002749790446045881,0.00023853596998638527,0.00020698326265000764,0.00017965474662217295,0.0001559766707164528,0.00013545459317984175,0.00011766218016852998,0.0001022316289295464,8.884547217115736e-5,7.722955810572055e-5,6.714703240629557e-5,5.8393174966982426e-5,5.079096671775033e-5,4.4187280562571116e-5,3.844960637823243e-5,3.346323339583452e-5,2.9128824626733227e-5,2.536032758742831e-5,2.2083173712139723e-5,1.9232725757682408e-5,1.6752938382994117e-5,1.4595202085122513e-5,1.2717344943921334e-5,1.1082770257948529e-5,9.659711265654742e-6,8.420586799660516e-6,7.341443991855091e-6,6.40147609255398e-6,5.582605132609103e-6,4.86912058712134e-6,4.247366422925248e-6,3.705469966419858e-6,3.2331069323578127e-6,2.821297730876844e-6,2.4622308392595094e-6,2.149109600651318e-6,1.8760193072184423e-6,1.6378118527702638e-6,1.4300056073503807e-6,1.2486984842343617e-6,1.090492443687815e-6,9.524279138625272e-7,8.319268137126929e-7,7.267430390694712e-7,6.349194253009721e-7,5.54750332007769e-7,4.847491088228354e-7,4.2361980018717935e-7,3.7023253226997325e-7,3.2360209891228365e-7,2.828693275756907e-7,2.4728486155504987e-7,2.1619504282328146e-7,1.8902962135748517e-7,1.652910529465975e-7,1.4454517873230428e-7,1.2641310683343052e-7,1.1056413997853511e-7,9.670961346418284e-8,8.459752550399882e-8,7.400785742681193e-8,6.47484945281794e-8,5.665167001102587e-8,2.47854322684087e-8
0.047344601504891615,0.06904447430590177,0.05472715595750821,0.04442421162091115,0.036545205848025564,0.030331159210088887,0.02533612914695793,0.021268370259907743,0.017924070576392115,0.015154462335890295,0.012847523444041942,0.010916935251823606,0.009295002276525188,0.007927894517213735,0.0067723297413873895,0.005793189790976608,0.004961765636779733,0.004254438972546765,0.003651674892393958,0.0031372412066450334,0.0026975960283279685,0.0023214023475049486,0.0019991398001129035,0.0017227917477521879,0.0014855913420507676,0.0012818142237962932,0.0011066084008621822,0.000955853985035858,0.0008260470663704195,0.0007142032137314493,0.0006177770170013273,0.000534594802448515,0.00046279821127265947,0.000400796770619969,0.000347227934125097,0.0003009233463964764,0.00026088030842638405,0.00022623760026971567,0.0001962549629794183,0.00017029566031736805,0.00014781163771884548,0.00012833087567174547,0.00011144660033651646,9.680806855307564e-5,8.41126893950904e-5,7.309928194821225e-5,6.354230024885137e-5,5.524688244436162e-5,4.804460315718762e-5,4.1789826429929565e-5,3.635657210840869e-5,3.163582157369115e-5,2.753319974453433e-5,2.396697960014351e-5,2.0866363364388627e-5,1.817000118411945e-5,1.58247138234506e-5,1.378439073113915e-5,1.2009038950911886e-5,1.0463961857654395e-5,9.119049688762198e-6,7.948166399698923e-6,6.9286195558782655e-6,6.040701840350136e-6,5.267294357245422e-6,4.5935232811984575e-6,4.006462579165865e-6,3.494876537603396e-6,3.048996695382113e-6,2.6603285265459857e-6,2.3214838559586568e-6,2.0260355414180995e-6,1.7683914294689708e-6,1.5436849995736197e-6,1.3476804630341513e-6,1.1766903853755874e-6,1.0275041624605136e-6,8.973259059517399e-7,7.837204879144018e-7,6.84566662592916e-7,5.980163284034765e-7,5.22459118470275e-7,4.564916166493404e-7,3.9889058945801206e-7,3.4858970561378354e-7,3.0465928506091716e-7,2.6628868000579785e-7,2.3277094321957282e-7,2.034894843448265e-7,1.7790645452294029e-7,1.5555263378644453e-7,1.360186254029528e-7,1.1894718706872402e-7,1.0402655114469742e-7,9.098460552333614e-8,7.95838234924924e-8,6.961684556415417e-8,6.090262890056323e-8,5.3283090950534706e-8,4.6620183478528145e-8,2.039667073351739e-8
0.0392934496883538,0.05730355538042664,0.04542110212003647,0.03687028306390583,0.030331159210088887,0.0251738358332263,0.02102821449771597,0.017652168393421375,0.014876548594111971,0.012577888585007413,0.010663217909613498,0.0090608979984175,0.007714746097360808,0.006580086765854809,0.0056209984363154025,0.004808335135150638,0.0041182700145926815,0.0035312011774376872,0.0030309156760230174,0.0026039416029810455,0.0022390398332432435,0.0019268011559010548,0.0016593240698841924,0.0014299550818767971,0.001233077956904683,0.0010639416722507539,0.0009185192270001231,0.0007933912322890223,0.000685649533966038,0.000592817123616798,0.0005127813630636541,0.00044373814171077067,0.00038414504961766134,0.0003326820137541141,0.0002882181335040054,0.00024978368167281016,0.00021654642196468864,0.0001877915427521814,0.00016290462783487454,0.00014135718325515925,0.00012269431970830715,0.00010652425621516734,9.250936522297833e-5,8.035852438183135e-5,6.982057760297907e-5,6.0678739141157775e-5,5.2745800386879045e-5,4.5860020736150425e-5,3.988160209875927e-5,3.4689661872510324e-5,3.017963205844906e-5,2.6261023026086868e-5,2.285549957578315e-5,1.9895224687568923e-5,1.7321432895041203e-5,1.5083200776597541e-5,1.3136386778082887e-5,1.1442716593976774e-5,9.968993747658039e-6,8.686417926984542e-6,7.569996110023508e-6,6.598033640272907e-6,5.751694222596665e-6,5.014619360954833e-6,4.372599087364398e-6,3.813286968812373e-6,3.325953355064231e-6,2.901271665724318e-6,2.5311332348469494e-6,2.2084868486783724e-6,1.9271996424244695e-6,1.6819364788778627e-6,1.4680553248641054e-6,1.2815164796337633e-6,1.1188038012641946e-6,9.76856328058568e-7,8.53008909026464e-7,7.449406445686809e-7,6.50630099656588e-7,5.683163914402775e-7,4.964653735767853e-7,4.337402435602447e-7,3.7897598948899734e-7,3.311571702905888e-7,2.8939859089446966e-7,2.529284920894265e-7,2.2107392513780427e-7,1.9324802499255304e-7,1.6893893371174217e-7,1.4770015851796215e-7,1.2914217727739965e-7,1.1292512886084117e-7,9.875244719049664e-8,8.636531628235028e-8,7.553783969300815e-8,6.607283170657022e-8,5.779814971724999e-8,5.056349777588369e-8,4.423764038282045e-8,3.870597355320909e-8,1.6934203534291052e-8
0.03282182509922427,0.047865986442605424,0.0379406885430027,0.030798241392915204,0.02533612914695793,0.02102821449771597,0.01756536205475978,0.014745328173213113,0.012426825945568654,0.010506725933079941,0.008907371366560224,0.007568923534799682,0.006444453644310427,0.00549664473110302,0.004695491777869459,0.004016649304166897,0.003440214812058834,0.0029498148458660597,0.002531906698345583,0.0021752372252210675,0.0018704183069530311,0.001609590340104182,0.0013861531052890876,0.0011945488418172688,0.0010300862114308272,0.0008887965901248768,0.0007673161330682167,0.0006627885383899464,0.000572784543699377,0.0004952350280234327,0.00042837523430424955,0.0003706981239686869,0.00032091526224124756,0.00027792393738769634,0.00024077945814935785,0.0002086717658977954,0.00018090565232446992,0.00015688399781699875,0.0001360935466365289,0.00011809281717867692,0.00010250181281482636,8.899325404864182e-5,7.728509824333585e-5,6.713415083153883e-5,5.833060312484075e-5,5.069335784759301e-5,4.4066025190132364e-5,3.831349028699123e-5,3.331896822270878e-5,2.8981475419694578e-5,2.521365699420866e-5,2.193991871612727e-5,1.909481984128399e-5,1.662168955218399e-5,1.4471435213610109e-5,1.2601515288628061e-5,1.0975053704672256e-5,9.560075811544796e-6,8.32884892443069e-6,7.25731288056777e-6,6.324588108624207e-6,5.512550484486022e-6,4.805463760662419e-6,4.189661651151928e-6,3.6532727632280338e-6,3.1859825176094576e-6,2.7788270139529587e-6,2.42401449645438e-6,2.114770675741032e-6,1.8452046788769222e-6,1.6101928422980382e-6,1.4052779441952855e-6,1.2265818012612798e-6,1.0707294372035832e-6,9.347832742983013e-7,8.161860088683358e-7,7.127110129236959e-7,6.224192604461443e-7,5.436219114335451e-7,4.748478034733508e-7,4.148152011568377e-7,3.624072405164319e-7,3.1665058098011766e-7,2.7669684215013025e-7,2.418064590753154e-7,2.1133463834513e-7,1.8471913938221745e-7,1.614696418788356e-7,1.4115849185700836e-7,1.2341264627730745e-7,1.0790665978566411e-7,9.435657781138602e-8,8.251461805843314e-8,7.216453789169903e-8,6.311759856953666e-8,5.520904890803215e-8,4.829506108791864e-8,4.2250060097198834e-8,3.696439591681739e-8,3.234231419288334e-8,1.415009344661408e-8
0.02755168391119789,0.04018049269744517,0.031848978618441826,0.025853425345950587,0.021268370259907743,0.017652168393421375,0.014745328173213113,0.012378083905744297,0.010431837519656068,0.008820020665327638,0.007477446991047992,0.0063538868017326,0.0054099471279523,0.004614303285009738,0.003941768332923382,0.003371906029781005,0.002888009645125471,0.0024763347896545745,0.0021255132599885887,0.0018260987612785176,0.0015702105443552855,0.0013512509356035651,0.0011636794233041044,0.0010028305667520686,0.000864766228091448,0.0007461549407001989,0.0006441729118306198,0.0005564224001570472,0.000480864139028675,0.00041576118033198085,0.0003596320731506135,0.0003112117080650246,0.0002694184829183932,0.00023332670148802376,0.00020214331885919177,0.00017518830869137428,0.00015187805707467207,0.00013171129204397544,0.00011425714256774492,9.914498980097882e-5,8.605582981252254e-5,7.471491336452185e-5,6.488546653254175e-5,5.636332756427109e-5,4.8972361568946e-5,4.256053646086572e-5,3.699656177114335e-5,3.216700714411835e-5,2.797383009165138e-5,2.4332253282771286e-5,2.1168940654558814e-5,1.842042922668317e-5,1.6031779909493388e-5,1.3955416024206578e-5,1.2150122846057542e-5,1.0580185375426378e-5,9.214644852860438e-6,8.026657347853133e-6,6.992940144727087e-6,6.093293693471897e-6,5.310188631402587e-6,4.628408871233105e-6,4.034743021681721e-6,3.5177174935166673e-6,3.0673655754243057e-6,2.675027561580104e-6,2.333177697360454e-6,2.035274295454348e-6,1.7756298794880884e-6,1.5492986451400118e-6,1.351978900605372e-6,1.1799284687003572e-6,1.0298913085771254e-6,8.990338521647638e-7,7.84889755176205e-7,6.853119384865052e-7,5.984309479319402e-7,5.226187917452958e-7,4.5645752786644056e-7,3.9871197129800356e-7,3.483059760809088e-7,3.0430181939269435e-7,2.658822784959028e-7,2.3233504567494915e-7,2.0303917361644698e-7,1.774532845374127e-7,1.5510531166644923e-7,1.3558357238274723e-7,1.1852899879165834e-7,1.0362837455627275e-7,9.060844667137945e-8,7.923079818037983e-8,6.928738280360524e-8,6.059663542541157e-8,5.300008367871008e-8,4.6359395633030684e-8,4.055380709284394e-8,3.547787938591057e-8,3.103954491393519e-8,2.7158403309178795e-8,1.1882117935849435e-8
0.023218928552085627,0.03386195817628568,0.026840731500990755,0.02178807062842153,0.017924070576392115,0.014876548594111971,0.012426825945568654,0.010431837519656068,0.008791638084372888,0.00743327443789174,0.006301812386353495,0.005354921998641002,0.004559405670466213,0.003888865112020218,0.0033220744486018167,0.0028418113319496133,0.0024339963677010718,0.0020870466064586077,0.001791381579153782,0.0015390404680052788,0.0013233817916799284,0.001138845361109253,0.0009807618964393257,0.0008451995742393102,0.0007288394991245128,0.000628874043901417,0.0005429234213634466,0.0004689668983152654,0.00040528584625063035,0.00035041641646933394,0.0003031100818805116,0.0002623006388605669,0.00022707653640296772,0.00019665761520592465,0.00017037550987424955,0.00014765710342010477,0.0001280105323861326,0.00011101332886862512,9.63023571384212e-5,8.356526068191037e-5,7.253318303140324e-5,6.297456482922152e-5,5.468985177100303e-5,4.7506974711755104e-5,4.127748529280252e-5,3.587324884559437e-5,3.118361165826652e-5,2.7112972502300295e-5,2.357869906723987e-5,2.0509338972254606e-5,1.7843082615097623e-5,1.552644152089664e-5,1.351311125307765e-5,1.176299252367459e-5,1.024134801044159e-5,8.918075669973175e-6,7.767082126300628e-6,6.7657420858905064e-6,5.894431747095454e-6,5.136125895123414e-6,4.476049838321501e-6,3.90137859705471e-6,3.400976827211825e-6,2.9651738762796764e-6,2.5855691549446874e-6,2.2548636792883074e-6,1.9667142155693304e-6,1.7156069533017117e-6,1.4967480578164734e-6,1.3059688183048048e-6,1.1396434207565211e-6,9.946176452603196e-7,8.681470194745254e-7,7.578431599384085e-7,6.616272054352725e-7,5.776893949209932e-7,5.04453970842379e-7,4.405486992166634e-7,3.847783930997474e-7,3.3610190860746216e-7,2.936121537910809e-7,2.5651871213295634e-7,2.2413273571437399e-7,1.9585380896619465e-7,1.7115852379212207e-7,1.4959054128306963e-7,1.3075194499336788e-7,1.1429571662402784e-7,9.991918727120462e-8,8.735833681738347e-8,7.638283078732347e-8,6.679169858379469e-8,5.840956963364145e-8,5.108339491384366e-8,4.467959084405652e-8,3.9081550764508394e-8,3.418747638291312e-8,2.990848778839497e-8,2.6166976018382115e-8,2.289516686029215e-8,1.0016934320843033e-8
0.019630788992875958,0.028629278271169345,0.022693144691796507,0.01842132786445072,0.015154462335890295,0.012577888585007413,0.010506725933079941,0.008820020665327638,0.00743327443789174,0.006284809116162499,0.005328180607791874,0.004527601012813215,0.0038550033056635874,0.0032880689101375815,0.0028088522510994543,0.0024027925270175138,0.002057986145393924,0.001764640136187566,0.0015146545323356658,0.0013012987088071096,0.0011189574825308732,0.0009629298585078633,0.0008292680706418892,0.0007146478449863835,0.0006162631169504169,0.0005317400825719902,0.00045906666366150005,0.0003965343521723768,0.0003426900618499493,0.0002962961168596163,0.00025629689131492425,0.00022179091047737267,0.00019200745593952887,0.00016628689921811,0.00014406413235690078,0.00012485457912654856,0.000108242362678724,9.387027987240479e-5,8.143129287166082e-5,7.066129775557808e-5,6.13329700792605e-5,5.325052036082379e-5,4.624521969369237e-5,4.0171578204676174e-5,3.4904077741310015e-5,3.033437572644499e-5,2.636891007884944e-5,2.2926845930112678e-5,1.9938313957325034e-5,1.7342897777787765e-5,1.5088334270533957e-5,1.3129396102019852e-5,1.142693029874026e-5,9.947030577506244e-6,8.660324416225371e-6,7.541358622686954e-6,6.568069517952357e-6,5.721325855962393e-6,4.9845343064053044e-6,4.343298784670869e-6,3.785126151116468e-6,3.299171863367257e-6,2.87602007067758e-6,2.507493413773694e-6,2.1864884573245713e-6,1.9068332504492758e-6,1.6631639984599953e-6,1.4508182464755549e-6,1.2657423352839775e-6,1.1044111982799259e-6,9.637588332986478e-7,8.411180114997364e-7,7.341679819018109e-7,6.408890991548804e-7,5.595234480231645e-7,4.885406634438159e-7,4.266082535161993e-7,3.7256582624640946e-7,3.2540270141345864e-7,2.842384587103948e-7,2.4830603346240967e-7,2.169370231940431e-7,1.8954891337327082e-7,1.6563396943517422e-7,1.4474957590747427e-7,1.265098325711599e-7,1.10578242746277e-7,9.666135067106148e-8,8.45032038093589e-8,7.388053234134448e-8,6.459855225098753e-8,5.648731076294961e-8,4.9398503548757364e-8,4.320270237184357e-8,3.778693988811779e-8,3.3052605279807456e-8,2.8913610458619615e-8,2.529479182896494e-8,2.213051715791751e-8,1.9363471069294046e-8,8.471798061170926e-9
0.016642110954460387,0.02427078274523692,0.019238448701971333,0.015617017805560851,0.012847523444041942,0.010663217909613498,0.008907371366560224,0.007477446991047992,0.006301812386353495,0.005328180607791874,0.004517179122195181,0.003838469016860649,0.0032682566361617593,0.0027876214933815757,0.0023813502586703603,0.002037099006255934,0.0017447764337252536,0.0014960805019832088,0.0012841444046408947,0.0011032621889964372,0.0009486735155192286,0.0008163930471957181,0.0007030739980281309,0.0006058981498205905,0.0005224865994271546,0.0004508268961724328,0.00038921324617262765,0.0003361972109945056,0.0002905468898751285,0.00025121299998859,0.00021730059496016113,0.0001880454134779684,0.00016279404613548038,0.00014098726302272336,0.00012214596680421713,0.00010585933349997268,9.177478140657593e-5,7.958947163310185e-5,6.90430949142032e-5,5.99117410215197e-5,5.2002681172169446e-5,4.514992183892439e-5,3.921041144589127e-5,3.406080052564028e-5,2.9594671735140143e-5,2.572016931411407e-5,2.235796855686278e-5,1.9439535051011636e-5,1.690563114198514e-5,1.4705033547625943e-5,1.2793431488697187e-5,1.1132479289549903e-5,9.688981273584272e-6,8.434190057243036e-6,7.34320212024414e-6,6.394436882011098e-6,5.569187514220094e-6,4.851233419165993e-6,4.226505749463098e-6,3.682798579613227e-6,3.209519389856986e-6,2.7974734226353436e-6,2.438677239486204e-6,2.1261974627156594e-6,1.8540112488791606e-6,1.616885522872307e-6,1.410272414973007e-6,1.2302186970743966e-6,1.0732873193360017e-6,9.364894099801589e-7,8.172253256234678e-7,7.132335331120919e-7,6.225462703788616e-7,5.434510771062868e-7,4.744574096632135e-7,4.1426766109130073e-7,3.617519988962009e-7,3.1592651264341157e-7,2.7593423164313216e-7,2.4102863217535233e-7,2.1055930470147025e-7,1.8395949557042077e-7,1.6073527592647845e-7,1.4045612340045975e-7,1.2274673075452806e-7,1.0727988033201794e-7,9.377024449257794e-8,8.196899076202787e-8,7.165908642232948e-8,6.265121118872931e-8,5.478019862528125e-8,4.7901937411778434e-8,4.189067261926326e-8,3.663665499374062e-8,3.204409307043676e-8,2.802936884299885e-8,2.4519482848597507e-8,2.1450698985179376e-8,1.8767363239921995e-8,1.6420873874595427e-8,7.1843917664159865e-9
0.01414104704967628,0.02062337029440947,0.01634736934540776,0.013270207751289509,0.010916935251823606,0.0090608979984175,0.007568923534799682,0.0063538868017326,0.005354921998641002,0.004527601012813215,0.003838469016860649,0.003261746993310999,0.0027772173935486644,0.0023688033787676657,0.0020235780692537397,0.001731052712503199,0.0014826526092134272,0.0012713233993540164,0.00109123024441201,0.0009375246888505516,0.000806161771019883,0.0006937550556794115,0.0005974606912799909,0.0005148839571589708,0.0004440034252770758,0.00038310904859731234,0.00033075135235384207,0.00028569954232826253,0.0002469068215933314,0.00021348156852553282,0.00018466330564365346,0.00015980260265457177,0.0001383442238671595,0.00011981296131427467,0.0001038016987721488,8.996133469290723e-5,7.799225852949234e-5,6.763712849500105e-5,5.867474229219287e-5,5.091482774626497e-5,4.419360922958669e-5,3.8370029563587066e-5,3.332252669339378e-5,2.894628065338656e-5,2.515085978533119e-5,2.1858206375159942e-5,1.900091121054769e-5,1.6520734363782686e-5,1.4367336051737862e-5,1.2497186918641087e-5,1.0872631710902162e-5,9.461084212208438e-6,8.234334595787196e-6,7.167953137061011e-6,6.2407765870127355e-6,5.43446550533876e-6,4.733122551883745e-6,4.1229631792003365e-6,3.5920313976251704e-6,3.129954333695175e-6,2.7277301948474067e-6,2.377545018031575e-6,2.0726142320362897e-6,1.8070456211957027e-6,1.5757207562897728e-6,1.374192367827194e-6,1.1985954883063206e-6,1.0455704907730244e-6,9.121964101583238e-7,7.959331560889417e-7,6.94571416771983e-7,6.061892180505864e-7,5.291142432538963e-7,4.6189114120730763e-7,4.0325315487058567e-7,3.52097493409142e-7,3.074639486644263e-7,2.685163243296275e-7,2.3452630416327636e-7,2.0485943585194898e-7,1.7896295046785988e-7,1.5635517491000616e-7,1.3661632717853478e-7,1.193805122684185e-7,1.0432876076268767e-7,9.118297317941178e-8,7.970065125170006e-8,6.967031308306549e-8,6.09075027137949e-8,5.3251316464675485e-8,4.656137862559872e-8,4.071520794706647e-8,3.56059240784538e-8,3.114024976146314e-8,2.7236770385279614e-8,2.3824417525570755e-8,2.0841147454652662e-8,1.8232789396331617e-8,1.5952041581640398e-8,1.3957596022757726e-8,6.106687701655431e-9
0.01203988192711239,0.01755912960786976,0.013918523746759115,0.011298604340100049,0.009295002276525188,0.007714746097360808,0.006444453644310427,0.0054099471279523,0.004559405670466213,0.0038550033056635874,0.0032682566361617593,0.0027772173935486644,0.00236467230837082,0.0020169334892527063,0.0017229949068612027,0.001473926346532095,0.001262427216002282,0.0010824913403526051,0.0009291508477868096,0.0007982776768006468,0.0006864278652369861,0.0005907181254424555,0.0005087271308481869,0.00043841595028006226,0.0003780634791623397,0.0003262137277774092,0.0002816325624690691,0.00024327203875104588,0.0002102408716861074,0.00018177989654262396,0.00015724160836210182,0.00013607305111836476,0.00011780146914346871,0.00010202224517986969,8.838873783457882e-5,7.660370172873215e-5,6.641203022244614e-5,5.759460619771204e-5,4.996308341240923e-5,4.3355451075568954e-5,3.76322589467048e-5,3.2673400522289587e-5,2.837536856871057e-5,2.4648911072931885e-5,2.1417027127892247e-5,1.8613251809132742e-5,1.618018704792047e-5,1.4068242149105944e-5,1.2234553176378963e-5,1.0642055105133886e-5,9.258684579714719e-6,8.056694431420318e-6,7.012063913696174e-6,6.103990983260735e-6,5.314454962787046e-6,4.627839622549609e-6,4.030608165364843e-6,3.5110228289117896e-6,3.0589028655372876e-6,2.665415553168728e-6,2.3228956505348534e-6,2.0246893609759495e-6,1.765019424405546e-6,1.5388684319755399e-6,1.3418778651089237e-6,1.1702607091247096e-6,1.0207257908828082e-6,8.904122459267195e-7,7.768327412671211e-7,6.778242691507815e-7,5.915054897085203e-7,5.16239740437163e-7,4.506029509741907e-7,3.933558052830276e-7,3.4341958285715166e-7,2.998551874706848e-7,2.6184493855445584e-7,2.2867675761482765e-7,1.997304315204805e-7,1.7446567729335556e-7,1.5241176993852123e-7,1.331585267294427e-7,1.1634846900529227e-7,1.0167000632430653e-7,8.885150850342447e-8,7.765614893353351e-8,6.787741799304824e-8,5.933521880471737e-8,5.187246915522224e-8,4.5352143471009674e-8,3.965469743007315e-8,3.467582535977781e-8,3.0324507115310844e-8,2.652130680833368e-8,2.319689069253577e-8,2.0290735783677422e-8,1.775000450874686e-8,1.552856390285984e-8,1.3586130667843493e-8,1.1887525842715916e-8,5.201012474417422e-9
0.010268867109750418,0.01497634921882679,0.011871294853260161,0.009636769824798358,0.007927894517213735,0.006580086765854809,0.00549664473110302,0.004614303285009738,0.003888865112020218,0.0032880689101375815,0.0027876214933815757,0.0023688033787676657,0.0020169334892527063,0.0017203374907822505,0.0014696283731224398,0.0012571895630791897,0.0010767943749861453,0.0009233201199873933,0.0007925296703320782,0.0006809021678248848,0.0005855002201232452,0.0005038646332437037,0.00043393021999227344,0.00037395793915880396,0.00032247982531291835,0.0002782540312979854,0.00024022793300358062,0.0002075077091730701,0.00017933315561587506,0.0001550567555747267,0.00013412622895921837,0.00011606993842108162,0.00010048465135078111,8.702525212832854e-5,7.539607436976635e-5,6.534358305391032e-5,5.665018467554384e-5,4.912898246513882e-5,4.261932529777226e-5,3.698302461732953e-5,3.210113472802364e-5,2.7871209084978773e-5,2.4204959455683577e-5,2.1026256604133502e-5,1.8269420911520276e-5,1.5877759483470604e-5,1.380231307329617e-5,1.2000781816491612e-5,1.0436603526130066e-5,9.078162288287121e-6,7.89810845412388e-6,6.87277395656382e-6,5.981669267677176e-6,5.207050336252601e-6,4.5335455567218605e-6,3.947834272074256e-6,3.4383695474971666e-6,2.9951390003573746e-6,2.609458364304894e-6,2.273793227382091e-6,1.981605031879903e-6,1.7272179790063242e-6,1.505703955045965e-6,1.312783000821404e-6,1.1447371935061682e-6,9.983361071377776e-7,8.707722733800043e-7,7.596052824787614e-7,6.627133525697768e-7,5.782513568742373e-7,5.046144369642738e-7,4.4040644974475377e-7,3.844125985814689e-7,3.3557568742229867e-7,2.9297551308881394e-7,2.558109765248921e-7,2.2338455055434698e-7,1.950887906070315e-7,1.7039461701595212e-7,1.488411340043153e-7,1.3002678195468584e-7,1.1360164674669798e-7,9.926077352599216e-8,8.673835255716869e-8,7.580266245842026e-8,6.625167134896786e-8,5.790920960487741e-8,5.062163936773091e-8,4.425495582369075e-8,3.869226386341598e-8,3.383158114263346e-8,2.958392502064222e-8,2.587164643649185e-8,2.2626978623332427e-8,1.9790772772816915e-8,1.7311396404535917e-8,1.514377336611611e-8,1.3248547139734615e-8,1.159135151522893e-8,1.0142174768167756e-8,4.437402641647261e-9
0.008771921800335841,0.012793248338868857,0.010140862565090586,0.008232088863738052,0.0067723297413873895,0.0056209984363154025,0.004695491777869459,0.003941768332923382,0.0033220744486018167,0.0028088522510994543,0.0023813502586703603,0.0020235780692537397,0.0017229949068612027,0.0014696283731224398,0.001255459917921753,0.0010739833134327838,0.0009198795875782623,0.0007887728151147327,0.0006770435288501672,0.0005816841098531863,0.0005001853456323979,0.0004304465097969938,0.00037070344482353825,0.00031947059461362014,0.00027549396283520645,0.00023771270958169912,0.00020522763487882192,0.00017727519321419005,0.00015320597934072788,0.0001324668497306499,0.00011458601571730362,9.916057698885474e-5,8.58460675448574e-5,7.434766759226901e-5,6.441279927146891e-5,5.582487547723769e-5,4.839801226485044e-5,4.197254855472187e-5,3.641124382702007e-5,3.159604645370194e-5,2.7425343275894556e-5,2.381161579504109e-5,2.0679440510207856e-5,1.796378099657006e-5,1.5608527658946393e-5,1.3565248044255975e-5,1.1792116387894465e-5,1.0252995908824737e-5,8.916651429485665e-6,7.756073304524409e-6,6.747896510401189e-6,5.871901166492515e-6,5.110582798355592e-6,4.448782382240044e-6,3.873367672101391e-6,3.3729585502660246e-6,2.937690197107599e-6,2.559008771082812e-6,2.229495052600735e-6,1.9427121562136824e-6,1.6930739690497901e-6,1.4757314477869677e-6,1.2864743110525016e-6,1.1216460102152906e-6,9.780701581675782e-7,8.52986849661228e-7,7.439975247704992e-7,6.490172136190715e-7,5.662331612926627e-7,4.940689697178922e-7,4.311535117281415e-7,3.762939745918131e-7,3.284524780835421e-7,2.867257877104495e-7,2.5032770891317276e-7,2.1857380410967315e-7,1.9086812294345783e-7,1.666916778784886e-7,1.4559243328527467e-7,1.271766073580804e-7,1.11101113090443e-7,9.706698776798284e-8,8.481368057858585e-8,7.411408527372549e-8,6.477021988874918e-8,5.6609468543866996e-8,4.948131159406908e-8,4.325448017699772e-8,3.781447964250296e-8,3.3061433688599474e-8,2.8908207358446205e-8,2.5278772569717184e-8,2.210678461690263e-8,1.9334342222657515e-8,1.691090731219344e-8,1.4792363797098169e-8,1.2940197363750287e-8,1.1320780611005253e-8,9.904749918927566e-9,8.666462205807898e-9,3.791760635133972e-9
0.007503544025062703,0.010943472626599532,0.008674633730578918,0.00704187076270163,0.005793189790976608,0.004808335135150638,0.004016649304166897,0.003371906029781005,0.0028418113319496133,0.0024027925270175138,0.002037099006255934,0.001731052712503199,0.001473926346532095,0.0012571895630791897,0.0010739833134327838,0.0009187421718658308,0.0007869162792424229,0.0006747624506896858,0.000579184570431426,0.0004976098946572662,0.0004278920148937798,0.00036823394122407344,0.00031712658504851575,0.0002732991742619706,0.00023567901417210005,0.00020335863750529492,0.00017556884532667115,0.0001516564791268285,0.00013106601758550466,0.00011332428323452886,9.802769107749264e-5,8.483158466956607e-5,7.34412936475731e-5,6.360461629881524e-5,5.5105485855700244e-5,4.77586231479374e-5,4.1405013507383255e-5,3.590807423926596e-5,3.115040205006671e-5,2.7031008603206857e-5,2.3462967736845764e-5,2.037141050404052e-5,1.769181460045216e-5,1.536854335226469e-5,1.3353596569966352e-5,1.1605541518629615e-5,1.0088597209036675e-5,8.771849353934787e-6,7.6285768077519005e-6,6.635673223218905e-6,5.7731501116796245e-6,5.0237095627267674e-6,4.372376623865563e-6,3.8061828194108115e-6,3.3138935385780083e-6,2.8857730833507303e-6,2.5133820684912123e-6,2.1894026325050095e-6,1.907487570306124e-6,1.6621300552203489e-6,1.4485510913820827e-6,1.262602243376143e-6,1.10068153606851e-6,9.596607136192315e-7,8.36822300416842e-7,7.298051239269829e-7,6.365571459384141e-7,5.552946082852218e-7,4.844666366649089e-7,4.227245641025121e-7,3.688953369300837e-7,3.2195845345316136e-7,2.8102596058875617e-7,2.453250983728641e-7,2.141832380179054e-7,1.8701480714710432e-7,1.6330993731730122e-7,1.4262460468334639e-7,1.2457206545584162e-7,1.0881541449062809e-7,9.506111834963862e-8,8.305339404683459e-8,7.256932192315171e-8,6.341459592289449e-8,5.5419827439577234e-8,4.843733003235595e-8,4.2338321935351794e-8,3.701049164954549e-8,3.235587912266693e-8,2.8289031302673912e-8,2.4735396265602344e-8,2.1629924838107342e-8,1.8915852715047375e-8,1.6543639610441114e-8,1.4470045058127002e-8,1.2657323141117316e-8,1.1072520746028201e-8,9.686865948992116e-9,8.475234882223225e-9,7.41568694934536e-9,3.244529787357331e-9
0.006426536534770766,0.009372778047937819,0.0074296138077144525,0.006031216061784389,0.004961765636779733,0.0041182700145926815,0.003440214812058834,0.002888009645125471,0.0024339963677010718,0.002057986145393924,0.0017447764337252536,0.0014826526092134272,0.001262427216002282,0.0010767943749861453,0.0009198795875782623,0.0007869162792424229,0.0006740076594599059,0.0005779478167733561,0.0004960850254754987,0.00042621580548992365,0.00036650181546545556,0.0003154039773929579,0.0002716297900751284,0.0002340908620580076,0.00020186844868621493,0.00017418531752091612,0.00015038265902056784,0.00012990104922664704,0.00011226468809664688,9.706830131692612e-5,8.396621918355367e-5,7.266324329922164e-5,6.290698761797758e-5,5.4481439976571556e-5,4.720153743998008e-5,4.0908586424864054e-5,3.5466388765790016e-5,3.075795922806337e-5,2.6682739734869483e-5,2.3154231661234035e-5,2.009798070508567e-5,1.7449859659184497e-5,1.5154603319008492e-5,1.3164557133589288e-5,1.1438607315358737e-5,9.941265216693298e-6,8.641883023479844e-6,7.513981361714989e-6,6.53467238853587e-6,5.684164435764764e-6,4.9453363752465326e-6,4.303371647162361e-6,3.745443387094671e-6,3.260443353912806e-6,2.838748431785299e-6,2.472019388019279e-6,2.153027340784433e-6,1.8755040472219007e-6,1.6340126808073437e-6,1.4238362438060163e-6,1.240881166131423e-6,1.0815939894790412e-6,9.42889332030177e-7,8.220875825848104e-7,7.168609903143204e-7,6.251870024008757e-7,5.453078615596882e-7,4.7569561213329686e-7,4.1502178125148363e-7,3.621311025583902e-7,3.1601873678871665e-7,2.7581051825041196e-7,2.4074582060609597e-7,2.1016269068789757e-7,1.8348494685888574e-7,1.602109795014277e-7,1.3990402674513543e-7,1.2218372916063347e-7,1.0671879352515795e-7,9.3220618623879e-8,8.143775575204543e-8,7.115109360592586e-8,6.216967200873006e-8,5.43270416189401e-8,4.747809781399954e-8,4.1496326478347095e-8,3.627140766571857e-8,3.170713027271113e-8,2.7719577041240168e-8,2.4235544586814255e-8,2.1191167787961814e-8,1.8530721914693055e-8,1.6205579368677616e-8,1.4173300938309992e-8,1.2396844108340879e-8,1.0843873244510622e-8,9.486158458611643e-9,8.299051681149578e-9,7.261029961575281e-9,6.353297317147846e-9,2.7797187898548734e-9
0.0055102983920842785,0.00803653962802281,0.006370432324144831,0.00517141380659869,0.004254438972546765,0.0035312011774376872,0.0029498148458660597,0.0024763347896545745,0.0020870466064586077,0.001764640136187566,0.0014960805019832088,0.0012713233993540164,0.0010824913403526051,0.0009233201199873933,0.0007887728151147327,0.0006747624506896858,0.0005779478167733561,0.0004955800739992744,0.00042538555152248775,0.00036547491292021096,0.0003142718994191291,0.0002704568475355197,0.00023292151492646657,0.0002007326684835293,0.00017310253522848443,0.0001493646792059375,0.00012895420423652973,0.00011139143090606665,9.626838213679795e-5,8.323755246430879e-5,7.200254396681565e-5,6.231023509893564e-5,5.3944213659226376e-5,4.6719256228188594e-5,4.04766768732995e-5,3.50804001871659e-5,3.0413639619466192e-5,2.6376082931846225e-5,2.2881503550600292e-5,1.9855730383268886e-5,1.723491994688758e-5,1.496408392724066e-5,1.2995832929165168e-5,1.1289303498725819e-5,9.80924073609954e-6,8.52521318366067e-6,7.410940311474855e-6,6.443715962560308e-6,5.603913671437547e-6,4.8745619102090985e-6,4.24097911802994e-6,3.6904598891129435e-6,3.212004975919371e-6,2.796088849947397e-6,2.4344594810453925e-6,2.1199657750676433e-6,1.846408771937627e-6,1.608413269045425e-6,1.401317013673876e-6,1.22107501712297e-6,1.0641768908735736e-6,9.275754031460218e-7,8.086247083785903e-7,7.050269195691307e-7,6.147858797757938e-7,5.361671486253372e-7,4.6766335663842085e-7,4.079641973908064e-7,3.5593042854216726e-7,3.1057133937532744e-7,2.710252169000797e-7,2.3654240669360825e-7,2.064706198149218e-7,1.8024218458560482e-7,1.5736298299805018e-7,1.3740284672678233e-7,1.1998721818673066e-7,1.0478990833304325e-7,9.152680551735759e-8,7.995040931585231e-8,6.984508013802931e-8,6.102291002219885e-8,5.332013267879289e-8,4.6594001733905825e-8,4.072007559704511e-8,3.558985555425047e-8,3.1108730754423464e-8,2.719418990251024e-8,2.3774264773170685e-8,2.0786175271380897e-8,1.8175149743927544e-8,1.5893397712316863e-8,1.3899215194486755e-8,1.2156205381425946e-8,1.0632599695683368e-8,9.300666214559154e-9,8.136194142968074e-9,7.118044497414353e-9,6.227758442650594e-9,5.4492158383262794e-9,2.384168760214066e-9
