0.061341554748275184,0.10317463020867557,0.09068706236553825,0.08081670669501495,0.07259854676605948,0.06557216779123931,0.05946517246134664,0.054096923639277206,0.04933873578112702,0.045094306914869375,0.041288940303818356,0.03786310253709857,0.034768328188664266,0.03196448698492238,0.029417887419505018,0.0270999176545621,0.024986044765569038,0.023055060686946127,0.021288502681082733,0.01967020021176996,0.01818591527524316,0.016823053100140928,0.015570426690631745,0.014418063169899353,0.013357043000419344,0.01237936536444778,0.011477834585556235,0.010645963637399336,0.009877891653974208,0.009168313003766776,0.008512415987906558,0.007905829603203934,0.007344577104917344,0.006825035337583468,0.006343898984775859,0.005898149034611541,0.0054850248763980425,0.005101999536789706,0.004746757642512575,0.004417175760227904,0.004111304815283587,0.003827354335132191,0.003563678298951725,0.0033187624058455684,0.0030912125983385205,0.00287974470015126,0.0026831750456394604,0.002500411993125895,0.002330448228181771,0.002172353774183844,0.002025269637240111,0.0018884020214009478,0.0017610170569216446,0.001642435991157161,0.0015320307973238183,0.0014292201609087257,0.0013334658080674903,0.001244269144087349,0.0011611681731698263,0.0010837346740445175,0.0010115716081104363,0.0009443107393801407,0.0008816104475747322,0.0008231537173487326,0.0007686462883943913,0.0007178149525457356,0.0006704059854507304,0.0006261837013112007,0.0005849291203972439,0.0005464387400127869,0.0005105234002982188,0.0004770072371082512,0.00044572671488504745,0.00041652973302489654,0.0003892747998875236,0.0003638302689831733,0.0003400736324140133,0.0003178908670938823,0.00029717582955341316,0.0002778296955607152,0.00025976044108085884,0.00024288236135839615,0.00022711562523491761,0.00021238586196454298,0.00019862377806222596,0.0001857648019342917,0.00017374875416348388,0.00016251954154043692,0.00015202487304753504,0.00014221599618402221,0.00013304745209696042,0.00012447684813469712,0.00011646464655060487,0.00010897396815541397,0.00010197040983392141,9.542187491020228e-5,8.929841542615661e-5,8.35720854799331e-5,7.821680481249755e-5,7.320823190737043e-5,3.426182296445868e-5
0.10317463020867557,0.173537190403263,0.1525337889931575,0.13593235580743057,0.12210980297028584,0.11029174617301285,0.10002003290764439,0.0909908446041392,0.08298774147591859,0.07584875052591555,0.06944823716881254,0.06368607041016938,0.05848073478382032,0.05376473392968606,0.049481401014656035,0.04558261283002496,0.04202710659634834,0.038779211700816996,0.035807874970026465,0.03308589854551236,0.03058933494797067,0.02829700049667816,0.02619007928903483,0.02425179748511752,0.02246715288848128,0.020822688526416444,0.019306301619622324,0.017907081291277216,0.016615169825528908,0.015421643375537752,0.014318408858350562,0.013298114414272977,0.012354071302855374,0.011480185500306994,0.01067089757016304,0.009921129624508918,0.00922623839249892,0.008581973569285223,0.00798444075082358,0.007430068366841791,0.0069155781103387715,0.006437958436032537,0.005994440760320102,0.0055824780471804974,0.005199725505392036,0.0048440231598835815,0.0045133800909937655,0.004205960160373598,0.003920069065527804,0.00365414258394417,0.0034067358841865097,0.0031765137961689283,0.0029622419443481457,0.0027627786590323986,0.002577067590515507,0.002404130958390198,0.0022430633760646343,0.0020930261967899225,0.0019532423328501303,0.0018229915050454876,0.0017016058832736852,0.0015884660833516834,0.00148299748870687,0.0013846668683095142,0.0012929792651961425,0.001207475132239337,0.0011277276942547147,0.001053340517102163,0.0009839452664688365,0.0009191996406525786,0.0008587854628574303,0.000802406919946333,0.0007497889357428161,0.0007006756679463211,0.0006548291188201421,0.0006120278504603751,0.0005720657963650261,0.0005347511617747359,0.0004999054057328953,0.0004673622985244385,0.0004369670486456395,0.0004085754938960018,0.0003820533517349357,0.00035727552429940055,0.0003341254539363037,0.00031249452546431265,0.0002922815115862891,0.00027339205824301275,0.00025573820689070784,0.00023923795099247292,0.00022381482414111226,0.00020939751748664647,0.00019591952432862058,0.0001833188098520071,0.00017153750418310437,0.00016052161705671936,0.0001502207725217193,0.00014058796224943482,0.00013157931607962617,0.0001231538885677376,5.763673019940031e-5
0.09068706236553825,0.1525337889931575,0.13407269465093918,0.11948071822685025,0.10733124523614679,0.09694362997550199,0.0879151789512056,0.07997885059279564,0.07294440496084209,0.06666947572367254,0.06104363620739561,0.055978876124125554,0.05140354730652552,0.04725832368131233,0.04349339778832595,0.040066471586547414,0.036941277010020146,0.03408646122880643,0.031474729912903454,0.029082177363350725,0.026887754804296282,0.02487284270332596,0.023020902689564582,0.021317191266322366,0.019748522126331547,0.01830306714026747,0.016970188450756984,0.01574029582684805,0.01460472471721136,0.013555631398501633,0.0125859023511104,0.011689075557414857,0.010859271852222352,0.010091134800269908,0.009379777845487908,0.008720737692499009,0.008109933056114793,0.007543628052042783,0.007018399618344051,0.006531108451072742,0.006078873013186853,0.005659046240910515,0.005269194624588705,0.004907079386665653,0.004570639515403152,0.004257976445869574,0.003967340206937217,0.003697116874966336,0.0034458171952976707,0.003212066249335191,0.0029945940594389153,0.0027922270368918936,0.002603880188331735,0.002428550006109885,0.0022653079764020714,0.0021132946456116353,0.0019717141923508014,0.0018398294578063634,0.0017169573919944212,0.001602464878223811,0.0014957649013178642,0.001396313028956403,0.001303604178564042,0.001217169644582402,0.0011365743635805524,0.0010614143966851501,0.0009913146109518448,0.0009259265426766368,0.0008649264274301696,0.0008080133830317276,0.0007549077327285436,0.000705349457105561,0.0006590967642589075,0.000615924768621507,0.0005756242697907612,0.0005380006232795428,0.0005028726959117307,0.00047007189924521027,0.0004394412948235775,0.0004108347656834304,0.0003841162489772324,0.0003591590249577125,0.00033584505805423544,0.00031406438599467044,0.00029371455332837144,0.00027470008602304124,0.00025693200398993477,0.00024032736871643177,0.00022480886335376257,0.00021030440287794772,0.00019674677205405028,0.00018407328915857673,0.0001722254935792025,0.00016114885551518415,0.00015079250617562297,0.00014110898697363263,0.00013205401633388644,0.0001235862728517674,0.00011566719360404411,0.00010826078652445429,5.06667279234227e-5
0.08081670669501495,0.13593235580743057,0.11948071822685025,0.10647703254218088,0.0956499771021273,0.08639299731840566,0.07834723457223447,0.0712747158809226,0.06500590969986875,0.05941394683487933,0.054400420970538876,0.049886902048274395,0.04580954103497725,0.04211546967213442,0.03876030216718751,0.03570634471017575,0.032921277074603905,0.030377159223492378,0.028049667833528247,0.025917499344993433,0.0239618961331301,0.02216626538375127,0.020515868901981538,0.018997567988866815,0.01759961162991236,0.016311459147095253,0.01512363057035132,0.014027579519771682,0.013015584533350666,0.012080655628980058,0.01121645354509579,0.010417219605984768,0.009677714545040933,0.008993164926855174,0.008359216049492718,0.0077718904005870115,0.007227550897093871,0.00672286826103119,0.006254791987198277,0.005820524442537847,0.005417497704226892,0.005043352801585993,0.004695921074005016,0.004373207397710008,0.004073375066263749,0.003794732139023607,0.0035357190960265683,0.0032948976573225625,0.0030709406429960673,0.0028626227649619918,0.002668812254487417,0.0024884632410174037,0.002320608806903955,0.0021643546516163653,0.0020188733064591194,0.001883398846812226,0.0017572220549166434,0.0016396859911490744,0.0015301819359162978,0.0014281456685904283,0.0013330540527848427,0.001244421900667668,0.0011617990917406236,0.0010847679236595346,0.001012940675005316,0.0009459573617200991,0.0008834836708308536,0.0008252090563096448,0.0007708449835099277,0.000720123309896098,0.000672794790717867,0.0006286276994037308,0.0005874065533461401,0.0005489309365128894,0.0005130144111763334,0.0004794835115609318,0.0004481768129226734,0.0004189440701635478,0.00039164542045703674,0.00036615064491805124,0.000342338484736855,0.00032009600754034483,0.0002993180201758313,0.00027990652431130955,0.0002617702116044767,0.00024482399547543464,0.0002289885766798656,0.0002141900401688079,0.00020035948087140324,0.0001874326562780232,0.00017534966380082897,0.0001640546410892848,0.00015349548762442914,0.00014362360600869836,0.0001343936615228582,0.00012576335861160404,0.0001176932330657454,0.00011014645877654083,0.00010308866799271354,9.648778411177174e-5,4.515693305843019e-5
0.07259854676605948,0.12210980297028584,0.10733124523614679,0.0956499771021273,0.08592397341879576,0.07760836770794644,0.07038079817627896,0.06402749428729781,0.05839616626464017,0.053372847801690604,0.04886914071291326,0.044814591424238714,0.041151844451910446,0.037833408307717864,0.034819411276010404,0.03207599302822617,0.029574120309318275,0.027288694575383632,0.025197866166003502,0.023282498066156176,0.021525740267704763,0.019912687406786256,0.018430100120175485,0.01706617586891157,0.015810358668861102,0.014653179779685555,0.01358612329409864,0.012601511948401756,0.01169240950257841,0.010852536805247559,0.010076199247794626,0.009358223762588075,0.008693903868081804,0.008078951539916862,0.0075094549031463065,0.006981840913429765,0.006492842335368593,0.006039468436180029,0.005618978906030692,0.005228860591513423,0.004866806689312123,0.004530698099208447,0.004218586677898373,0.0039286801715823355,0.0036593286340990544,0.0034090121637210813,0.0031763298135105145,0.002959989547695621,0.002758799132895645,0.002571657866356533,0.00239754905491827,0.0022355331688774308,0.002084741603013321,0.001944370985110716,0.0018136779790035862,0.0016919745345433876,0.0015786235422925385,0.0014730348551640245,0.0013746616429893693,0.0012829970498512491,0.0011975711266024244,0.0011179480140452724,0.0010437233546981943,0.0009745219130061523,0.0009099953859472154,0.0008498203876093971,0.0007936965930260241,0.0007413450276592733,0.0006925064903506514,0.0006469400987046247,0.0006044219467111912,0.0005647438654216054,0.0005277122782983475,0.0004931471435450484,0.0004608809764918686,0.0004307579455689655,0.0004026330360412875,0.0003763712762075303,0.0003518470211010044,0.0003289432892309048,0.0003075511482493387,0.0002875691457382909,0.0002689027816986595,0.0002514640195020023,0.00023517083238753372,0.00021994678284084981,0.00020572063233621502,0.00019242597918416558,0.00018000092236119918,0.00016838774941473674,0.00015753264662619632,0.00014738542979496208,0.00013789929413753586,0.0001290305818796465,0.000120738566258122,0.00011298525073019563,0.00010573518228343144,9.895527783619195e-5,9.261466276790022e-5,8.668452070922125e-5,4.056897689686391e-5
0.06557216779123931,0.11029174617301285,0.09694362997550199,0.08639299731840566,0.07760836770794644,0.0700976161585023,0.06356958457202255,0.05783119478082921,0.05274489820671313,0.0482077601289731,0.04413993901764535,0.040477800959009325,0.037169542265130806,0.03417226843149179,0.03144996714952686,0.028972055609286285,0.026712310824926977,0.02464806365123312,0.022759579342773284,0.021029573222686948,0.0194428262452378,0.017985875773323168,0.016646763907078976,0.01541483049140091,0.014280541264272362,0.013235343966769397,0.012271546943042666,0.011382216004182849,0.010561086257732777,0.009802486297379287,0.009101272679363837,0.008452773019119508,0.007852736355865614,0.007297289682451025,0.006782899732841519,0.006306339275651385,0.005864657288856087,0.00545515249020373,0.005075349781950303,0.004722979236428768,0.004395957303664572,0.004092369969312018,0.0038104576294055725,0.0035486014813830846,0.003305311256855195,0.003079214145393465,0.0028690447782809755,0.002673636157032401,0.0024919114262717396,0.002322876402601398,0.0021656127815349244,0.002019271953997953,0.0018830693712219432,0.0017562794041396032,0.0016382306494343163,0.0015283016392541211,0.0014259169164761512,0.0013305434413990805,0.001241687299138764,0.0011588906804830754,0.0010817291112972666,0.0010098089083278895,0.0009427648414684908,0.0008802579842939161,0.0008219737365620199,0.0007676200038473479,0.0007169255210185722,0.0006696383072671112,0.0006255242416846399,0.0005843657494236845,0.0005459605892339289,0.0005101207340774058,0.00047667133725487823,0.00044544977709372845,0.0004163047739431172,0.0003890955736350968,0.00036369119214884043,0.00033996971669351776,0.0003178176587279513,0.0002971293548872586,0.0002778064121002101,0.0002597571934597311,0.0002428963417595775,0.00022714433777128694,0.00021242709062637647,0.0001986755578980131,0.00018582539310774224,0.00017381661861758406,0.00016259332198975424,0.0001521033740917682,0.00014229816730562238,0.0001331323723622901,0.00012456371244156175,0.00011655275325263541,0.00010906270793645733,0.00010205925570384985,9.551037320972228e-5,8.938617775105379e-5,8.365878142086694e-5,7.830215543251119e-5,3.664600194654404e-5
0.05946517246134664,0.10002003290764439,0.0879151789512056,0.07834723457223447,0.07038079817627896,0.06356958457202255,0.05764955607187461,0.052445619094408924,0.04783303724216115,0.0437184638000343,0.04002949418109991,0.036708421721646345,0.03370826803132909,0.030990134037348183,0.02852136180518272,0.02627421715610656,0.024224919630104702,0.022352911577767032,0.020640296418890314,0.019071399425607094,0.01763241909443214,0.016311146727176207,0.015096738202200866,0.013979526262847208,0.01295086467338008,0.012002997732031756,0.011128950179124492,0.010322433667829228,0.009577766806545235,0.008889806410130097,0.008253888079655908,0.007665774599433073,0.007121610924990418,0.006617884762022297,0.00615139191323745,0.005719205711521444,0.005318649972754483,0.004947274991750683,0.004602836181056405,0.004283275013909196,0.003986701982263613,0.0037113813234701115,0.0034557173038510386,0.0032182418773122473,0.0029976035607202633,0.0027925573893586644,0.0026019558336145485,0.002424740572432603,0.002259935032477803,0.0021066376128721434,0.001964015524835931,0.0018312991841191797,0.001707777100745364,0.0015927912171969302,0.001485732651651122,0.001386037807281932,0.0012931848130632792,0.001206690265130362,0.001126106240835565,0.0010510175607930869,0.0009810392763235434,0.0009158143622100337,0.0008550115966859569,0.000798323612155892,0.0007454651018669652,0.0006961711690768296,0.0006501958066680198,0.0006073104960609404,0.0005673029154480754,0.0005299757483118502,0.0004951455838763091,0.000462641901968713,0.0004323061354281083,0.0004039908037585544,0.0003775587123553059,0.00035288221200666017,0.00032984251389887257,0.00030832905578527265,0.00028823891525510403,0.0002694762664477591,0.00025195187684211133,0.00023558264100365534,0.0002202911484899539,0.00020600528326101316,0.00019265785220497125,0.0001801862405973998,0.0001685320924316256,0.00015764101377035338,0.0001474622973794584,0.00013794866708210455,0.00012905604034472995,0.0001207433077538918,0.00011297212815062404,0.00010570673825736378,9.891377574639589e-5,9.256211476497272e-5,8.662271301052081e-5,8.106846952857087e-5,7.587409244647091e-5,7.101597593034176e-5,3.323604285564662e-5
0.054096923639277206,0.0909908446041392,0.07997885059279564,0.0712747158809226,0.06402749428729781,0.05783119478082921,0.052445619094408924,0.04771148248268986,0.043515310730000256,0.03977218518493719,0.03641623849499609,0.03339497417906401,0.03066565539017485,0.028192895129485307,0.025946984033363263,0.023902691935473952,0.022038385413059358,0.020335362871630402,0.01877734352256577,0.017350067822671456,0.01604098032350254,0.014838974571053432,0.013734185483579853,0.012717818588337815,0.011782008248546028,0.01091969895797415,0.010124545189153067,0.009390826308787126,0.008713373839414756,0.00808750891787599,0.007508988240037234,0.0069739571169643855,0.006478908526958649,0.006020647253750497,0.005596258362105241,0.005203079390788304,0.004838675747399435,0.004500818871565074,0.004187466802368367,0.0038967468418979745,0.003626940051925487,0.0033764673595455957,0.0031438770791428206,0.0029278336852436027,0.002727107692274182,0.002540566516878784,0.0023671662146806174,0.002205943996454386,0.002056011440873806,0.0019165483309341938,0.0017867970497620067,0.0016660574793045946,0.0015536823514320647,0.0014490730069925163,0.0013516755233478027,0.0012609771749245158,0.001176503195336999,0.001097813812932582,0.0010245015344114358,0.000956188654045776,0.0008925249679491778,0.0008331856751212889,0.0007778694488204483,0.0007262966632553807,0.0006782077621478276,0.0006333617569270911,0.0005915348435941905,0.0005525191281143139,0.0005161214512611045,0.0004821623046909595,0.0004504748306516336,0.00042090389848030256,0.00039330525164788487,0.0003675447196162642,0.00034349748934880877,0.00032104743165506204,0.00030008647802798154,0.00028051404402653843,0.0002622364955061577,0.0002451666543725533,0.0002292233407929908,0.00021433094902907537,0.00020041905434430365,0.0001874220485725735,0.00017527880217372682,0.0001639323507914227,0.00015332960443692738,0.0001434210776161079,0.00013416063881747584,0.00012550527794046506,0.00011741489030983772,0.00010985207605626341,0.00010278195374108191,9.61719871654641e-5,8.999182440778942e-5,8.421314819331252e-5,7.88095367713806e-5,7.375633454749638e-5,6.903053175435266e-5,6.46106525136025e-5,3.0238325346712384e-5
0.04933873578112702,0.08298774147591859,0.07294440496084209,0.06500590969986875,0.05839616626464017,0.05274489820671313,0.04783303724216115,0.043515310730000256,0.039688226649135405,0.036274336533187235,0.033213567285678036,0.030458040454520496,0.027968778672383454,0.025713507857867413,0.023665132106184816,0.021800640677265726,0.020100303171174394,0.018547063105227024,0.017126071846145896,0.01582432419891544,0.014630369155840928,0.013534077237418951,0.012526451134693584,0.011599469968049614,0.01074595998595626,0.009959486302073772,0.009234261553812073,0.008565068302625767,0.007947192694451127,0.00737636741993164,0.006848722414360103,0.006360742043470591,0.005909227757632793,0.00549126538477282,0.0051041963791397665,0.004745592460414755,0.004413233173017755,0.004105085970239522,0.003819288491108949,0.003554132748983474,0.0033080509920069695,0.003079603030990259,0.0028674648590240742,0.002670418411937013,0.002487342338285875,0.0023172036654706754,0.0021590502633687877,0.002012004018816592,0.0018752546453895055,0.0017480540619932983,0.0016297112816343051,0.0015195877588326141,0.0014170931496498146,0.0013216814437837059,0.0012328474327294309,0.001150123481661807,0.0010730765763614647,0.0010013056195116027,0.0009344389532473102,0.0008721320874594818,0.0008140656151117663,0.0007599432979033312,0.0007094903072769696,0.000662451607083888,0.0006185904656401224,0.0005776870860121422,0.0005395373445336825,0.0005039516283046712,0.0004707537633939652,0.00043978002624772347,0.00041087823137542223,0.00038390688907111257,0.0003587344274757504,0.00033523847375162025,0.0003133051896630334,0.0002928286571682462,0.0002737103100626916,0.0002558584080736663,0.00023918755003415806,0.00022361822310377946,0.0002090763852405685,0.0001954930783371429,0.00018280406969852902,0.00017094951966011105,0.00015987367336305633,0.00014952457487704207,0.0001398538019589308,0.00013081621991269717,0.00012236975310760253,0.00011447517285878691,0.0001070959004352526,0.00010019782408261617,9.374912903729275e-5,8.772013956557037e-5,8.20831721554695e-5,7.68123990442782e-5,7.188372132954212e-5,6.727465097703875e-5,6.29642010727845e-5,5.893278372789165e-5,2.7581057546813064e-5
0.045094306914869375,0.07584875052591555,0.06666947572367254,0.05941394683487933,0.053372847801690604,0.0482077601289731,0.0437184638000343,0.03977218518493719,0.036274336533187235,0.03315413289875724,0.030356669751836596,0.02783818799504456,0.025563063777000128,0.02350179978923239,0.021629631375445935,0.01992552756118693,0.01837145547558,0.016951826104541157,0.01565306832304275,0.014463295837646495,0.013372042822526409,0.012370051278192462,0.011449097966069993,0.010601852067179757,0.009821757005888165,0.009102931501887984,0.008440086087715265,0.00782845218566608,0.007263721476035184,0.006741993764989823,0.006259731926235607,0.005813722770489416,0.005401042912854009,0.005019028879802281,0.004665250831646803,0.004337489383646975,0.004033715096060042,0.0037520702717817878,0.0034908527580604504,0.003248501495449252,0.0030235835947800896,0.002814782755303287,0.0026208888634204133,0.002440788634104671,0.002273457174994664,0.0021179503695113594,0.0019733979888769404,0.0018389974538211007,0.0017140081769258589,0.0015977464248424986,0.0014895806467928943,0.0013889272222535089,0.0012952465857538828,0.0012080396917307536,0.0011268447865347524,0.0010512344580274197,0.0009808129365584776,0.0009152136238590874,0.0008540968287221867,0.0007971476907354183,0.0007440742749376394,0.0006946058221658329,0.00064849114138253,0.00060549713147281,0.0005654074213011194,0.000528021117825803,0.0004931516531336295,0.0004606257219408657,0.0004302823019949626,0.00040197175052364073,0.0003755549703995621,0.0003509026403151925,0.00032789450376358945,0.00030641871204596487,0.00028637121700519387,0.0002676552094681489,0.0002501805997777969,0.00023386353712481767,0.0002186259645965815,0.00020439520717230146,0.00019110359010868216,0.00017868808535208064,0.00016708998385428714,0.000156254591779838,0.0001461309487926967,0.00013667156676792263,0.00012783218736417022,0.0001195715570543438,0.00011185121829557004,0.0001046353156540867,9.789041575632238e-5,9.158534004920487e-5,8.569100943443798e-5,8.018029989331852e-5,7.502790830503478e-5,7.021022771161066e-5,6.570523134199124e-5,6.14923647678481e-5,5.7552445594325754e-5,5.3867570145388344e-5,2.5210513323907047e-5
0.041288940303818356,0.06944823716881254,0.06104363620739561,0.054400420970538876,0.04886914071291326,0.04413993901764535,0.04002949418109991,0.03641623849499609,0.033213567285678036,0.030356669751836596,0.027795275216130233,0.02548931776869856,0.023406180137385768,0.02151885451735963,0.019804666323637532,0.018244359533157284,0.01682142318888946,0.015521583931208838,0.014332415981667068,0.013243036195468405,0.012243862009744921,0.01132641674915738,0.010483171167165933,0.009707413118291347,0.008993139355919832,0.008334964935475253,0.007728046777834674,0.0071680187321300215,0.006650936061280255,0.006173227709788315,0.005731655048298895,0.0053232760456549955,0.004945414017030428,0.004595630253848168,0.004271699964035466,0.003971591049389808,0.003693445326630379,0.003435561861276956,0.0031963821364584116,0.00297447682149294,0.0027685339395242814,0.002577348263130018,0.002399811790881272,0.0022349051785876886,0.0020816900153427242,0.0019393018494675215,0.0018069438818379274,0.0016838812540665021,0.0015694358683177867,0.0014629816831197191,0.0013639404361059058,0.0012717777505626068,0.0011859995872628391,0.0011061490076563624,0.0010318032182897417,0.0009625708693890497,0.0008980895836074101,0.0008380236934534789,0.0007820621680551254,0.0007299167121050717,0.0006813200213051963,0.000636024180361832,0.0005937991909794101,0.0005544316183973188,0.0005177233462063582,0.0004834904301036502,0.00045156204221954467,0.00042177949827649705,0.0003939953606524795,0.00036807261107417444,0.0003438838871424616,0.000321310777466304,0.0003002431706400216,0.00028057865368811587,0.0002622219560397673,0.0002450844353549392,0.00022908360188840515,0.00021414267837917885,0.00020019019264326532,0.0001871596003324193,0.00017498893551891022,0.00016362048694182774,0.00015300049797116553,0.00014307888844738471,0.00013380899673726826,0.00012514734049125318,0.00011705339467009196,0.00010948938555655277,0.00010242009954459326,9.581270562157638e-5,8.96365905100221e-5,8.386320553778839e-5,7.846592438031492e-5,7.341991086605741e-5,6.87019961153174e-5,6.429056432864897e-5,6.0165446595354926e-5,5.6307822147589606e-5,5.270012651365408e-5,4.93259660757292e-5,2.3085019288977696e-5
0.03786310253709857,0.06368607041016938,0.055978876124125554,0.049886902048274395,0.044814591424238714,0.040477800959009325,0.036708421721646345,0.03339497417906401,0.030458040454520496,0.02783818799504456,0.02548931776869856,0.023374688674074717,0.02146439012596324,0.01973365550739975,0.018161691830945292,0.016730840983287587,0.015425962119213987,0.014233966305170875,0.013143458868492275,0.01214445975593828,0.011228181568640722,0.01038685102443454,0.009613563648843249,0.008902164262603374,0.008247147758639967,0.007643576023423276,0.0070870078434771555,0.006573439356990091,0.006099253146208572,0.005661174466278021,0.005256233413367631,0.004881732069888928,0.004535215846041787,0.004214448381013786,0.003917389479805328,0.0036421756517271003,0.003387102889791438,0.0031506113875976044,0.002931271938874179,0.002727773804035341,0.0025389138596923697,0.002363586874233839,0.0022007767746544254,0.002049548788844724,0.0019090423625759828,0.0017784647641534632,0.001657085301070789,0.001544230082155814,0.0014392772672329017,0.0013416527532815609,0.0012508262520978183,0.0011663077199111256,0.001087644103635578,0.001014416372640034,0.0009462368084112022,0.0008827465272887025,0.000823613214265495,0.0007685290481527791,0.0007172088003689625,0.0006693880916229418,0.0006248217921097799,0.0005832825524286576,0.0005445594537120593,0.000508456766461619,0.0004747928086787437,0.00044339889472406156,0.0004141183672334275,0.0003868057049928094,0.00036132570041943167,0.00033755270089514105,0.00031536990863554465,0.0002946687343045734,0.0002753482000047861,0.000257314387630745,0.00024047992897431418,0.0002247635342090314,0.0002100895557148319,0.00019638758448057257,0.00018359207649644178,0.00017164200680951482,0.0001604805490965657,0.00015005477876930528,0.00014031539782956943,0.000131216479785009,0.00012271523310377307,0.00011477178181904966,0.00010734896197018857,0.00010041213270261303,9.39290009192113e-5,8.786945848871181e-5,8.220543106332015e-5,7.691073765173822e-5,7.196096016227633e-5,6.733332217428111e-5,6.300657626864912e-5,5.89608992903317e-5,5.5177794965581e-5,5.16400033471118e-5,4.833141658610403e-5,4.523700057733869e-5,2.117136103052243e-5
0.034768328188664266,0.05848073478382032,0.05140354730652552,0.04580954103497725,0.041151844451910446,0.037169542265130806,0.03370826803132909,0.03066565539017485,0.027968778672383454,0.025563063777000128,0.023406180137385768,0.02146439012596324,0.01971022825037,0.018120952477218122,0.016677469566208802,0.01536356488138696,0.014165335273295332,0.013070761764627459,0.012069381136829122,0.011152029148893988,0.010310636717623556,0.009538065975156856,0.008827976838762436,0.008174717268340986,0.0075732321547430925,0.007018987032685248,0.00650790371729687,0.0060363056237192625,0.005600871021110912,0.005198592839703975,0.004826743931612129,0.0044828469018602796,0.004164647792694737,0.003870093036548436,0.0035973091964724008,0.003344585095554589,0.0031103560040420947,0.002893189605569009,0.0026917735084859076,0.0025049041042765757,0.0023314766040502116,0.0021704761090475186,0.0020209695913626854,0.0018820986785587149,0.001753073149648031,0.0016331650625261707,0.001521703443376897,0.0014180694769761297,0.001321692144659388,0.001232044263103197,0.0011486388826053157,0.001071026008549341,0.000998789613620002,0.0009315449121974559,0.0008689358715629723,0.0008106329371240506,0.0007563309514514744,0.0007057472490378941,0.0006586199104876844,0.0006147061616943068,0.0005737809047989192,0.0005356353691856417,0.0005000758719434333,0.000466922678148754,0.00043600895232649706,0.0004071797932234684,0.00038029134484932666,0.00035520997726752775,0.00033181153130293004,0.00030998062188236815,0.00028960999512640025,0.00027059993479338577,0.00025285771406346243,0.00023629708897774174,0.00022083783021676056,0.00020640529012103375,0.0001929300021634101,0.0001803473103364592,0.00016859702607854854,0.0001576231106020249,0.00014737338065305087,0.00013779923588048233,0.00012885540617702277,0.00012049971744129391,0.0001126928743636845,0.00010539825896038963,9.858174364968603e-5,9.221151778896343e-5,8.625792665566644e-5,8.069332195896617e-5,7.549192301188894e-5,7.062968777981856e-5,6.608419308426591e-5,6.1834523280767e-5,5.786116679635991e-5,5.414591995081823e-5,5.0671797531560286e-5,4.74229496384732e-5,4.4384584338525985e-5,4.1542895713548786e-5,1.9442498459395553e-5
0.03196448698492238,0.05376473392968606,0.04725832368131233,0.04211546967213442,0.037833408307717864,0.03417226843149179,0.030990134037348183,0.028192895129485307,0.025713507857867413,0.02350179978923239,0.02151885451735963,0.01973365550739975,0.018120952477218122,0.016659837630308927,0.015332757667666896,0.014124805719115507,0.01302319996677559,0.012016890796120144,0.011096258871064246,0.010252879063707976,0.009479333073895202,0.008769058709705568,0.008116227219212707,0.007515642399394118,0.006962656833165215,0.006453101755315577,0.0059832278803581,0.005549655132429554,0.005149329669636563,0.004779486932905017,0.00443761970870013,0.0041214503933492685,0.0038289067998526355,0.0035581009697098903,0.0033073105473851727,0.003074962351072061,0.0028596178351942836,0.002659960188515803,0.002474782852729736,0.0023029792794837523,0.0021435337704614893,0.001995513268078515,0.0018580599829796027,0.001730384760591036,0.0016117611016620709,0.0015015197633299268,0.001399043876829726,0.0013037645257037121,0.0012151567355675082,0.0011327358323630007,0.0010560541311149148,0.0009846979218056766,0.0009182847225509411,0.0008564607738083645,0.0007988987502983852,0.000745295669683007,0.0006953709794254165,0.0006488648051985232,0.0006055363458666429,0.0005651624017611739,0.0005275360241092271,0.0004924652748179922,0.0004597720868971516,0.00042929121665165153,0.0004008692796992428,0.00037436386358155,0.0003496427104917512,0.0003265829641270965,0.00030507047530335847,0.0002849991614737096,0.0002662704156639129,0.00024879256077981,0.00023248034559823424,0.00021725447905386434,0.00020304119977349218,0.00018977187801033938,0.0001773826474131394,0.00016581406429783032,0.00015501079223714668,0.00014492131000385386,0.00013549764105606418,0.0001266951028890441,0.00011847207474872078,0.00011078978228064567,0.00010361209782996624,9.690535521966553e-5,9.063817789839316e-5,8.478131946360393e-5,7.930751562517063e-5,7.419134676993995e-5,6.940911032711885e-5,6.493870221366748e-5,6.075950669671526e-5,5.6852294046812104e-5,5.319912541700976e-5,4.978326441839459e-5,4.658909490472881e-5,4.3602044521454456e-5,4.080851359603802e-5,3.819580898662832e-5,1.7876041268738213e-5
0.029417887419505018,0.049481401014656035,0.04349339778832595,0.03876030216718751,0.034819411276010404,0.03144996714952686,0.02852136180518272,0.025946984033363263,0.023665132106184816,0.021629631375445935,0.019804666323637532,0.018161691830945292,0.016677469566208802,0.015332757667666896,0.014111401479268981,0.012999681902094773,0.011985835562029534,0.011059693263755305,0.01021240212380703,0.009436208310872163,0.008724284596213439,0.008070591643812935,0.007469765116600358,0.006917022824583563,0.006408087636296744,0.005939122933168034,0.0055066781523284425,0.005107642522135206,0.004739205510899902,0.004398822820072104,0.004084186991775485,0.0037932018831511594,0.003523960400914336,0.003274725001478934,0.0030439105495225216,0.0028300691978444467,0.002631877008221123,0.002448122077541033,0.0022776939712315578,0.002119574296440517,0.001972828271973315,0.0018365971730979272,0.0017100915464728639,0.0015925851052410317,0.0014834092260019582,0.001381947980050327,0.0012876336400927703,0.0011999426107707385,0.0011183917379473038,0.0010425349571193572,0.0009719602459988819,0.0009062868505381461,0.0008451627569571185,0.0007882623855987696,0.0007352844851492724,0.0006859502079388496,0.0006400013492261873,0.0005971987351600181,0.0005573207456351075,0.0005201619598218538,0.0004855319131956831,0.00045325395612945234,0.0004231642051054675,0.0003951105783859786,0.00036895190882970524,0.0003445571271993202,0.00032180450999904665,0.0003005809863280192,0.0002807814988138183,0.0002623084141557125,0.0002450709791470924,0.00022898481845528944,0.00021397147076386049,0.00019995796015973098,0.0001868763999595571,0.00017466362635485495,0.00016326085951494764,0.0001526133900014437,0.0001426702884835501,0.00013338413694651994,0.00012471077972596228,0.00011660909282595021,0.00010904077013601174,0.00010197012523442336,9.536390759563862e-5,8.919113212260688e-5,8.34229209835907e-5,7.803235683844097e-5,7.299434659395368e-5,6.828549491567784e-5,6.388398675980975e-5,5.976947826175105e-5,5.592299537120356e-5,5.2326839657465193e-5,4.896450076496105e-5,4.582057503178631e-5,4.2880689822751895e-5,4.013143316762059e-5,3.75602883152024e-5,3.5155572850804374e-5,1.6453191026742425e-5
0.0270999176545621,0.04558261283002496,0.040066471586547414,0.03570634471017575,0.03207599302822617,0.028972055609286285,0.02627421715610656,0.023902691935473952,0.021800640677265726,0.01992552756118693,0.018244359533157284,0.016730840983287587,0.01536356488138696,0.014124805719115507,0.012999681902094773,0.011975555455477849,0.011041590005582302,0.010188417726131216,0.009407883369111136,0.00869284412662677,0.008037010771544645,0.007434819878940235,0.006881329829144633,0.006372135273253449,0.0059032961196915645,0.005471278075226307,0.005072902479379471,0.004705303685908144,0.004365892628440171,0.004052325493620709,0.003762476644965859,0.0034944151087898806,0.0032463840634166657,0.0030167828760110024,0.002804151311988176,0.002607155606422794,0.0024245761392517468,0.002255296497129744,0.002098293739552226,0.0019526297149122102,0.0018174432947615643,0.0016919434139939585,0.0015754028204602588,0.0014671524511480454,0.0013665763628074902,0.0012731071547401399,0.0011862218295953207,0.0011054380445741849,0.001030310711548986,0.0009604289095828493,0.0008954130776485728,0.0008349124592426163,0.0007786027736151717,0.0007261840913472921,0.0006773788945032121,0.0006319303035936998,0.0005896004556003587,0.0005501690189610511,0.0005134318328196726,0.0004791996592825448,0.0004472970383883317,0.00041756123663756056,0.00038984128084331663,0.00036399706978502977,0.0003398985569291555,0.00031742499808617725,0.00029646425851280814,0.0002769121743795488,0.00025867196405704625,0.00024165368510297922,0.00022577373314451674,0.00021095437922781946,0.0001971233425071611,0.0001842133954017668,0.00017216199863582388,0.0001609109637476674,0.00015040614089328755,0.00014059712996694574,0.00013143701318671635,0.00012288210747960718,0.00011489173513046149,0.000107428011274017,0.00010045564695438346,9.39417665427435e-5,8.78557384243132e-5,8.21690179603088e-5,7.685500178496239e-5,7.188889259463079e-5,6.724757363642773e-5,6.290949218462215e-5,5.885455132644945e-5,5.506400944621124e-5,5.152038684558269e-5,4.8207378969225014e-5,4.51097757566926e-5,4.221338667180713e-5,3.950497099632826e-5,3.697217301085556e-5,3.460346170430827e-5,3.238807468725004e-5,1.515798300550221e-5
0.024986044765569038,0.04202710659634834,0.036941277010020146,0.032921277074603905,0.029574120309318275,0.026712310824926977,0.024224919630104702,0.022038385413059358,0.020100303171174394,0.01837145547558,0.01682142318888946,0.015425962119213987,0.014165335273295332,0.01302319996677559,0.011985835562029534,0.011041590005582302,0.010180472293759735,0.009393845402116296,0.008674190285744371,0.008014921354936894,0.007410240009276869,0.006855016827760213,0.006344695685194718,0.00587521489070611,0.005442941714436669,0.005044617567265583,0.004677311748899793,0.004338382154243814,0.004025441681464001,0.0037363293490970118,0.003469085332243632,0.0032219292829381574,0.0029932414194979926,0.0027815459647389726,0.002585496587272862,0.002403863559539421,0.0022355223945110664,0.002079443760869451,0.001934684508497972,0.0018003796619969897,0.0016757352607693482,0.0015600219421534611,0.0014525691786423968,0.001352760092785548,0.0012600267832819471,0.001173846104840285,0.0010937358518758634,0.0010192513021577976,0.000949982082151208,0.0008855493203884131,0.0008256030591798531,0.0007698198985690626,0.000717900849224842,0.0006695693737387466,0.0006245695980987599,0.0005826646769606612,0.0005436352981959547,0.0005072783137163011,0.0004734054848684593,0.0004418423320200638,0.00041242707884629574,0.0003850096828775674,0.00035945094471257974,0.0003356216889651067,0.0003134020107338955,0.00029268058194330867,0.00027335401249200045,0.0002553262615260978,0.00023850809464492397,0.00022281658324239083,0.00020817464247583142,0.0001945106047012593,0.0001817578254915777,0.0001698543195899167,0.000158742424415108,0.00014836848889366932,0.00013868258561307517,0.00012963824447337086,0.00012119220612936835,0.00011330419368807973,0.000105936701245311,9.90547979516569e-5,9.26259464316577e-5,8.66198344412596e-5,8.100821875953873e-5,7.576478039801778e-5,7.086499026091983e-5,6.628598447916694e-5,6.200644868737683e-5,5.8006510587612975e-5,5.4267640174460305e-5,5.0772557057956764e-5,4.7505144366157145e-5,4.4450368737826104e-5,4.159420596362164e-5,3.892357186194512e-5,3.642625800851732e-5,3.4090871972022115e-5,3.190678172514344e-5,2.9864063931591355e-5,1.3976727917151593e-5
0.023055060686946127,0.038779211700816996,0.03408646122880643,0.030377159223492378,0.027288694575383632,0.02464806365123312,0.022352911577767032,0.020335362871630402,0.018547063105227024,0.016951826104541157,0.015521583931208838,0.014233966305170875,0.013070761764627459,0.012016890796120144,0.011059693263755305,0.010188417726131216,0.009393845402116296,0.008668006835144598,0.00800396413502466,0.007395640716348628,0.006837686153623013,0.0063253674774790825,0.005854480702374071,0.005421278060681559,0.005022407590134809,0.004654862550867944,0.004315938748534531,0.004003198277864925,0.0037144385272038505,0.0034476655281061863,0.003201070921090801,0.002973011951718861,0.002761994021623089,0.002566655406846287,0.0023857538244333176,0.0022181545830620222,0.002062820098052476,0.0019188005860283283,0.0017852257840722321,0.0016612975620804854,0.001546283316252544,0.0014395100481943528,0.0013403590475502825,0.001248261107666123,0.0011626922129313738,0.0010831696448148076,0.001009248460522881,0.0009405183037864626,0.0008766005124776349,0.0008171454919928545,0.0007618303270079917,0.000710356607526684,0.0006624484477165786,0.0006178506785887786,0.000576327197700113,0.0005376594607660132,0.0005016451017849921,0.0004680966696797295,0.00043684047065339904,0.0004077155066839668,0.0003805725013999832,0.0003552730055503368,0.0003316885750594368,0.0003097000152719482,0.000289196685656478,0.00027007585975276707,0.0002522421356909313,0.00023560689296128322,0.00022008779156673826,0.0002056083100543879,0.0001920973191892046,0.000179488688353136,0.00016772092200903173,0.00015673682378615364,0.0001464831859885403,0.00013691050247255756,0.00012797270304342346,0.0001196269076886255,0.00011183319907251193,0.00010455441187530445,9.77559376699657e-5,9.14055441283393e-5,8.54732074712654e-5,7.99309571339554e-5,7.475273172018789e-5,6.99142453995025e-5,6.539286394771399e-5,6.116748971362208e-5,5.721845483763104e-5,5.3527422116768234e-5,5.00772929390009e-5,4.685212176692207e-5,4.3837036692642435e-5,4.1018165612202425e-5,3.838256761200709e-5,3.591816918542957e-5,3.361370492808839e-5,3.1458662391006245e-5,2.94432307865267e-5,2.7558253270723847e-5,1.2897591274363613e-5
