0.06134155474786085,0.10669959485505442,0.0960923449129083,0.0875136751069856,0.08022626504101193,0.07387831624205554,0.0682619185793536,0.06323921225001716,0.0587119176850166,0.05460637624722264,0.05086532204377647,0.04744297261687669,0.04430191390374072,0.041411025828194226,0.03874404590148006,0.03627854204366587,0.03399515789407448,0.031877045383423064,0.02990942953023401,0.0280792688133642,0.02637498606069366,0.024786252320014024,0.023303811178845724,0.021919334416788838,0.020625302248516275,0.01941490308984012,0.018281948994029296,0.01722080378757379,0.01622632159329268,0.015293793915947762,0.014418903842776831,0.0135976861985741,0.012826492714091586,0.012101961443284986,0.011420989801026987,0.010780710701727758,0.010178471369010511,0.009611814453870104,0.009078461158417483,0.008576296109794379,0.00810335376537527,0.00765780616381434,0.0072379518623131855,0.006842205923999423,0.006469090835822089,0.006117228254520962,0.00578533149199012,0.005472198661184119,0.0051767064144968705,0.004897804214512844,0.0046345090839688685,0.004385900788682617,0.004151117411319363,0.003929351279349069,0.003719845214803383,0.003521889076089829,0.0033348165658695778,0.003158002281594338,0.0029908589873742925,0.002832835088704605,0.002683412292457804,0.0025421034368374937,0.0024084504775898907,0.0022820226175349345,0.0021624145680590318,0.00204924493201563,0.0019421546988347277,0.0018408058428512272,0.00174488001703519,0.0016540773351102073,0.0015681152352463104,0.001486727419348622,0.00140966286242716,0.0013366848868711471,0.0012675702971359573,0.0012021085703441785,0.0011401010988811508,0.0010813604814850948,0.0010257098592972441,0.000972982293843249,0.000923020184083443,0.0008756747198061798,0.0008308053690543916,0.000788279397166608,0.000747971415354742,0.0007097629569643663,0.0006735420794889667,0.0006392029907260639,0.0006066456974509228,0.0005757756752506182,0.0005465035580688449,0.0005187448462296278,0.0004924196318226333,0.0004674523402907124,0.00044377148724198366,0.00042130944952193175,0.0004000022496510585,0.0003797893528487851,0.00036061347581443307,0.00034242040655694476,0.0001625794173206038
0.10669959485505442,0.18559734018682317,0.1671469605390774,0.1522250942630654,0.13954924713078265,0.12850750121978383,0.1187382178885783,0.11000160396507264,0.10212671208643131,0.09498542050237746,0.08847812097387875,0.08252517952641014,0.07706151815354523,0.07203300659422651,0.06739396386260021,0.06310537157567109,0.05913356124799196,0.055449227309088966,0.052026670111556594,0.04884320518406626,0.04587869514003995,0.04311517374343099,0.04053654033127063,0.03812830873593065,0.035877398980278086,0.03377196293119478,0.03180123720987704,0.029955418191502936,0.02822555507260338,0.02660345783201845,0.025081617567511594,0.02365313718969375,0.022311670836094588,0.02105137067564955,0.0198668400106099,0.01875309177215201,0.017705511662005513,0.016719825309441494,0.0157920689167681,0.014918562949057024,0.014095888487385577,0.013320865923031333,0.01259053571497143,0.011902140973940462,0.01125311166502091,0.010641050250582124,0.010063718619316514,0.009519026164220346,0.009005018891117822,0.008519869453190165,0.008061868019042628,0.007629413893869841,0.007221007820445269,0.006835244896185977,0.006470808049956228,0.006126462026874113,0.005801047835907597,0.005493477619552142,0.005202729908490342,0.004927845229103889,0.004667922033236557,0.004422112923587629,0.004189621150900852,0.003969697360442531,0.00376163656801487,0.003564775347145721,0.003378489211454741,0.003202190176559358,0.0030353244879225416,0.002877370502443681,0.002727836711940594,0.0025862598981229723,0.0024522034094659334,0.0023252555509786776,0.0022050280790556,0.0020911547935847374,0.001983290220496224,0.0018811083786626145,0.0017843016250033428,0.001692579572524812,0.0016056680763176442,0.0015233082827694894,0.0014452557379758396,0.0013712795511415313,0.0013011616093591555,0.0012346958405387888,0.0011716875211348586,0.0011119526258658204,0.0010553172166014937,0.0010016168680571647,0.0009506961277731159,0.0009024080082367901,0.0008566135092042369,0.0008131811682041586,0.000771986637523996,0.000732912286000283,0.0006958468240575253,0.0006606849506399955,0.0006273270205941813,0.0005956787312698403,0.00028282541362002755
0.0960923449129083,0.1671469605390774,0.1505309272274622,0.1370925852556688,0.1256769530589943,0.11573295292847474,0.10693490233142677,0.09906684966229728,0.09197484409212087,0.08554350244063347,0.07968312006220901,0.07432198061817341,0.06940147649773132,0.0648728593452097,0.0606949900021867,0.05683272947656426,0.05325575675422045,0.0499376799482012,0.04685535457159329,0.04398835152627811,0.041318535552201996,0.03882972667094131,0.036507424990742776,0.03433858459257999,0.0323114259363535,0.030415278849101335,0.02864045005994509,0.026978110628134377,0.025420199642382735,0.023959341332971784,0.022588773329037082,0.021302284243372493,0.020094159110361054,0.018959131479516167,0.017892341180309967,0.016889296944420873,0.015945843212059996,0.015058130554420013,0.014222589237778638,0.01343590552915469,0.012695000400650247,0.011997010341994185,0.011339270031238358,0.01071929665040397,0.010134775658733719,0.009583547863082409,0.009063597646531418,0.008573042231711625,0.008110121872205583,0.007673190877884595,0.007260709390907422,0.006871235839939455,0.006503420006602645,0.006155996646747167,0.005827779615808298,0.00551765645165779,0.0052245833742313175,0.004947580665271345,0.004685728394774699,0.004438162465210518,0.00420407094594831,0.003982690673924247,0.003773304099078778,0.0035752363542988497,0.0033878525320729103,0.0032105551513267883,0.003042781800030918,0.0028840029394962274,0.0027337198581138256,0.0025914627635519397,0.002456789002736659,0.002329281400251182,0.0022085467065151992,0.00209421414763538,0.0019859340698906713,0.0018833766718057005,0.0017862308176721936,0.0016942029270362868,0.0016070159346145696,0.0015244083158948638,0.0014461331739375333,0.0013719573831076776,0.0013016607861199361,0.0012350354406068832,0.0011718849119564424,0.0011120236095136342,0.0010552761631258609,0.0010014768375060552,0.0009504689818697412,0.0009021045127196106,0.0008562434275069634,0.0008127533472404545,0.0007715090862917169,0.0007323922475819117,0.0006952908416176223,0.0006600989278651229,0.0006267162770619734,0.0005950480532451088,0.0005650045141965161,0.0005365007291969811,0.00025472815654879397
0.0875136751069856,0.1522250942630654,0.1370925852556688,0.1248540422216795,0.11445760868268628,0.1054014110842525,0.09738884617699517,0.09022324407606508,0.08376439979506967,0.0779072323945127,0.0725700467000443,0.06768752971373959,0.06320630671934713,0.0590819819463313,0.05527708941387477,0.05175962756630992,0.04850198263951899,0.04548011917355066,0.04267295915538083,0.04006189750980449,0.03763041818809787,0.035363785840611506,0.03324879519343882,0.031273565123765557,0.029427367815984984,0.02770048576921369,0.026084091159817135,0.02457014332081292,0.023151301039736116,0.021820847071663207,0.020572622802288165,0.019400971405674095,0.018300688153939093,0.017266976788281208,0.016295411054909614,0.015381900664682646,0.014522661063231801,0.013714186494330871,0.012953225924404288,0.012236761463796958,0.011561988972555615,0.010926300586171611,0.010327268933564726,0.009762632853140218,0.009230284436304442,0.008728257252299393,0.008254715627843356,0.007807944869093392,0.0073863423288192676,0.006988409233051912,0.006612743191367343,0.006258031324834823,0.005923043951529705,0.005606628777329203,0.005307705545784969,0.005025261104640785,0.0047583448519137456,0.004506064528150958,0.0042675823244346656,0.004042111279784585,0.0038289119428590035,0.00362728927612134,0.003436589782924507,0.003256198839053412,0.0030855382125244274,0.002924063756584938,0.002771263262790105,0.002626654461332263,0.002489783157470518,0.0023602214940556254,0.002237566330429659,0.0021214377291707553,0.0020114775428169,0.0019073480931827563,0.0018087309368622975,0.0017153257104990452,0.001626849050232644,0.001543033580328753,0.0014636269659496284,0.0013883910257449575,0.0013171009001791446,0.0012495442717065756,0.00118552063349971,0.001124840603279234,0.001067325279282258,0.0010128056357234134,0.0009611219549974376,0.000912123294323431,0.0008656669845136904,0.0008216181589307328,0.0007798493105646113,0.0007402398754730085,0.0007026758409903362,0.0006670493770517035,0.0006332584892370444,0.0006012066921593905,0.0005708027019212109,0.0005419601465270606,0.0005145972930696088,0.0004886367906785389,0.00023200271416522374
0.08022626504101193,0.13954924713078265,0.1256769530589943,0.11445760868268628,0.10492695917168327,0.09662492841872727,0.08927961514812677,0.082710728714533,0.07678974080978596,0.07142032193712455,0.06652758072681553,0.06205164362651261,0.057943581107156916,0.054162694789446464,0.05067463894787472,0.04745007718636318,0.04446369547020046,0.0416934600554576,0.03912004833885696,0.03672640470026822,0.034497388564873166,0.032419491754387075,0.03048060873656433,0.028669847850729124,0.0269773746924189,0.025394281029868737,0.02391247421369397,0.02252458319461459,0.021223878125497198,0.02000420116123508,0.018859906563340134,0.017785808591741503,0.016777135952874278,0.015829491804294993,0.014938818494047323,0.014101366355309009,0.013313665994171775,0.012572503596390172,0.01187489885698012,0.011218085198639899,0.010599491992744653,0.010016728540400449,0.009467569604800968,0.008949942316892945,0.008461914297941714,0.00800168286503064,0.007567565203518978,0.007157989403338866,0.006771486270112814,0.006406681832492267,0.0060622904761964275,0.005737108644272584,0.005430009048486312,0.005139935343911911,0.004865897224365812,0.004606965899785986,0.004362269921562981,0.004130991325216091,0.003912362062521088,0.003705660698933924,0.0035102093533005835,0.0033253708598404985,0.0031505461344813607,0.0029851717286251966,0.0028287175554927366,0.0026806847752430876,0.0025406038268396686,0.0024080325949049075,0.002282554701340811,0.0021637779125434145,0.0020513326533001044,0.0019448706195508217,0.0018440634828019511,0.0017486016794221043,0.0016581932789460976,0.0015725629255036871,0.0014914508472472152,0.0014146119292010352,0.0013418148449102496,0.0012728412429277164,0.001207484984396108,0.0011455514281600888,0.0010868567603879824,0.0010312273655394832,0.0009784992359624725,0.0009285174176936507,0.0008811354899412142,0.0008362150761409178,0.000793625384461559,0.0007532427759847794,0.0007149503586633826,0.0006786376054471414,0.0006441999951149815,0.0006115386742971806,0.0005805601394090407,0.0005511759372345566,0.0005233023829903372,0.0004968602948505763,0.0004717747438486592,0.00044797481822900914,0.00021269670071125818
0.07387831624205554,0.12850750121978383,0.11573295292847474,0.1054014110842525,0.09662492841872727,0.08897983751740357,0.08221575436409978,0.07616665585108162,0.07071418492669945,0.06576963525290691,0.061264042081075276,0.05714227002189709,0.05335926163650129,0.04987753925003113,0.04666547511326291,0.04369605438431179,0.04094596626590963,0.03839492065984962,0.036025124057570856,0.033820870531890534,0.03176821765045257,0.02985472619492957,0.028069248592309304,0.02640175507949738,0.02484318948205999,0.02338534850429347,0.02202077989072404,0.020742695881333817,0.019544899176082098,0.018421719211097143,0.01736795700322985,0.016378837165554883,0.01544996596031395,0.014577294468655078,0.013757086120426032,0.01298588795832395,0.01226050511873833,0.01157797809264946,0.010935562401809817,0.010330710382615377,0.009761054814071662,0.00922439416653123,0.008718679278968022,0.008242001300878793,0.007792580754783257,0.007368757595955594,0.006968982162592091,0.006591806921456389,0.006235878927026733,0.005899932921767104,0.005582785013504038,0.005283326874214692,0.005000520409495696,0.004733392854575788,0.00448103225786721,0.004242583316236864,0.004017243530693437,0.0038042596543057944,0.003602924406667235,0.0034125734326601875,0.0032325824843344175,0.003062364807468375,0.00290136871631045,0.00274907534091922,0.002604996533424518,0.0024686729204994526,0.002339672090965597,0.0022175869077048563,0.0021020339344637456,0.0019926519691039896,0.0018891006750940548,0.0017910593040407694,0.001698225502620894,0.0016103141976775495,0.0015270565540728247,0.0014481989998783827,0.0013735023141841114,0.001302740773309826,0.0012357013511633715,0.0011721829700975517,0.0011119957988188524,0.001054960594065204,0.0010009080832711105,0.000949678385307174,0.0009011204667918118,0.000855091631742206,0.0008114570422418886,0.0007700892681834024,0.0007308678641300397,0.0006936789716621115,0.000658414945461868,0.0006249740016536654,0.0005932598870537036,0.000563181567933153,0.0005346529371171964,0.0005075925382583314,0.0004819233062068242,0.00045757232253968577,0.00043447058524960676,0.0004125527917407685,0.00019587856718513048
0.0682619185793536,0.1187382178885783,0.10693490233142677,0.09738884617699517,0.08927961514812677,0.08221575436409978,0.07596591716924639,0.07037670363636117,0.0653387557163545,0.06077011164856083,0.056607050253089986,0.052798628223271526,0.049303213946562674,0.04608617926216485,0.04311830114717208,0.040374618752379354,0.03783359364310468,0.03547647841049062,0.03328683241176744,0.0312501438601972,0.02935353037988464,0.027585498514998252,0.025935748247349122,0.024395012378299052,0.02295492327315246,0.021607901329232793,0.0203470608805284,0.019166130233230216,0.01805938325944123,0.01702158051851982,0.01604791829530411,0.01513398426404755,0.01427571873074851,0.013469380603225223,0.012711517389733862,0.011998938648003471,0.011328692406387841,0.010698044153692965,0.010104458060643695,0.00954558014878426,0.009019223163259343,0.00852335294313239,0.00805607611162415,0.007615628934822094,0.007200367215785625,0.006808757110059155,0.00643936676391782,0.00609085868760692,0.005761982787833492,0.005451569992634672,0.005158526409471703,0.0048818279650908875,0.004620515480277337,0.004373690138720937,0.0041405093139553345,0.003920182721274146,0.0037119688657007988,0.003515171759970459,0.003329137888791578,0.0031532533988329753,0.002986941494860597,0.0028296600249947193,0.002680899239839371,0.0025401797110877686,0.0024070503969653018,0.002281086842767052,0.0021618895062538654,0.002049082197904034,0.0019423106273218776,0.0018412410479996671,0.001745558992850782,0.001654968093861564,0.0015691889797257719,0.0014879582457013735,0.0014110274906916319,0.001338162416544643,0.001269141985210085,0.0012037576298587586,0.0011418125160317094,0.0010831208494489902,0.001027507227292914,0.0009748060299325963,0.0009248608505198451,0.0008775239597645992,0.0008326558035782992,0.0007901245315216493,0.0007498055539110378,0.0007115811257895465,0.0006753399559553154,0.0006409768395369084,0.0006083923125026931,0.0005774923267334343,0.00054818794441488,0.0005203950504602175,0.0004940340818745184,0.000469029772987746,0.0004453109155612353,0.000422810132900249,0.00040146366705003274,0.0003812111782871474,0.00018099777810133815
0.06323921225001716,0.11000160396507264,0.09906684966229728,0.09022324407606508,0.082710728714533,0.07616665585108162,0.07037670363636117,0.06519876085091036,0.060531517109218225,0.05629904221809379,0.05244230423737539,0.04891410877317748,0.04567588787521237,0.042695561658299575,0.03994605760876446,0.03740425173130357,0.035050190587980645,0.03286650637368693,0.030837968293321638,0.02895113246235015,0.027194064497977566,0.025556116726254352,0.0240277470853561,0.022600370327508168,0.021266234569773446,0.02001831796986453,0.018850241555354696,0.017756195143879216,0.01673087397092926,0.015769424144135458,0.014867395431819197,0.014020700189661728,0.01322557745524866,0.01247856142243775,0.011776453647804608,0.011116298453585305,0.010495361084013138,0.009911108241298427,0.009361190689018917,0.008843427659628866,0.008355792840457621,0.007896401747039955,0.007463500319231348,0.00705545459980475,0.0066707413722469355,0.006307939652155314,0.005965722940820345,0.0056428521597139125,0.005338169195713324,0.005050590995109169,0.0047791041515977545,0.00452275994058686,0.004280669756389868,0.004052000914529577,0.003835972785763503,0.0036318532311713225,0.0034389553115094784,0.0032566342467071074,0.0030842846035180824,0.0029213376922873208,0.002767259154696236,0.0026215467267111173,0.002483728162608896,0.0023533593067426514,0.0022300223013395487,0.0021133239194512585,0.002002894013575174,0.0018983840706789518,0.0017994658655699144,0.0017058302053804264,0.001617185758144575,0.0015332579593035182,0.0014537879904548828,0.0013785318250098474,0.001307259336127655,0.001239753462290126,0.0011758094264758857,0.0011152340053264091,0.0010578448446601982,0.0010034698182131395,0.000951946426654169,0.0009031212340664466,0.0008568493395130321,0.0008129938811935293,0.000771425571049953,0.0007320222579104332,0.0006946685171826412,0.0006592552654351037,0.0006256793981920007,0.0005938434495423774,0.0005636552720693407,0.0005350277358294464,0.0005078784452304339,0.00048212947261219545,0.0004577071075230858,0.000434541620697235,0.00041256704181085943,0.0003917209502141243,0.0003719442777838297,0.0003531811231666784,0.0001676892883807411
0.0587119176850166,0.10212671208643131,0.09197484409212087,0.08376439979506967,0.07678974080978596,0.07071418492669945,0.0653387557163545,0.060531517109218225,0.05619841253355662,0.0522689483887846,0.0486883194116966,0.04541271031575522,0.042406314603176454,0.039639349294345316,0.037086680251979254,0.03472683914201602,0.032541301174779824,0.03051394206119773,0.028630621511531062,0.026878858203197797,0.025247572234553095,0.023726878284088315,0.022307917480345274,0.020982719257881977,0.019744086747111478,0.018585500848203096,0.017501039301790533,0.016485307913346348,0.015533381718478456,0.014640754342732043,0.013803294170519287,0.013017206212673493,0.01227899877185154,0.01158545417416132,0.010933602965645967,0.010320701076391547,0.009744209540883092,0.009201776427618796,0.008691220688104795,0.008210517680791674,0.007757786160479008,0.00733127655571672,0.006929360381437849,0.006550520656566666,0.006193343212145708,0.0058565087919447145,0.005538785860681961,0.005239024044397161,0.004956148137831559,0.004689152621297779,0.0044370966361644,0.004199099374697868,0.003974335843945229,0.003762032968584475,0.0035614660017449923,0.0033719552153339827,0.0031928628449922614,0.003023590267281183,0.002863575388689782,0.002712290228783505,0.0025692386806580175,0.0024339544340514357,0.002305999048000891,0.0021849601606608385,0.0020704498254137463,0.001962102963172792,0.0018595759220731492,0.001762545135948479,0.001670705874110931,0.0015837710757232032,0.0015014702622413063,0.0014235485222064172,0.001349765563108337,0.001279894825366095,0.001213722654127232,0.0011510475245802183,0.001091679317028929,0.0010354386383798625,0.0009821561866590264,0.0009316721556602882,0.0008838356769853388,0.0008385042968670799,0.0007955434855653719,0.000754826177020558,0.0007162323367762083,0.0006796485563965136,0.0006449676725326439,0.0006120884090951659,0.0005809150409780243,0.0005513570780352039,0.0005233289679225667,0.0004967498166260666,0.0004715431256069654,0.00044763654445438734,0.0004249616381096586,0.00040345366773913115,0.0003830513843995744,0.00036369683475021355,0.00034533517801783875,0.0003279145135370561,0.00015569285913034437
0.05460637624722264,0.09498542050237746,0.08554350244063347,0.0779072323945127,0.07142032193712455,0.06576963525290691,0.06077011164856083,0.05629904221809379,0.0522689483887846,0.0486142666427275,0.04528402460789749,0.04223747128484734,0.039441304353129314,0.03686782374402553,0.034493653105116096,0.0322988255118305,0.03026611172116822,0.02838051510676476,0.02662888428649468,0.024999610822112828,0.023482389685092753,0.022068026881704783,0.0207482830814974,0.019515745134692564,0.018363719477562934,0.01728614291516073,0.01627750735201744,0.01533279582651359,0.01444742779093,0.013617212012899393,0.012838305809773964,0.012107179583067201,0.011420585815195339,0.010775531848060266,0.01016925588416484,0.009599205747803236,0.009063020023720086,0.008558511250517709,0.008083650899205541,0.007636555909550452,0.007215476589402109,0.006818785711935449,0.006444968668729678,0.0060926145575352225,0.005760408098279962,0.005447122286131423,0.0051516117026836755,0.004872806415083572,0.0046097064025093365,0.0043613764565062635,0.004126941507862636,0.003905582338863789,0.003696531643427564,0.0034990704025007757,0.003312524545887263,0.0031362618740338327,0.0029696892166376845,0.00281224980724349,0.002663420854846353,0.0025227112960590006,0.0023896597121837587,0.0022638323975673613,0.002144821567041315,0.0020322436909316205,0.0019257379475283998,0.001824964783621555,0.0017296045749148822,0.0016393563783165394,0.0015539367691478727,0.0014730787570284218,0.0013965307743715842,0.0013240557321698015,0.0012554301381607035,0.0011904432727663297,0.0011288964188074548,0.0010706021409887558,0.001015383611666077,0.0009630739797804704,0.0009135157798128811,0.0008665603780636834,0.0008220674537090938,0.0007799045122083448,0.0007399464290055325,0.0007020750213732017,0.0006661786465482558,0.0006321518245097218,0.0005998948836818015,0.0005693136281270852,0.0005403190247843335,0.0005128269095425724,0.0004867577108612336,0.00046203618983979046,0.000438591195742433,0.0004163554359457051,0.00039526525943889106,0.0003752604530185017,0.000356284049380806,0.0003382821464185618,0.00032120373698399287,0.0003050005484873733,0.00014481344588430619
0.05086532204377647,0.08847812097387875,0.07968312006220901,0.0725700467000443,0.06652758072681553,0.061264042081075276,0.056607050253089986,0.05244230423737539,0.0486883194116966,0.04528402460789749,0.04218194002996434,0.039344106893471675,0.03673950471449383,0.03434233139799592,0.03213081230666304,0.03008634861885151,0.028192891609936765,0.02643647219414036,0.024804840094696134,0.023287182256980843,0.021873899727146262,0.020556428458667564,0.019327093655361782,0.018178990092386493,0.01710588282546549,0.016102124086773917,0.015162583173085498,0.014282586863063718,0.013457868446721588,0.0126845238540651,0.01195897368271931,0.01127793016246964,0.010638368276343929,0.010037500404404154,0.009472753969262032,0.008941751652547847,0.008442293825944497,0.007972342896176293,0.007530009312822078,0.007113539027187893,0.00672130222076317,0.006351783149512263,0.006003570971655561,0.0056753514460947535,0.005365899402324417,0.005074071896897389,0.004798801982919446,0.004539093027197516,0.0042940135186061434,0.004062692317842065,0.0038443143044925854,0.0036381163830756513,0.0034433838131249783,0.0032594468329340404,0.0030856775501057337,0.0029214870742476015,0.0027663228702614825,0.0026196663128235723,0.0024810304243714845,0.0023499577812834405,0.0022260185736632937,0.0021088088060422366,0.0019979486276366504,0.0018930807814339784,0.0017938691626906214,0.0016999974780911795,0.001611167997942843,0.0015271003939507886,0.0014475306560937755,0.00137221008278492,0.0013009043386683003,0.0012333925750944719,0.0011694666087028634,0.0011089301538187886,0.001051598104941133,0.0009972958655907575,0.000945858720269914,0.000897131246630923,0.0008509667649233416,0.000807226822208823,0.0007657807089699875,0.0007265050058536081,0.0006892831586328904,0.0006540050793833012,0.000620566772149422,0.0005888699815653244,0.0005588218628295137,0.000530334671697762,0.0005033254731471315,0.00047771586758582965,0.0004534317334069903,0.0004304029848649707,0.0004085633443478374,0.00038785012808468036,0.00036820404447717586,0.00034956900425557255,0.00033189194171757194,0.0003151226464038403,0.0002992136045226919,0.0002841198495365932,0.00013489941069317647
0.04744297261687669,0.08252517952641014,0.07432198061817341,0.06768752971373959,0.06205164362651261,0.05714227002189709,0.052798628223271526,0.04891410877317748,0.04541271031575522,0.04223747128484734,0.039344106893471675,0.0366972126760714,0.034267855573420825,0.03203196975753797,0.02996924584088967,0.028062336543258626,0.026296273079156274,0.024658026357907648,0.02313617043494476,0.021720619873630775,0.0204024216383068,0.0191735879592439,0.018026960477314558,0.016956098618522764,0.015955186984783487,0.015018957842121983,0.014142625726848435,0.013321831872343204,0.01255259666847286,0.011831278742465201,0.011154539541808312,0.010519312521843266,0.009922776210191886,0.009362330556840659,0.008835576083952162,0.008340295433622441,0.007874436981178179,0.00743610023363217,0.007023522779066593,0.006635068589428528,0.006269217507474972,0.005924555774464671,0.005599767475157433,0.005293626794868417,0.005004990996093667,0.00473279403548825,0.0044760407526212714,0.004233801569531084,0.0040052076484428795,0.003789446461172144,0.003585757729105285,0.003393429697995984,0.003211795715000132,0.003040231079609032,0.0028781501434338233,0.0027250036358409738,0.0025802761953378772,0.0024434840886101566,0.0023141731007173955,0.0021919165821631115,0.002076313639233829,0.0019669874557727077,0.001863583735790833,0.001765769256910639,0.0016732305258587987,0.0015856725278469777,0.0015028175627270178,0.0014244041609685967,0.001350186073414205,0.001279931329387956,0.0012134213578891238,0.0011504501672466548,0.0010908235789708516,0.001034358511798266,0.0009808823124569065,0.0009302321296724564,0.0008822543283846344,0.0008368039414672172,0.0007937441562182075,0.0007529458332780486,0.0007142870557623679,0.0006776527065011726,0.0006429340715984871,0.000610028468441633,0.0005788388965536316,0.0005492737098546797,0.0005212463088413062,0.0004946748514365312,0.00046948198125484723,0.00044559457223255355,0.00042294348850220424,0.0004014633585587013,0.00038109236285287316,0.0003617720339159575,0.0003434470682589109,0.00032606514930058443,0.00030957678063306664,0.0002939351290214675,0.00027909587649693063,0.00026501708099502773,0.00012582952252534812
0.04430191390374072,0.07706151815354523,0.06940147649773132,0.06320630671934713,0.057943581107156916,0.05335926163650129,0.049303213946562674,0.04567588787521237,0.042406314603176454,0.039441304353129314,0.03673950471449383,0.034267855573420825,0.03199933970748381,0.02991148483345263,0.027985326369242225,0.026204665698838614,0.024555525204606188,0.023025738523279715,0.02160463628244441,0.020282800853443028,0.019051872024631433,0.01790439093351448,0.016833673207359456,0.015833704729243114,0.014899055161152142,0.014024805564796683,0.013206487337983241,0.012440030321306778,0.011721718405574177,0.011048151322232858,0.010416211571493111,0.009823035650235123,0.009265988900035743,0.008742643423283819,0.008250758613632309,0.0077882639256100505,0.007353243572997908,0.006943922894154825,0.006558656165572357,0.006195915679221828,0.00585428192563936,0.005532434748841603,0.0052291453578071495,0.004943269096240446,0.004673738884258524,0.0044195592580278525,0.004179800943316089,0.003953595906020305,0.003740132830518869,0.00353865298244882,0.0033484464175214113,0.003168848502982727,0.0029992367212998486,0.002839027729607979,0.0026876746515309413,0.0025446645798974515,0.0024095162715833812,0.002281778017579901,0.002161025672886799,0.0020468608328920376,0.001938909143533854,0.0018368187341943343,0.0017402587634290437,0.001648918068190168,0.0015625039083417558,0.0014807407988459073,0.0014033694229776614,0.0013301456200769494,0.0012608394421925982,0.001195234274554164,0.0011331260149513717,0.0010743223077036047,0.0010186418282378436,0.0009659136145364691,0.0009159764422117071,0.0008686782399580234,0.0008238755425522444,0.000781432978874029,0.0007412227923943009,0.0007031243919446324,0.0006670239307004552,0.000632813911409907,0.0006003928162002497,0.0005696647592151795,0.0005405391605827533,0.0005129304403748529,0.000486757731165648,0.0004619446080247249,0.0004384188347721432,0.00041611212551515876,0.00039495992041989163,0.0003749011748282807,0.0003558781609135893,0.0003378362810371252,0.00032072389210021333,0.0003044921401948175,0.0002890948049069416,0.00027448815270999204,0.00026063079884931784,0.0002474835772063675,0.00011750470884300647
0.041411025828194226,0.07203300659422651,0.0648728593452097,0.0590819819463313,0.054162694789446464,0.04987753925003113,0.04608617926216485,0.042695561658299575,0.039639349294345316,0.03686782374402553,0.03434233139799592,0.03203196975753797,0.02991148483345263,0.02795987095561192,0.02615940122887761,0.024494934206432284,0.022953404488751883,0.02152343972107773,0.020195066839971798,0.01895948283203097,0.01780887308969631,0.016736265529021077,0.015735412009658944,0.014800690903660041,0.013927026262422815,0.013109820161286978,0.012344895621183377,0.01162844810211039,0.010957004007811272,0.010327384969927605,0.009736676934537586,0.009182203267855266,0.008661501245784936,0.008172301411326438,0.0077125093756929275,0.0072801897124507575,0.006873551654543647,0.006490936349473342,0.0061308054681902535,0.0057917309952963125,0.005472386052818842,0.005171536632389978,0.004888034128087096,0.004620808578067251,0.004368862534271087,0.004131265491052194,0.003907148812875225,0.0036957011078606883,0.0034961640012321216,0.003307828268098806,0.0031300302896927895,0.0029621488018466494,0.0028036019072771243,0.0026538443269378334,0.002512364868579732,0.0023786840924432742,0.0022523521565377333,0.002132946825710566,0.002020071630110934,0.0019133541605794169,0.001812444489089099,0.0017170137039082614,0.0016267525502350264,0.0015413701675713772,0.001460592916170022,0.0013841632854306798,0.0013118388780370069,0.0012433914637659353,0.0011786060976931474,0.001117280298060866,0.0010592232792086959,0.0010042552355320963,0.0009522066727463314,0.0009029177829616118,0.0008562378605377549,0.0008120247556816784,0.0007701443631422458,0.0007304701436400777,0.0006928826756463623,0.0006572692354665996,0.0006235234036969205,0.0005915446962132375,0.0005612382181340927,0.0005325143391245093,0.000505288388638411,0.0004794803698479951,0.00045501469095837223,0.00043181991281913794,0.00040982851173664535,0.0003889766565707241,0.00036920399913741193,0.00035045347708611684,0.0003326711284971093,0.00031580591741665366,0.00029980956966989443,0.00028463641830036353,0.0002702432580323636,0.00025658920823015425,0.00024363558379423157,0.00023134577351653033,0.00010984256273393819
0.03874404590148006,0.06739396386260021,0.0606949900021867,0.05527708941387477,0.05067463894787472,0.04666547511326291,0.04311830114717208,0.03994605760876446,0.037086680251979254,0.034493653105116096,0.03213081230666304,0.02996924584088967,0.027985326369242225,0.02615940122887761,0.0244748853388565,0.022917612532074805,0.02147535896584013,0.020137484789375992,0.018894659311701367,0.017738646526308022,0.01666213516710563,0.015658602222821172,0.014722201995022888,0.0138476749427075,0.013030272055919778,0.012265691558207642,0.011550025504841022,0.010879714400723411,0.010251508377895846,0.009662433780243868,0.009109764241256008,0.008590995522057499,0.008103823515334813,0.007646124932385617,0.007215940276473293,0.006811458774386575,0.00643100499475413,0.006073026924149474,0.005736085309710065,0.0054188441069755455,0.005120061894722777,0.004838584139691723,0.004573336210400486,0.0043233170540979,0.004087593461330266,0.0038652948534307757,0.003655608536931698,0.0034577753751048046,0.0032710858336448684,0.003094876362543325,0.0029285260805814797,0.0027714537332402256,0.0026231148974233814,0.002482999409850986,0.00235062899866937,0.0022255550994952494,0.0021073568394793865,0.0019956391746100907,0.00189003116678816,0.001790184389008416,0.0016957714475376584,0.001606484611424791,0.0015220345406896305,0.001442149105019476,0.0013665722858016184,0.0012950631548266783,0.0012273949238540277,0.0011633540593620623,0.001102739457546749,0.0010453616751396992,0.0009910422117426244,0.0009396128399027058,0.0008909149794466206,0.0008447991128037909,0.0008011242384826645,0.0007597573598587815,0.0007205730067996585,0.0006834527879162004,0.0006482849712084356,0.0006149640911930383,0.0005833905807049108,0.0005534704256514381,0.0005251148412608094,0.0004982399682967997,0.0004727665879279575,0.0004486198540801945,0.00042572904205491827,0.000404027312394464,0.000383451488969227,0.00036394185042926217,0.00034544193410489775,0.0003278983515783854,0.00031126061522103107,0.000295480974963536,0.0002805142646821702,0.0002663177575915783,0.0002528510300793549,0.00024007583349020152,0.0002279559733360274,0.00021645719548458054,0.00010277353946371807
0.03627854204366587,0.06310537157567109,0.05683272947656426,0.05175962756630992,0.04745007718636318,0.04369605438431179,0.040374618752379354,0.03740425173130357,0.03472683914201602,0.0322988255118305,0.03008634861885151,0.028062336543258626,0.026204665698838614,0.024494934206432284,0.022917612532074805,0.02145943610341977,0.020108959052889896,0.018856218691306437,0.017692478167519843,0.016610025643426618,0.015602015166063687,0.014662338868688285,0.013785523089753726,0.012966643019129753,0.012201251885004316,0.011485321684948008,0.010815193182922678,0.010187533415564665,0.009599299340571993,0.009047706548149986,0.008530202179544949,0.008044441366527044,0.007588266635269431,0.007159689822581666,0.006756876132935158,0.006378130029061041,0.0060218827019479365,0.005686680905847785,0.0053711769791869035,0.005074119900353724,0.0047943472489373334,0.0045307779627651035,0.004282405796352445,0.004048293400284272,0.0038275669508111565,0.0036194112690863117,0.0034230653776075315,0.003237818447238666,0.003063006094561803,0.0028980069940221995,0.0027422397734323603,0.002595160165490981,0.002456258390406689,0.0023250567479562237,0.002201107399825576,0.002083990324646741,0.0019733114303603153,0.001868700810065134,0.0017698111287434357,0.0016763161299392718,0.001587909251987249,0.0015043023447422477,0.0014252244787074132,0.0013504208389097175,0.0012796516968075523,0.0012126914539894833,0.001149327752225194,0.0010893606445527108,0.0010326018227794047,0.000978873897250026,0.0009280097248525257,0.000879851781726327,0.0008342515774125217,0.0007910691073847245,0.000750172341304714,0.0007114367443426303,0.0006747448292441262,0.0006399857370749714,0.0006070548445529355,0.0005758533961761035,0.0005462881594549742,0.0005182711016365592,0.0004917190865545845,0.0004665535901755592,0.0004427004336120498,0.0004200895325067386,0.000398654661646871,0.000378333233855728,0.00035906609220071484,0.00034079731471543893,0.0003234740307785644,0.00030704624842098696,0.000291466691900678,0.00027669064885952385,0.00026267582648408123,0.00024938221609979976,0.00023677196566982295,0.0002248092597375113,0.0002134602063223051,0.00020269273035008247,9.623823662209042e-5
0.03399515789407448,0.05913356124799196,0.05325575675422045,0.04850198263951899,0.04446369547020046,0.04094596626590963,0.03783359364310468,0.035050190587980645,0.032541301174779824,0.03026611172116822,0.028192891609936765,0.026296273079156274,0.024555525204606188,0.022953404488751883,0.02147535896584013,0.020108959052889896,0.018843479384571593,0.017669584408138928,0.01657908724258611,0.015564761495575674,0.01462019215262328,0.013739655823120756,0.012918023398627076,0.012150680072118891,0.011433458982586603,0.010762585677089292,0.01013463125546274,0.009546472551591856,0.008995258070141399,0.008478378667624242,0.007993442175719734,0.0075382513238974325,0.00711078443982649,0.006709178503985502,0.006331714210300765,0.005976802744932425,0.0056429740450362476,0.005328866336605717,0.005033216783565622,0.004754853106596166,0.004492686050409214,0.0042457025967274215,0.0040129598345213235,0.0037935794120898952,0.0035867425047193396,0.0033916852411598197,0.0032076945397843948,0.0030341043107407484,0.002870291986379718,0.0027156753466603886,0.0025697096100768604,0.00243188476448343,0.002301723114476635,0.002178777025027709,0.0020626268434196307,0.0019528789830087906,0.0018491641544085835,0.001751135731127798,0.0016584682378457463,0.0015708559510898765,0.0014880116025673823,0.0014096651766714458,0.0013355627945693359,0.0012654656777032688,0.0011991491844113265,0.0011364019138203826,0.0010770248719144011,0.001020830694796939,0.0009676429248162664,0.0009172953356674368,0.0008696313026956351,0.000824503215088146,0.0007817719268995403,0.0007413062440416,0.0007029824447492266,0.0006666838310296457,0.0006323003089231411,0.0005997279956360992,0.0005688688515878039,0.0005396303356927905,0.0005119250822927454,0.00048567059822754964,0.00046078897876565203,0.0004372066410534333,0.0004148540739323716,0.00039366560309650467,0.0003735791705216625,0.00035453612727304965,0.0003364810387912519,0.00031936150190459665,0.0003031279727645419,0.0002877336050215581,0.0002731340976223932,0.00025928755158624497,0.0002461543352181043,0.00023369695722477886,0.00022187994723795162,0.00021066974331246553,0.00020003458594029886,0.00018994441818774186,9.018539580275581e-5
0.031877045383423064,0.055449227309088966,0.0499376799482012,0.04548011917355066,0.0416934600554576,0.03839492065984962,0.03547647841049062,0.03286650637368693,0.03051394206119773,0.02838051510676476,0.02643647219414036,0.024658026357907648,0.023025738523279715,0.02152343972107773,0.020137484789375992,0.018856218691306437,0.017669584408138928,0.016568828126564905,0.015546273124717735,0.014595143315873471,0.013709423429599354,0.012883746720352474,0.012113303691711486,0.011393767099705993,0.01072122973241943,0.0100921523329498,0.00950331966395715,0.008951803170284878,0.008434929038381805,0.007950250704413214,0.007495525058956343,0.007068691745400729,0.006667855063032718,0.0062912680776160135,0.005937318612991571,0.0056045168537567636,0.005291484335693417,0.00499694413556831,0.004719712102935633,0.004458689001240038,0.004212853444499093,0.003981255533218875,0.003763011106609565,0.0035572965403858903,0.003363344028017065,0.003180437292202326,0.0030079076804990015,0.002845130604135826,0.0026915222846460793,0.0025465367770955427,0.002409663242285545,0.00228042344390509,0.0021583694487447014,0.0020430815109312023,0.0019341661233558474,0.0018312542208427651,0.0017339995215527176,0.001642076994462914,0.0015551814418414654,0.001473026187119874,0.0013953418590225732,0.0013218752640027018,0.001252388339864241,0.0011866571838484684,0.0011244711492838996,0.0010656320053162374,0.0010099531549393748,0.0009572589066564226,0.000907383795709444,0.0008601719512340809,0.0008154765057988671,0.0007731590442229073,0.0007330890888069905,0.0006951436182883238,0.0006592066181853127,0.0006251686601949653,0.0005929265086065446,0.0005623827519130233,0.0005334454577838772,0.0005060278498256257,0.00048004800464286276,0.0004554285677835952,0.0004320964873686991,0.0004099827641488082,0.0003890222169091054,0.0003691532622585444,0.00035031770780157186,0.000332460557854632,0.00031552983086354045,0.0002994763878165635,0.0002842537708999454,0.0002698180517558416,0.0002561276887621455,0.00024314339273178755,0.00023082800052347686,0.00021914635606275733,0.0002080651983085791,0.00019755305576047918,0.00018758014707551725,0.00017811828742687018,8.45704001378486e-5
