0.06134155474843017,0.10595263501870944,0.0949355260896545,0.0860686576467613,0.07856812335365415,0.07205999942404406,0.06632323128350781,0.06121122803126178,0.05661949020913637,0.052469712152809045,0.04870103564615902,0.045264829854490984,0.042121377916458536,0.03923766957060815,0.0365858720475295,0.03414223611636835,0.03188629197251913,0.029800244376031237,0.027868508528372415,0.026077347717536892,0.02441458607788516,0.022869377810327773,0.021432019525888357,0.02009379600830047,0.01884685221629706,0.017684086128122334,0.01659905832259817,0.015585915130102102,0.014639322887487705,0.013754411350556162,0.012926724718982985,0.012152179034447652,0.011427024946837394,0.010747815031365987,0.01011137498476683,0.009514778144908864,0.008955322873530763,0.008430512414215108,0.007938036901097623,0.007475757244397779,0.007041690658337568,0.006633997632473326,0.006250970175256221,0.005891021183534087,0.005552674809817665,0.005234557717241753,0.004935391126790548,0.00465398357222345,0.004389224289465782,0.004140077175854087,0.0039055752621261902,0.003684815647294462,0.0034769548512481874,0.003281204545635741,0.0030968276280894658,0.0029231346079227477,0.0027594802753018524,0.002605260628718485,0.0024599100378948566,0.0023228986221521947,0.002193729825460712,0.0020719381717064916,0.0019570871853924338,0.0018487674639641946,0.0017465948895444006,0.0016502089687934832,0.0015592712909633447,0.0014734640946031559,0.0013924889345344298,0.001316065441540084,0.001243930167544989,0.0011758355098851203,0.0011115487087772179,0.0010508509124950403,0.0009935363054196684,0.0009394112942321606,0.0008882937480750065,0.0008400122889253014,0.000794405628479003,0.0007513219483177257,0.0007106183203288343,0.0006721601645187595,0.0006358207417427406,0.0006014806788419667,0.0005690275239953434,0.000538355330308566,0.0005093642656495354,0.00048196024702174163,0.00045605459779295664,0.00043156372633431327,0.0004084088245853105,0.00038651558525551986,0.00036581393648476256,0.00034623779277834915,0.00032772482119306726,0.0003102162217802169,0.00029365652136539595,0.0002779933798475265,0.00026317740818065233,0.0002491619973077489,0.00011795157869301173
0.10595263501870944,0.18300789669459316,0.16397876623029406,0.148663578887807,0.13570835568027384,0.12446724778827045,0.11455844526451431,0.10572875333745246,0.0977976784229817,0.0906299693785595,0.08412051063646575,0.07818530599894791,0.07275575565356718,0.06777484355419428,0.06319449631615282,0.05897369371874661,0.055077079827269504,0.05147391826478587,0.0481372905699502,0.045043470331077695,0.04217142705981869,0.03950242758418887,0.037019711925108445,0.03470822689490294,0.03255440501747087,0.030545979447510807,0.028671827797412286,0.02692183940233328,0.025286801764192957,0.023758302812738885,0.022328646314971556,0.020990778292466816,0.019738222710523057,0.018565025027717674,0.01746570244546436,0.016435199897833208,0.015468850986596727,0.01456234319154509,0.013711686795584044,0.012913187051507624,0.012163419185528351,0.011459205893891822,0.010797597036904083,0.010175851277702569,0.009591419444380911,0.009041929425353784,0.00852517243313372,0.008039090490459089,0.007581765012280417,0.007151406372008895,0.006746344353386724,0.006365019401856825,0.006005974597442246,0.005667848280997187,0.005349367273485839,0.005049340633242291,0.004766653902853482,0.004500263802184698,0.00424919332804867,0.004012527226028226,0.003789407802011535,0.0035790310450017487,0.003380643035669012,0.0031935366167922946,0.0030170483044912044,0.002850555420761028,0.002693473430154164,0.002545253464128254,0.0024053800185822594,0.0022733688115311457,0.0021487647884440297,0.0020311402641865414,0.0019200931913977703,0.00181524554581209,0.0017162418201794455,0.0016227476186110382,0.0015344483441420663,0.0014510479730219517,0.0013722679093404778,0.0012978459144131135,0.001227535105693664,0.001161103020274036,0.0010983307386931498,0.0010390120647214701,0.0009829527573336078,0.0009299698114536917,0.0008798907840347897,0.0008325531625215099,0.0007878037727894437,0.0007454982240658273,0.0007055003882672599,0.0006676819115278374,0.0006319217558825082,0.0005981057690616666,0.000566126280627792,0.0005358817227376581,0.0005072762739406437,0.0004802195246011009,0.0004546261624999177,0.00043041567735315443,0.0002037560415534042
0.0949355260896545,0.16397876623029406,0.14692847387481178,0.1332058948047239,0.12159785740435902,0.11152567803103519,0.10264725316471468,0.09473571909638134,0.08762935272089423,0.08120696836791486,0.07537438197712731,0.07005633253629062,0.06519135426056022,0.06072836046860952,0.05662427714099172,0.05284234992223413,0.04935089968030104,0.04612238642581268,0.043132691037437665,0.040360554483574784,0.03778713329127126,0.035395642392892834,0.03317106471031994,0.031099912458252166,0.029170029055898383,0.027370423293960888,0.025691129402991675,0.024123088122447178,0.022658044954115775,0.021288462587698342,0.020007445107358468,0.018808672061385756,0.017686340839440373,0.01663511609275037,0.015650085157526916,0.014726718621674573,0.013860835322435261,0.013048571174687218,0.01228635132769923,0.011570865226434163,0.010899044214594977,0.01026804137148224,0.009675213317738518,0.009118103763589291,0.008594428601213788,0.008102062370903301,0.007639025953320916,0.007203475356991951,0.006793691487686382,0.0064080707997045405,0.006045116740681936,0.005703431912749343,0.00538171088016777,0.005078733562387416,0.004793359158461616,0.004524520553494421,0.004271219163792778,0.004032520181764129,0.0038075481851694154,0.003595483079826975,0.0033955563467010924,0.003207047567894361,0.0030292812086667037,0.0028616236341094878,0.0027034803415689618,0.0025542933913591664,0.0024135390203912435,0.002280725423953689,0.0021553906926704003,0.0020371008929442394,0.0019254482797082112,0.0018200496315756015,0.001720544699276294,0.0016265947588770951,0.0015378812623074063,0.0014541045778669777,0.0013749828142573181,0.0013002507223218336,0.001229658668767921,0.0011629716768742672,0.0010999685294954542,0.0010404409299375056,0.0009841927168712516,0.0009310391294006307,0.0008808061188922515,0.0008333297045061347,0.0007884553693464288,0.0007460374945881202,0.0007059388289757072,0.0006680299914576006,0.0006321890046588497,0.0005983008571970698,0.0005662570930179481,0.0005359554259190182,0.0005072993776763807,0.0004801979382364364,0.0004545652465484402,0.00043032029077266776,0.00040738662656956796,0.00038569211233903476,0.0001825843301937512
0.0860686576467613,0.148663578887807,0.1332058948047239,0.12076508007572295,0.1102412870192997,0.10110988756061978,0.09306073452104546,0.08588815583395792,0.07944553516341335,0.0736230069473156,0.06833518497135915,0.06351383843643466,0.05910324313498849,0.05505708443243029,0.05133631187858834,0.04790760435559993,0.044742241882789746,0.04181525697695254,0.03910478347319535,0.036591548130080254,0.03425846762314633,0.03209032475406948,0.030073505163265013,0.028195780930415082,0.026446130990065986,0.024814590789482283,0.02329212542836373,0.021870521837537682,0.020542296536787685,0.019300616240979507,0.018139229146663327,0.017052405160448814,0.016034883658928967,0.015081827633650624,0.014188783278528794,0.013351644240102545,0.01256661988481883,0.011830207039137508,0.011139164747171637,0.010490491661552331,0.009881405738606186,0.009309325958674675,0.008771855831402886,0.008266768480751474,0.007791993129897534,0.007345602831592746,0.006925803310090406,0.006530922795993377,0.0061594027512741345,0.005809789393816128,0.0054807259413505865,0.005170945504831603,0.004879264567898098,0.004604576997073256,0.004345848533685248,0.004102111722792998,0.0038724612398371994,0.003656049579695661,0.0034520830760594035,0.003259818223111749,0.003078558273159171,0.002907650087113668,0.0027464812170860595,0.0025944772017156004,0.0024510990570955765,0.0023158409474664937,0.002188228021739562,0.0020678144024643894,0.0019541813154795376,0.001846935349645952,0.0017457068365294079,0.0016501483410488807,0.0015599332548295666,0.0014747544845522369,0.0013943232285189462,0.0013183678347961775,0.001246632735079814,0.0011788774490106534,0.001114875653748272,0.0010544143142734441,0.00099729287016901,0.000943322474866351,0.0008923252838823857,0.00084413378852689,0.0007985901920033837,0.0007555458251295496,0.0007148605988835273,0.0006764024913793309,0.0006400470669103361,0.0006056770250336997,0.0005731817776127579,0.0005424570520087147,0.0005134045187683359,0.0004859314421472756,0.0004599503520319771,0.00043537873586572094,0.00041213874928770246,0.0003901569443381329,0.000369364014055594,0.0003496945524414617,0.00016554341443229727
0.07856812335365415,0.13570835568027384,0.12159785740435902,0.1102412870192997,0.10063465698108587,0.09229906454557502,0.08495139423957299,0.07840389989786778,0.07252274392313152,0.06720763637524674,0.06238063309368669,0.05797945010201122,0.05395321996532054,0.05025966470113685,0.04686313737848535,0.04373322104045574,0.040843698840430376,0.03817177936827465,0.035697502226840316,0.033403273947971934,0.03127350011145125,0.029294289775287585,0.02745321513607968,0.02573911399062878,0.02414192580387886,0.022652554470402042,0.02126275251110038,0.019965022649473252,0.018752533609159294,0.017619047639934937,0.016558857793290638,0.01556673336042319,0.014637872185333412,0.013767858806457312,0.012952627566379549,0.01218842997798078,0.011471805757490933,0.010799557027675322,0.010168725275548851,0.009576570713805965,0.00902055374571964,0.008498318278673256,0.00800767666708474,0.007546596097366298,0.007113186250759795,0.006705688103077229,0.006322463739125567,0.00596198707351113,0.00562283538402962,0.005303681574891986,0.005003287096644327,0.004720495458921697,0.0044542262782064634,0.0042034698100662515,0.0039672819211266225,0.003744779459961045,0.003535135991040661,0.0033375778595024636,0.0031513805574481524,0.002975865366198087,0.0028103962504460803,0.0026543769832276867,0.002507248482769772,0.002368486343534801,0.002237598545813964,0.0021141233294200215,0.00199762721875741,0.001887703187050345,0.001783968948992458,0.001686065372142137,0.0015936549978127074,0.0015064206632574434,0.0014240642176081737,0.001346305324530922,0.0012728803454096528,0.0012035412969976997,0.0011380548781917306,0.0010762015611163259,0.0010177747417795813,0.0009625799461646309,0.0009104340878775541,0.0008611647736884304,0.0008146096537933953,0.0007706158135843029,0.0007290392041174164,0.0006897441087487695,0.0006526026433861347,0.0006174942881696406,0.0005843054484258488,0.0005529290430447229,0.0005232641183781916,0.0004952154860091117,0.00046869338288155205,0.000443613152276685,0.00041989494432245235,0.00039746343476413856,0.0003762475608172335,0.00035618027305552805,0.00033719830226303094,0.00031924194031378306,0.00015112741711679903
0.07205999942404406,0.12446724778827045,0.11152567803103519,0.10110988756061978,0.09229906454557502,0.08465398109720756,0.07791497655234148,0.07190985865174615,0.06651587762554612,0.061641052088328374,0.057213895184966335,0.05317728286600709,0.04948456181172134,0.04609695655474744,0.04298177332413666,0.04011111504118292,0.037460936775539744,0.03501033524995156,0.032741003662349555,0.030636806049387122,0.028683439882904005,0.026868164987045584,0.02517958310986712,0.023607456750274758,0.02214255880714172,0.02077654671051088,0.019501856212188196,0.018311611116063164,0.01719954605152857,0.01615994000368992,0.015187558785435262,0.01427760499569175,0.013425674283208733,0.012627716955996904,0.011880004147262785,0.011179097885141431,0.010521824525546147,0.00990525109251339,0.009326664144872349,0.00878355084748944,0.008273581971715516,0.007794596591313235,0.007344588272784919,0.006921692588269968,0.006524175800447979,0.006150424590158993,0.005798936714644418,0.005468312497077743,0.005157247061359657,0.004864523236285778,0.004589005062002979,0.004329631840186171,0.00408541267489608,0.0038554214577796453,0.0036387922565748188,0.00343471506948434,0.0032424319125310547,0.0030612332103254827,0.002890454463382798,0.002729473168534495,0.0025777059703713592,0.002434606024378852,0.0022996605544003193,0.002172388588207258,0.0020523388568265896,0.0019390878443731607,0.001832237976718873,0.0017314159377915875,0.0016362711036567307,0.001546474085507371,0.0014617153730785391,0.0013817040709647142,0.0013061667209242935,0.001234846203717447,0.00116750071480088,0.001103902808321483,0.001043838504506324,0.0009871064560357731,0.0009335171690528186,0.0008828922750160444,0.000835063849838124,0.000789873776950039,0.0007471731513817303,0.0007068217219119242,0.0006686873687113022,0.0006326456141563519,0.0005985791644751975,0.0005663774802185922,0.000535936373579517,0.0005071576308640757,0.0004799486583698838,0.0004542221501575936,0.00042989577633141887,0.00040689189043859736,0.00038513725478451187,0.00036456278249618126,0.00034510329525301413,0.00032669729572460966,0.0003092867537328693,0.0002928169052800649,0.00013861803183348514
0.06632323128350781,0.11455844526451431,0.10264725316471468,0.09306073452104546,0.08495139423957299,0.07791497655234148,0.07171249546262182,0.06618546898267907,0.0612209209086354,0.056734193581155834,0.05265949205435483,0.04894424059068436,0.04554550047968309,0.04242758361078469,0.03956039933108291,0.036918271756006704,0.0344790704321668,0.03222355641339403,0.03013488049122559,0.02819819144868807,0.026400325521704016,0.024729556900550898,0.023175394852573084,0.021728416974624798,0.020380130813547948,0.01912285801940683,0.01794963659278076,0.01685413780261774,0.015830595108657086,0.01487374298415639,0.013978763968499064,0.013141242609915893,0.012357125211667153,0.011622684498242497,0.01093448847525258,0.010289372882286457,0.009684416741102514,0.009116920579810395,0.008584386982222886,0.008084503166247176,0.00761512533786915,0.007174264605617153,0.0067600742704388705,0.00637083833283783,0.006004961078699064,0.005660957624805757,0.005337445320878431,0.005033135916713435,0.004746828415246221,0.004477402541689393,0.004223812767003662,0.003985082831796605,0.0037603007218331985,0.003548614052509322,0.0033492258245177153,0.0031613905162515,0.0029844104826766346,0.002817632633458342,0.0026604453656179222,0.0025122757291320477,0.00237258680516874,0.002240875279160337,0.00211666919273195,0.0019995258595558313,0.0018890299319245657,0.001784791605846013,0.0016864449539208959,0.001593646375688297,0.0015060731563760511,0.0014234221258885432,0.0013454084102228238,0.00127176426839146,0.0012022380084859806,0.0011365929769414848,0.0010746066157779136,0.0010160695827024016,0.0009607849295605528,0.0009085673350748211,0.0008592423878691566,0.0008126459162893403,0.0007686233617441827,0.0007270291924753244,0.0006877263550778539,0.0006505857610593791,0.0006154858060665475,0.00058231191964149,0.0005509561433555531,0.0005213167354733844,0.0004932978003280818,0.00046680894084533305,0.0004417649326115113,0.00041808541809196936,0.0003956946197256044,0.0003745210706162412,0.00035449736171347737,0.0003355599044084917,0.0003176487075499069,0.00030070716799584455,0.00028468187379775134,0.0002695224192259156,0.00012759061546130683
0.06121122803126178,0.10572875333745246,0.09473571909638134,0.08588815583395792,0.07840389989786778,0.07190985865174615,0.06618546898267907,0.06108446591913963,0.05650258233465277,0.05236168663210661,0.048601055840728935,0.04517216715600425,0.042035391900903885,0.03915779306328526,0.03651159959100525,0.0340731148737794,0.03182191442158566,0.02974024235051853,0.027812548293815298,0.026025125854708175,0.024365826006759683,0.022823826828785865,0.0213894462670835,0.020053988242207776,0.01880961493694011,0.01764923987999678,0.016566437728949945,0.015555367592777924,0.014610707433566794,0.013727597605313446,0.012901591988178529,0.0121286154817013,0.011404926854091307,0.01072708613226056,0.010091925862257156,0.009496525685687984,0.008938189772857014,0.008414426725605856,0.007922931626077406,0.0074615699581027095,0.007028363167301682,0.006621475661367143,0.0062392030797318865,0.005879961686659094,0.005542278759865529,0.005224783864854726,0.00492620091974405,0.004645340966210207,0.004381095573482804,0.004132430810919838,0.003898381732183487,0.0036780473212664894,0.003470585855316205,0.0032752106448954016,0.00309118611682091,0.0029178242077815345,0.002754481040799811,0.002600553859420651,0.002455478196809406,0.0023187252598353206,0.0021897995094003336,0.002068236420585276,0.001953600407864485,0.0018454829016094978,0.0017435005636934828,0.0016472936309393019,0.0015565243764999667,0.001470875679651873,0.001390049695636688,0.00131376661801361,0.001241763526315453,0.0011737933126199328,0.0011096236811612252,0.0010490362155000585,0.000991825508430584,0.0009377983499027111,0.0008867729687958188,0.0008385783247948399,0.000793053446676531,0.0007500468137842959,0.0007094157776692082,0.0006710260210433319,0.0006347510515740933,0.0006004717280161768,0.0005680758164929994,0.0005374575749547573,0.000508517363826521,0.00048116128114173394,0.0004553008204820682,0.00043085255028198384,0.0004077378130167026,0.0003858824429872265,0.0003652165015267019,0.00034567402844732937,0.00032719280870572263,0.00030971415329516735,0.0002931826934464655,0.0002775461873216877,0.0002627553383660747,0.00024876362458898984,0.00011776356905739268
0.05661949020913637,0.0977976784229817,0.08762935272089423,0.07944553516341335,0.07252274392313152,0.06651587762554612,0.0612209209086354,0.05650258233465277,0.052264417420117004,0.04843415638938675,0.04495563200738051,0.04178396188440714,0.03888249047329506,0.036220751846925636,0.033773058459732774,0.03151749152106298,0.02943515886808179,0.02750963673056417,0.025726541385433732,0.024073194734917203,0.022538359209222036,0.021112024777275085,0.019785235756619224,0.018549948466165533,0.017398913095875213,0.016325574811964505,0.015323990308451774,0.01438875688250918,0.013514951757742144,0.012698079859049638,0.01193402861307663,0.011219028630539918,0.010549619342785505,0.009922618838409336,0.009335097279899007,0.008784353387477378,0.00826789356533253,0.0077834133122567095,0.007328780617208014,0.006902021086998222,0.006501304589748097,0.006124933230473625,0.005771330500818364,0.005439031467922725,0.005126673884134375,0.004832990115977542,0.004556799804308093,0.004297003177609754,0.004052574950843282,0.003822558750219071,0.003606062011186767,0.0034022513036246343,0.0032103480425564324,0.0030296245479871087,0.002859400421614755,0.002699039211005165,0.002547945335390142,0.0024055612498565457,0.002271364826820693,0.0021448669363592493,0.0020256092080618987,0.0019131619592110821,0.001807122275645827,0.001707112232564513,0.0016127772439925026,0.0015237845305021251,0.001439821696017484,0.0013605954048985514,0.0012858301515680098,0.0012152671157081227,0.0011486630963618606,0.0010857895190287022,0.0010264315103212726,0.0009703870351121177,0.0009174660917107315,0.0008674899607036719,0.0008202905036060609,0.0007757095078569001,0.0007335980747427834,0.0006938160472702709,0.0006562314751911401,0.0006207201145409392,0.0005871649594047599,0.0005554558035947271,0.0005254888302152379,0.0004971662272911324,0.0004703958276211489,0.00044509077127997433,0.00042116918921585034,0.00039855390661017176,0.00037717216462891407,0.0003569553593760575,0.0003378387969615367,0.00031976146359139444,0.0003026658097348622,0.00028649754745106726,0.00027120546002605203,0.00025674122316553943,0.00024305923697137948,0.000230116468027188,0.00010893615049179179
0.052469712152809045,0.0906299693785595,0.08120696836791486,0.0736230069473156,0.06720763637524674,0.061641052088328374,0.056734193581155834,0.05236168663210661,0.04843415638938675,0.04488463063732684,0.041661059339691664,0.038721850094206034,0.036033034289507326,0.03356637921670047,0.03129808027862846,0.029207825371798446,0.027278107159416365,0.02549370575652632,0.023841291783614937,0.022309116458960887,0.020886765933815277,0.01956496391596585,0.018335411175057437,0.017190653629888863,0.016123972877459758,0.015129294547513661,0.014201110971152342,0.013334415455217574,0.012524646053390598,0.01176763716934029,0.0110595776704627,0.010396974452330204,0.009776620594207253,0.009195567406749622,0.008651099797294975,0.008140714477516353,0.007662100619765855,0.007213122630369495,0.006791804762343395,0.006396317333263346,0.006024964347789902,0.00567617235467445,0.005348480391841576,0.005040530894434819,0.004751061456203215,0.0044788973500914375,0.004222944726416669,0.003982184416309584,0.0037556662777844807,0.0035425040291811316,0.0033418705211349514,0.0031529934044320918,0.002975151155130952,0.002807669423211749,0.0026499176748738043,0.0025013061012239685,0.002361282769410708,0.0022293309946746914,0.0021049669137568824,0.001987737242586579,0.001877217202185505,0.0017730085987066185,0.0016747380449651725,0.0015820553116510719,0.0014946317977746412,0.0014121591106968645,0.0013343477472484155,0.0012609258677774259,0.001191638155956666,0.0011262447578885108,0.001064520294330299,0.0010062529405641951,0.000951243568875524,0.0008993049489408843,0.0008502610019929177,0.0008039461047148651,0.0007602044392953419,0.0007188893864300567,0.0006798629581054091,0.000642995267402616,0.0006081640327315792,0.0005752541140482698,0.0005441570789372907,0.0005147707964137035,0.0004869990565686041,0.00046075121436728664,0.0004359418558971956,0.00041249048560437936,0.0003903212330793656,0.0003693625781565962,0.00034954709305768696,0.0003308112004759183,0.0003130949465941493,0.00029634178802396237,0.00028049839178997515,0.0002655144475093348,0.00025134249097924326,0.00023793773847334207,0.0002252579310314147,0.00021326318811739926,0.0001009579350403785
0.04870103564615902,0.08412051063646575,0.07537438197712731,0.06833518497135915,0.06238063309368669,0.057213895184966335,0.05265949205435483,0.048601055840728935,0.04495563200738051,0.041661059339691664,0.03866902685286888,0.03594092996080844,0.03344524020469819,0.031155752982857554,0.029050373706505095,0.02711024939284956,0.025319130341802665,0.023662889983088464,0.02212915644501945,0.02070702490950166,0.01938682959490967,0.018159960558492116,0.01701871473108385,0.015956173480569547,0.014966101004962373,0.01404285927045601,0.013181336235274232,0.012376884845568231,0.01162527084581813,0.010922627858654,0.010265418507567237,0.009650400598769204,0.009074597564308423,0.008535272517767534,0.008029905389226072,0.007556172698398672,0.0071119296005555666,0.006695193897320595,0.006304131754749059,0.0059370449112507995,0.005592359189261931,0.0052686141527155395,0.004964453774424407,0.004678617997250903,0.004409935087315728,0.004157314691871333,0.003919741526086359,0.0036962696216138874,0.003486017078807871,0.003288161271300216,0.0031019344576037056,0.002926619760160662,0.002761547475993692,0.002606091687642892,0.002459667146656623,0.002321726404336699,0.0021917571675130892,0.0020692798593652875,0.001953845367136685,0.0018450329608908633,0.0017424483684003941,0.001645721993097829,0.001554507263354911,0.0014684791021277177,0.001387332507269825,0.0013107812335582322,0.00123855656854642,0.0011704061946707957,0.001106093130956047,0.001045394748322142,0.000988101852759278,0.0009340178312882523,0.0008829578560319122,0.0008347481420367224,0.0007892252550080504,0.0007462354652030614,0.0007056341441680873,0.0006672852013381112,0.0006310605575604641,0.0005968396529798855,0.0005645089868802824,0.0005339616872125936,0.0005050971078426562,0.0004778204515272968,0.0004520424168778219,0.0004276788677413067,0.00040465052341907837,0.0003828826683662254,0.00036230488003628856,0.00034285077372413295,0.000324457763228452,0.00030706683631046786,0.00029062234401349384,0.0002750718029037938,0.00026036570941967777,0.00024645736553981397,0.00023330271504024263,0.0002208601896910743,0.0002090905647287502,0.00019795682302376112,9.371201370971731e-5
0.045264829854490984,0.07818530599894791,0.07005633253629062,0.06351383843643466,0.05797945010201122,0.05317728286600709,0.04894424059068436,0.04517216715600425,0.04178396188440714,0.038721850094206034,0.03594092996080844,0.033405321103712526,0.031085719925885824,0.028957770996446253,0.027000938864135127,0.025197700931599232,0.023532954176947674,0.021993568884058623,0.020568046210663993,0.01924625084178766,0.018019199063274594,0.01687888849204655,0.015818159622975225,0.014830582032435424,0.013910359941575356,0.013052253157018856,0.012251510359813783,0.011503812406267994,0.010805223821266835,0.010152151048021918,0.009541306314274134,0.008969676200629245,0.008434494169442308,0.007933216451348563,0.007463500793760736,0.0070231876613705,0.006610283549045776,0.0062229461209458575,0.005859470936438141,0.0055182795607224555,0.005197908887201105,0.004897001524790667,0.004614297123877509,0.0043486245329878714,0.004098894691603197,0.0038640941779137378,0.0036432793411018682,0.003435570955764744,0.0032401493444441237,0.003056249920594341,0.0028831591098533033,0.0027202106128292325,0.0025667819760891095,0.0024222914422432074,0.0022861950533495934,0.002157983984125117,0.002037182084306109,0.0019233436115862201,0.0018160511382588757,0.0017149136168318757,0.001619564590756399,0.0015296605381233466,0.0014448793374202754,0.0013649188451604552,0.0012894955763709248,0.00121834347961558,0.0011512127992246365,0.0010878690176909858,0.0010280918720485185,0.000971674438658511,0.000918422281074905,0.0008681526562645502,0.000820693774838125,0.0007758841112382123,0.0007335717603192092,0.0006936138368276827,0.0006558759147041252,0.0006202315034339028,0.0005865615587171292,0.0005547540250752207,0.0005247034081592578,0.0004963103746498023,0.0004694813779207354,0.0004441283076159503,0.00042016816152089416,0.0003975227382701056,0.00037611834942170505,0.0003558855496383238,0.00033675888373295177,0.00031867664951356397,0.00030158067533120596,0.0002854161113802949,0.0002701312338817636,0.00025567726127587696,0.0002420081816688945,0.0002290805908003778,0.00021685353985206185,0.000205288392495135,0.00019434869055863545,0.00018400002777980203,8.71049655744964e-5
0.042121377916458536,0.07275575565356718,0.06519135426056022,0.05910324313498849,0.05395321996532054,0.04948456181172134,0.04554550047968309,0.042035391900903885,0.03888249047329506,0.036033034289507326,0.03344524020469819,0.031085719925885824,0.028927205146946355,0.02694703204816129,0.025126091468832934,0.023448077841215664,0.02189893711881452,0.020466451502825944,0.01913992079421961,0.017909913616054818,0.016768070206632457,0.015706943976062093,0.014719872669591183,0.013800872475053572,0.012944550145382927,0.012146029430497668,0.01140088899976821,0.010705109680981206,0.010055029322763587,0.00944730394415949,0.00887887411056082,0.008346935685175833,0.007848914265959656,0.0073824427469792175,0.00694534154296203,0.006535601095539911,0.006151366345168038,0.005790922902418477,0.005452684695860591,0.005135182908471411,0.004837056041627735,0.004557040970071938,0.004293964870326475,0.0040467379221239,0.0038143466948517557,0.0035958481434457262,0.003390364148213032,0.0031970765405291146,0.003015222564128041,0.0028440907276292837,0.002683017009091411,0.002531381378361633,0.002388604606220056,0.002254145333235258,0.0021274973743453246,0.0020081872372837845,0.0018957718356287859,0.0017898363791926108,0.0016899924260512025,0.0015958760825042911,0.0015071463380711171,0.001423483524218172,0.0013445878866698673,0.0012701782618213843,0.0011999908488663988,0.0011337780698941861,0.0010713075111360958,0.001012360938811161,0.0009567333838153697,0.0009042322900678669,0.0008546767215549672,0.0008078966236763144,0.0007637321348505175,0.0007220329446083508,0.0006826576948557386,0.0006454734210577656,0.0006103550304783576,0.0005771848148961554,0.0005458519952557597,0.0005162522960377308,0.0004882875472675165,0.0004618653121996972,0.00043689853897691845,0.0004133052345409848,0.00039100815929041417,0.00036993454112701097,0.00035001580752435247,0.0003311873344453188,0.00031338821095325785,0.0002965610185247996,0.00028065162404500126,0.00026560898559967964,0.0002513849702559254,0.00023793418301825114,0.00022521380625710203,0.0002131834489273645,0.00020180500494503591,0.00019104252016071029,0.00018086206735553863,0.00017123162875787258,8.106049281355709e-5
0.03923766957060815,0.06777484355419428,0.06072836046860952,0.05505708443243029,0.05025966470113685,0.04609695655474744,0.04242758361078469,0.03915779306328526,0.036220751846925636,0.03356637921670047,0.031155752982857554,0.028957770996446253,0.02694703204816129,0.025102424136864254,0.023406146525790983,0.021843010103403282,0.020399923113122775,0.019065504314400405,0.01782978615329678,0.016683983019150084,0.015620307540925138,0.014631822992770382,0.013712323279097716,0.012856234292751623,0.012058532054709387,0.011314674183358353,0.010620542067568517,0.009972391718337137,0.00936681172189735,0.008800687049480976,0.008271167735573265,0.007775641632100677,0.007311710595726134,0.006877169585640969,0.006469988242183838,0.0060882945909207925,0.005730360577805252,0.005394589187351112,0.005079502936285937,0.004783733567505638,0.004506012794401049,0.00424516396830385,0.004000094559573356,0.003769789358768122,0.003553304315927791,0.0033497609475721113,0.0031583412503861513,0.0029782830675094338,0.0028088758605928354,0.002649456846302585,0.002499407460747387,0.0023581501199407134,0.002225145247420769,0.002099888543798535,0.0019819084758907063,0.0018707639650552207,0.0017660422568238493,0.0016673569557323353,0.001574346210722763,0.0014866710383476603,0.0014040137717636486,0.0013260766249849412,0.001252580362942849,0.0011832630685194578,0.0011178789987425948,0.001056197522926839,0.0009980021364077163,0.0009430895437672476,0.0008912688061894075,0.0008423605481140475,0.0007961962185696857,0.0007526174030903585,0.0007114751824508839,0.0006726295347066948,0.0006359487774477528,0.0006013090472402113,0.0005685938135866157,0.0005376934250018589,0.0005085046848379796,0.00048093045479296985,0.0004548792841662635,0.0004302650630315357,0.0004070066977428857,0.0003850278071695903,0.0003642564382569796,0.00034462479964883757,0.00032606901209789735,0.00030852887457179234,0.00029194764497823475,0.00027627183458532687,0.00026145101518744267,0.00024743763819220013,0.00023418686487488693,0.000221656407043384,0.00020980637745853827,0.00019859914937428013,0.00018799922460892727,0.00017797310962479156,0.00016848919908100946,0.00015951766639221883,7.551518043530836e-5
0.0365858720475295,0.06319449631615282,0.05662427714099172,0.05133631187858834,0.04686313737848535,0.04298177332413666,0.03956039933108291,0.03651159959100525,0.033773058459732774,0.03129808027862846,0.029050373706505095,0.027000938864135127,0.025126091468832934,0.023406146525790983,0.021824506486267936,0.02036700889907217,0.019021446901348882,0.017777208527268495,0.016624999942230656,0.015556629363802033,0.014564835775191132,0.013643151307202117,0.012785789335526876,0.011987552506452198,0.011243756409779954,0.010550165680334955,0.009902940079761752,0.0092985886702798,0.008733930609889473,0.008206061408359777,0.007712323722629283,0.007250281952632304,0.006817700038176472,0.006412521969584806,0.006032854611476499,0.005676952508340688,0.005343204397419837,0.005030121197604806,0.004736325280835077,0.004460540862668186,0.0042015853722212615,0.003958361682835615,0.00372985110138431,0.0035151070289912156,0.00331324921672857,0.0031234585506568074,0.0029449723093021435,0.0027770798431448265,0.0026191186324477714,0.002470470684898092,0.002330559239006269,0.0021988457435304573,0.002074827086000458,0.001958033046817076,0.0018480239580938862,0.001744388548237101,0.0016467419555679375,0.0015547238959765786,0.0014679969709706989,0.0013862451042115191,0.001309172095336899,0.0012365002812537822,0.0011679692960849704,0.0011033349215354704,0.0010423680203936227,0.0009848535464393876,0.0009305896248365392,0.0008793866973191358,0.0008310667271734067,0.000785462459510073,0.0007424167325198391,0.0007017818358939967,0.0006634189128989533,0.0006271974028284888,0.0005929945209520501,0.0005606947731373046,0.0005301895026582348,0.0005013764669483112,0.00047415944209186836,0.0004484478531284232,0.00042415642836347855,0.0004012048759802385,0.0003795175814751608,0.0003590233244212303,0.000339655013251082,0.0003213494368810438,0.0003040470319885845,0.00028769166492447797,0.0002722304272561489,0.0002576134440805825,0.00024379369422142597,0.00023072684154148374,0.0002183710766679517,0.00020668696842460112,0.0001956373243600677,0.000185187059779603,0.00017530307473143407,0.0001659541384602197,0.0001571107808286923,0.00014874519027167606,7.04155589442946e-5
0.03414223611636835,0.05897369371874661,0.05284234992223413,0.04790760435559993,0.04373322104045574,0.04011111504118292,0.036918271756006704,0.0340731148737794,0.03151749152106298,0.029207825371798446,0.02711024939284956,0.025197700931599232,0.023448077841215664,0.021843010103403282,0.02036700889907217,0.019006857837782887,0.017751165480579034,0.01659002874350668,0.015514774620292049,0.014517758537780534,0.013592204511697015,0.012732076721768903,0.011931975084357976,0.0111870494222496,0.010492928236391058,0.009845659075961966,0.009241658222029464,0.008677667922600829,0.008150719806798962,0.0076581033950268995,0.0071973388453015485,0.0067661532461351925,0.006362459896629591,0.005984340119048803,0.005630027230006759,0.0052978923610582235,0.004986431872547548,0.004694256144866654,0.004420079566543875,0.004162711566738003,0.003921048561680324,0.003694066704340318,0.0034808153420555488,0.0032804111007207343,0.003092032524208921,0.002914915207774142,0.0027483473723310115,0.0025916658325542477,0.0024442523180442446,0.0023055301116052876,0.002174960972856105,0.002052042319426628,0.0019363046406138396,0.0018273091215442738,0.001724645458401869,0.0016279298469860717,0.0015368031290203428,0.0014509290822026753,0.0013699928412722051,0.0012936994389801289,0.0012217724565129623,0.0011539527742060428,0.0010899974143211803,0.001029678468203933,0.0009727821010221092,0.0009191076278076381,0.0008684666552739202,0.0008206822840992091,0.0007755883670112866,0.0007330288184690826,0.0006928569719219374,0.0006549349810834049,0.0006191332619429821,0.0005853299724584461,0.0005534105272395166,0.0005232671445897404,0.0004947984235839035,0.00046790894909038393,0.0004425089226788425,0.0004185138176166659,0.00039584405626837474,0.00037442470830630504,0.0003541852083542652,0.0003350590916678291,0.00031698374663094095,0.0002999001829685046,0.00028375281456684016,0.00026848925595136883,0.0002540601314849995,0.00024041889648314038,0.00022752166941916556,0.00021532707450283052,0.0002037960939759451,0.0001928919294666518,0.00018257987183227303,0.00017282717893767367,0.00016360296085692538,0.000154878072043355,0.0001466250100023653,0.00013881782006033936,6.571600293102798e-5
0.03188629197251913,0.055077079827269504,0.04935089968030104,0.044742241882789746,0.040843698840430376,0.037460936775539744,0.0344790704321668,0.03182191442158566,0.02943515886808179,0.027278107159416365,0.025319130341802665,0.023532954176947674,0.02189893711881452,0.020399923113122775,0.019021446901348882,0.017751165480579034,0.016578440197759448,0.015494022397135487,0.014489812211159137,0.013558670241602289,0.012694268278628074,0.01189096936288439,0.011143730259232432,0.010448021298642696,0.009799759857069323,0.009195254666179847,0.008631158822180823,0.00810442984700413,0.007612295520267792,0.007152224470455548,0.006721900722316265,0.0063192015564357,0.005942178158610201,0.005589038634337712,0.005258133039270543,0.004947940136852888,0.004657055643924032,0.004384181762703693,0.0041281178305153515,0.0038877519448937414,0.0036620534422419915,0.0034500661266304716,0.0032509021597735277,0.0030637365361591284,0.002887802076717287,0.002722384883825063,0.002566820208053107,0.00242048868270614,0.0022828128880969106,0.0021532542119765408,0.0020313099764406803,0.0019165108053995142,0.001808418209144555,0.001706622365510932,0.0016107400794784649,0.0015204129046484834,0.0014353054120462873,0.001355103593166436,0.0012795133853760465,0.001208259309298746,0.0011410832084177876,0.0010777430823419067,0.0010180120060515468,0.0009616771279483821,0.0009085387403595067,0.0008584094166329131,0.0008111132096618491,0.0007664849068795658,0.0007243693373677716,0.0006846207271524844,0.0006471020989334691,0.0006116847129197193,0.000578247545710826,0.0005466768043689788,0.000516865473170083,0.0004887128905748227,0.0004621243542505312,0.00043701075219136284,0.00041328821801338116,0.0003908778087465623,0.0003697052035494504,0.00034970042185989564,0.0003307975596946646,0.0003129345427938619,0.0002960528954704979,0.0002800975241375441,0.0002650165144776435,0.0002507609413676011,0.00023728469068304628,0.00022454429223233135,0.00021249876304805376,0.00020110946036614417,0.00019033994368014822,0.00018015584525555607,0.0001705247485718456,0.00016141607417568832,0.00015280097246699,0.0001446522229928823,0.000136944139814835,0.00012965248256907288,6.137718643849707e-5
0.029800244376031237,0.05147391826478587,0.04612238642581268,0.04181525697695254,0.03817177936827465,0.03501033524995156,0.03222355641339403,0.02974024235051853,0.02750963673056417,0.02549370575652632,0.023662889983088464,0.021993568884058623,0.020466451502825944,0.019065504314400405,0.017777208527268495,0.01659002874350668,0.015494022397135487,0.014480545970067038,0.01354202956566447,0.012671800911838171,0.011863945847798568,0.011113196233879297,0.010414838806571847,0.009764640265302521,0.009158785103899947,0.008593823565173131,0.008066627724453657,0.0075743541640505285,0.007114412040888501,0.006684435601958777,0.006282260397127842,0.005905902587396178,0.005553540860416303,0.005223500556373703,0.004914239677920984,0.004624336514282942,0.004352478655966857,0.004097453211683644,0.0038581380698713003,0.003633494071780624,0.003422557982261168,0.0032244361616050043,0.0030382988553066467,0.0028633750306875858,0.002698947698130505,0.0025443496634642015,0.0023989596651485534,0.002262198855188087,0.002133527588203961,0.0020124424872842786,0.0018984737588741488,0.001791182732489155,0.001690159603320654,0.0015950213585730066,0.0015054098705641547,0.0014209901411101657,0.0013414486835958417,0.001266492030504409,0.0011958453552994124,0.0011292511989601274,0.0010664682920480256,0.001007270464307597,0.0009514456346217913,0.0008987948746147223,0.0008491315399683473,0.0008022804639734073,0.0007580772084900388,0.0007163673676839205,0.0006770059204664509,0.0006398566279694675,0.0006047914725463687,0.0005716901351897532,0.0005404395085057585,0.0005109332425765212,0.00048307132136375143,0.00045675966735492235,0.0004319097724251441,0.0004084383530897299,0.0003862670283500246,0.00036532201856430413,0.0003455338638724305,0.00032683716078497644,0.0003091703157338437,0.00029247531436564413,0.00027669750551270744,0.0002617853988813269,0.0002476904754901161,0.00023436701002867936,0.00022177190431922622,0.00020986453117930858,0.0001986065879645716,0.0001879619591652979,0.00017789658748441038,0.00016837835282208086,0.00015937695866940571,0.0001508638254283886,0.0001428119902112399,0.0001351960127218524,0.00012799188681311387,0.00012117695736505981,5.736492108152774e-5
