0.06134155474873748,0.1081142047585204,0.09830026217680743,0.09028930527749268,0.08342980089735641,0.07741055515033635,0.07204777011430252,0.06721961448983427,0.06283923973948458,0.05884154246489337,0.05517588610940982,0.051801760455489454,0.04868602913227116,0.045801097865879825,0.043123647022734635,0.040633725937046616,0.038314088027106896,0.036149691300274234,0.034127315571048866,0.03223526399073451,0.030463126740406965,0.028801591397992654,0.027242288911070056,0.025777667129233794,0.024400885949476314,0.023105729605783887,0.02188653270851082,0.020738117417131052,0.01965573971241047,0.018635043162428477,0.017672018910541876,0.016762970866907367,0.01590448527705196,0.01509340399755954,0.014326800928353312,0.013601961146569141,0.01291636236665411,0.012267658409227417,0.011653664414353199,0.011072343576836369,0.010521795212289298,0.01000024399265248,0.009506030212076355,0.009037600965234927,0.008593502133674324,0.008172371091331093,0.0077729300526191425,0.00739397999434438,0.0070343950926133325,0.006693117622678824,0.006369153275593953,0.006061566851954178,0.00576947829596304,0.005492059038208819,0.005228528619388509,0.004978151569023773,0.004740234516815572,0.004514123516441454,0.004299201563244814,0.004094886290118879,0.0039006278261195237,0.003715906804638791,0.0035402325094600062,0.0033731411473307826,0.00321419423730894,0.0030629771076696385,0.0029190974925878688,0.0027821842206091976,0.0026518859881663123,0.0025278702121898297,0.0024098219557545653,0.0022974429216107914,0.0021904505088134393,0.0020885769278802396,0.0019915683706831708,0.0018991842310109586,0.0018111963723937419,0.0017273884402279616,0.0016475552149835745,0.0015715020038830907,0.0014990440685357098,0.0014300060860729484,0.0013642216418459883,0.0013015327514412228,0.0012417894101868915,0.0011848491685775772,0.001130576731813715,0.0010788435820659886,0.0010295276219676602,0.000982512838189696,0.0009376889837217975,0.0008949512777650069,0.0008542001222732534,0.0008153408340383084,0.0007782833914602525,0.0007429421951151618,0.0007092358412923352,0.000677086907828358,0.000646421751428785,0.000617170315833299,0.00029463297513858573
0.1081142047585204,0.19055114004215445,0.17325431514680245,0.1591351879657057,0.14704545558830917,0.13643665028387986,0.1269848350304299,0.11847528669364671,0.11075493795909797,0.10370904650917989,0.09724836729267117,0.09130150254958025,0.08581005064550751,0.08072537768114407,0.07600638364735479,0.07161790621149988,0.0675295488850629,0.06371480068269664,0.06015036148372266,0.05681561598964224,0.05369221724212614,0.05076375240237074,0.048015471284169164,0.045434063459675045,0.04300747345726741,0.04072474617544142,0.03857589653014304,0.036551798724250184,0.03464409155442638,0.03284509692558768,0.031147749331295382,0.02954553450521613,0.028032435786950027,0.026602887021506594,0.025251731022149726,0.02397418279468605,0.022765796861635546,0.021622438126758403,0.020540255814038066,0.019515660089167552,0.018545301026463734,0.017626049636895846,0.016754980712082812,0.015929357276413092,0.015146616463293294,0.014404356658903328,0.013700325778450484,0.013032410553772689,0.012398626728596707,0.011797110069702216,0.011226108112695282,0.010683972572382128,0.010169152352950711,0.009680187102240695,0.009215701261173409,0.008774398562593627,0.008355056940127614,0.007956523811462946,0.007577711703355028,0.007217594190694621,0.006875202122378243,0.006549620110773785,0.006239983264196933,0.005945474142369955,0.005665319917689107,0.005398789726063738,0.00514519219360636,0.00490387312509552,0.004674213342329203,0.004455626661878778,0.0042475580015653575,0.004049481606581029,0.0038608993868181896,0.003681339357353569,0.0035103541753988277,0.0033475197665561174,0.0031924340343724433,0.003044715647971416,0.002904002902091335,0.0027699526449288733,0.002642239269352191,0.0025205537631597386,0.0024046028149656423,0.0022941079717574905,0.0021888048449063904,0.002088442361856749,0.001992782060318013,0.001901597422508422,0.00181467324681258,0.0017318050548343483,0.001652798531418656,0.0015774689957132257,0.0015056409015735753,0.0014371473653632255,0.0013718297196366365,0.0013095370911396335,0.0012501260016681871,0.0011934599906004775,0.0011394092576754583,0.0010878503248829587,0.0005193328582504785
0.09830026217680743,0.17325431514680245,0.15752772367308454,0.1446903410194924,0.13369811417128075,0.12405236855019908,0.11545857607588506,0.10772150747388132,0.10070199180473294,0.09429570375029006,0.08842150046061592,0.08301446608917429,0.07802150104517147,0.07339838669593801,0.06910775432415162,0.06511763382833746,0.061400388276789064,0.057931913489553066,0.054691024647947284,0.0516589780096286,0.04881909223756031,0.04615644452214007,0.04365762375986759,0.04131052789496081,0.039104195894830385,0.03702866719836462,0.03507486319759179,0.03323448656005734,0.03149993513258886,0.029864227853601655,0.028320940635764735,0.026864150587119773,0.02548838724620539,0.0241885897576542,0.022960069106080616,0.02179847467912993,0.020699764558193445,0.019660179028060165,0.018676216881901575,0.017744614165223327,0.01686232505230767,0.016026504596647007,0.015234493132478877,0.014483802138446189,0.013772101396090919,0.013097207300782454,0.01245707220232703,0.011849774665107643,0.011273510553475835,0.010726584858974764,0.01020740419547822,0.009714469898592093,0.009246371670409148,0.008801781718955237,0.008379449347841433,0.007978195954526562,0.007596910401372392,0.0072345447271272845,0.0068901101691121736,0.006562673470955099,0.006251353451090708,0.005955317810923524,0.005673780163940087,0.00540599726755997,0.005151266442110072,0.004908923162160614,0.004678338807747123,0.004458918562678452,0.004250099449127354,0.004051348488966128,0.00386216098213836,0.0036820588938138166,0.0035105893426550655,0.0033473231828742706,0.0031918536739983377,0.0030437952318320832,0.0029027822551576446,0.0027684680234231554,0.002640523660264453,0.0025186371586767148,0.002402512463802721,0.0022918686094063195,0.0021864389049226912,0.00208597016948988,0.001990222010034161,0.0018989661408880879,0.0018119857420522134,0.0017290748538728098,0.001650037805736776,0.0015746886769490154,0.001502850787585358,0.0014343562175679024,0.0013690453524197038,0.001306766453927792,0.0012473752543392877,0.001190734572667447,0.0011367139517811306,0.001085189315199915,0.001036042642297945,0.0009891616608842975,0.0004722197781415749
0.09028930527749268,0.1591351879657057,0.1446903410194924,0.13289921720105857,0.12280285981913552,0.1139432390824191,0.10604983262287515,0.09894332346842472,0.09249588390866892,0.08661169173595473,0.08121621770488918,0.07624983697728482,0.0716637778756064,0.06741742582900989,0.06347645787236589,0.059811509636197524,0.056397196740789246,0.053211379617048804,0.05023460011107894,0.047449642182406104,0.04484118409699178,0.04239551931731744,0.040100329798558376,0.037944499848156954,0.03591796179638573,0.0340115669005141,0.032216976486495796,0.03052656947723842,0.02893336331378693,0.02743094590627182,0.026013416742569073,0.024675335655773456,0.023411678033989414,0.022217795486407232,0.02108938115538206,0.020022439004820425,0.019013256532400935,0.018058380438365496,0.017154594861806094,0.016298901857122683,0.015488503829160338,0.014720787689594894,0.013993310529840153,0.013303786636909676,0.012650075698571794,0.01203017206700907,0.01144219496823029,0.010884379556066942,0.01035506872415548,0.00985270559928711,0.009375826648234109,0.008923055339585845,0.008493096306488118,0.008084729963753784,0.00769680753848348,0.007328246475992395,0.006978026188144831,0.006645184114369457,0.006328812068053108,0.006028052845208243,0.005742097072652122,0.005470180276314962,0.005211580152488654,0.004965614025289514,0.004731636475992854,0.004509037130680585,0.004297238594743319,0.004095694522479848,0.0039038878118718007,0.003721328915772565,0.003547554260593555,0.003382124764906874,0.0032246244509191307,0.003074659142090465,0.0029318552413138965,0.0027958585836742253,0.002666333358770555,0.002542961098242244,0.0024254397237620795,0.0023134826516548537,0.0022068179504364377,0.0021051875476627777,0.002008346483233253,0.0019160622058465304,0.0018281139099194724,0.0017442919106539015,0.0016643970545974357,0.0015882401636523047,0.001515641510329107,0.0014464303225598593,0.0013804443160437795,0.0013175292525152218,0.0012575385225166436,0.0012003327510498422,0.0011457794248423518,0.0010937525399218606,0.001044132268280127,0.0009968046426366596,0.00095166125811081,0.0009085989898541882,0.0004337598629191204
0.08342980089735641,0.14704545558830917,0.13369811417128075,0.12280285981913552,0.11347360005042217,0.10528710740744707,0.09799341455096378,0.09142682950852077,0.08546923727414768,0.08003209647699983,0.07504654080840423,0.07045747588654927,0.06621983583480429,0.06229609208149589,0.058654529605028705,0.05526801520981084,0.05211309327775271,0.049169306450272066,0.04641867504140018,0.04384529111554969,0.04143499710802645,0.039175127922804864,0.03705430145442101,0.03506224659113244,0.033189660611966376,0.03142808990004553,0.029769829355716926,0.02820783695116047,0.026735660660268334,0.02534737558021094,0.024037529514879585,0.022801095635198054,0.021633431092240807,0.020530240672046784,0.01948754474341674,0.018501650879882037,0.017569128645350984,0.016686787111674817,0.01585165474861966,0.015060961383792704,0.0143121219724206,0.013602721957584551,0.012930504031751722,0.012293356139211536,0.01168930057744319,0.011116484076553024,0.010573168752606582,0.010057723841366745,0.009568618132424794,0.009104413032924946,0.008663756198150602,0.008245375674949179,0.007848074507999347,0.007470725765923725,0.00711226794949274,0.006771700746616538,0.006448081103727327,0.006140519586083817,0.005848177001769886,0.005570261268038765,0.005306024498969497,0.0050547602965265725,0.0048158012291397295,0.004588516482348828,0.004372309668261104,0.004166616781292459,0.003970904289604324,0.0037846673513737827,0.0036074281467265296,0.003438734317239789,0.003278157504773657,0.0031252919826279327,0.002979753372512703,0.0028411774411192456,0.002709218971129898,0.0025835507011408437,0.0024638623298630577,0.002349859580572322,0.0022412633214321936,0.00213780873813995,0.0020392445554720806,0.0019453323043930049,0.0018558456320888136,0.0017705696518745054,0.0016893003304900636,0.0016118439106459215,0.001538016366365573,0.0014676428892350865,0.0014005574035232567,0.00133660210861547,0.0012756270468883106,0.0012174896955367276,0.0011620545810445623,0.0011091929147949708,0.0010587822486538,0.0010107061493181031,0.0009648538903036935,0.0009211201606573738,0.0008794047892929265,0.0008396124840748184,0.00040082629245285356
0.07741055515033635,0.13643665028387986,0.12405236855019908,0.1139432390824191,0.10528710740744707,0.09769128495832158,0.09092384133997711,0.08483104045468903,0.07930329015002768,0.07425843795605269,0.06963258676521322,0.06537461765066022,0.06144271655948108,0.057802062870687676,0.0544232300218741,0.051281042663122056,0.04835373765675144,0.04562233377721259,0.04307014868846948,0.04068242231214936,0.03844601863805519,0.03634918643158147,0.03438136487108845,0.03253302396198532,0.03079553222370912,0.029161046010534597,0.027622416182852105,0.026173108827346914,0.024807137459480377,0.02351900468224416,0.022303651696199966,0.021156414375736232,0.020072984868586552,0.01904937787324612,0.018081900899596215,0.017167127938579496,0.01630187606726563,0.015483184588707843,0.01470829637301424,0.013974641119010311,0.013279820295156286,0.01262159355615694,0.01199786645975151,0.011406679334867609,0.010846197169407545,0.010314700405530008,0.00981057654576556,0.009332312483227106,0.008878487481672498,0.008447766739730411,0.008038895481084302,0.007650693520488999,0.007282050259231537,0.0069319200701424555,0.006599318037126517,0.006283316016458651,0.005983038991639197,0.005697661696323908,0.005426405481919985,0.005168535410040712,0.004923357550302668,0.00469021646684907,0.004468492878862321,0.004257601480725723,0.004056988909537859,0.003866131848355922,0.0036845352553428606,0.003511730708740099,0.0033472748591575896,0.003190747981671349,0.003041752620082834,0.0028999123168411967,0.0027648704225879048,0.0026362889795575745,0.0025138476740467694,0.0023972428528231463,0.00228618659917465,0.0021804058648606656,0.002079641653904396,0.0019836482549328086,0.0018921925188880306,0.0018050531790141516,0.0017220202106717555,0.0016428942281490819,0.0015674859161642005,0.0014956154940730798,0.0014271122105085528,0.001361813866695899,0.001299566366556211,0.0012402232921525681,0.0011836455027412797,0.0011297007560475691,0.0010782633505507372,0.0010292137873840583,0.0009824384507664402,0.00093782930584526,0.0008952836129057125,0.000854703657097975,0.0008159964926609219,0.0007790737008295592,0.00037192558036786873
0.07204777011430252,0.1269848350304299,0.11545857607588506,0.10604983262287515,0.09799341455096378,0.09092384133997711,0.08462525226821249,0.0789545630974664,0.07380977494971908,0.06911442742493223,0.06480905063100417,0.060846067497394296,0.057186561122114066,0.053798123481875626,0.0506533668741076,0.047728860254995786,0.045004348370915825,0.042462165129865226,0.0400867840460194,0.03786446770357954,0.03578299022796427,0.03383141457312622,0.031999911625766875,0.030279611676689466,0.02866248127539317,0.02714122021954768,0.025709174692778336,0.024360263477939514,0.02308891485711473,0.02189001231269022,0.020758847535718827,0.019691079545543555,0.01868269894999275,0.017729996559350203,0.016829535707548582,0.01597812774620655,0.015172810270672799,0.014410827705227447,0.013689613936983869,0.013006776737306325,0.01236008374613079,0.011747449829731943,0.011166925648581238,0.010616687296795213,0.010095026890566516,0.009600344001213207,0.009131137842879666,0.008686000134161764,0.008263608564557573,0.007862720804605206,0.007482169005536721,0.00712085474179508,0.0067777443532396064,0.006451864649911571,0.006142298946754818,0.00584818339780703,0.0055687036036109056,0.005303091468125173,0.005050622283349626,0.0048106120232288,0.00458241482867075,0.004365420668215228,0.004159053160636153,0.003962767546131479,0.0037760487946564003,0.003598409840580491,0.0034293899345261003,0.00326855310300668,0.0031154867079466533,0.0029698000990939707,0.002831123352208434,0.0026991060869779315,0.002573416359040237,0.0024537396207439735,0.0023397777461918526,0.0022312481157943306,0.002127882756331162,0.0020294275330414863,0.0019356413899636465,0.001846295635458739,0.0017611732699621407,0.0016800683530814112,0.0016027854077625137,0.001529138858889452,0.0014589525041711557,0.0013920590154685789,0.0013282994684441912,0.0012675228989012521,0.0012095858840550262,0.001154352147390885,0.001101692185492168,0.0010514829155526609,0.0010036073424430185,0.0009579542440328707,0.0009144178737609289,0.0008728976794099494,0.0008332980371142384,0.0007955279998100341,0.0007595010591779881,0.0007251349203214012,0.00034617564426879435
0.06721961448983427,0.11847528669364671,0.10772150747388132,0.09894332346842472,0.09142682950852077,0.08483104045468903,0.0789545630974664,0.07366390305773551,0.06886389767520895,0.06448321111499777,0.06046635930297328,0.056768953898675756,0.0533546863026626,0.050193320551487064,0.047259304526669266,0.04453077758213153,0.04198884201151554,0.03961701573705689,0.03740081288458963,0.03532741674132256,0.03338542082781115,0.031564621112135094,0.029855847238292488,0.028250823952395754,0.026742056210853127,0.025322733073935177,0.02398664666534156,0.022728123330899797,0.021541964767734123,0.020423397364631668,0.01936802835994056,0.018371807701134724,0.017430994700407987,0.016542128752241314,0.015702003509722506,0.014907644021053656,0.014156286414958252,0.0134453597871248,0.012772469998041769,0.012135385138540705,0.011532022453492052,0.010960436546893909,0.010418808715945749,0.009905437284892182,0.0094187288242438,0.008957190158007083,0.008519421074986627,0.008104107668842397,0.007710016242434503,0.007335987719416459,0.006980932512533455,0.006643825805102838,0.006323703205393855,0.006019656739267493,0.005730831150656521,0.005456420481444929,0.00519566490625456,0.004947847800009744,0.00471229301795352,0.004488362370916016,0.004275453278888855,0.004072996588476152,0.0038804545414267977,0.003697318881795253,0.0035231090910535223,0.0033573707410613635,0.0031996739563631277,0.003049611977059892,0.002906799814868924,0.002770872995849577,0.002641486383156477,0.0025183130741769297,0.002401043366807111,0.0022893837898606273,0.002183056193450786,0.002081796894895162,0.001985355876407413,0.001893496031331085,0.00180599245538908,0.0017226317800887597,0.0016432115455248184,0.00156753960989163,0.0014954335935795128,0.001426720355396597,0.0013612354989143254,0.0012988229072127926,0.001239334304050519,0.0011826288399351993,0.0011285727014555234,0.0010770387426190832,0.0010279061366877153,0.0009810600473111608,0.0009363913179042081,0.0008937961780561554,0.0008531759660322658,0.0008144368663940346,0.0007774896618312991,0.0007422494984692142,0.0007086356637631547,0.000676571376275862,0.00032299179336865626
0.06283923973948458,0.11075493795909797,0.10070199180473294,0.09249588390866892,0.08546923727414768,0.07930329015002768,0.07380977494971908,0.06886389767520895,0.06437669781145994,0.06028148877538464,0.056526402618562344,0.05306994396989295,0.049878170607633776,0.046922817165782615,0.04417999685641871,0.041629273774294706,0.03925298184577686,0.03703571318838039,0.03496392602156195,0.03302563893930477,0.031210188857608956,0.029508036771027646,0.027910609980691614,0.026410172552015165,0.02499971791092165,0.023672879001130853,0.022423852525520982,0.021247334591553646,0.020138465677343287,0.019092783273761682,0.01810618089974486,0.01717487244765803,0.016295361012112708,0.015464411516014742,0.014679026569943021,0.013936425098783622,0.01323402335113949,0.01256941796632377,0.01194037082816879,0.011344795477850361,0.010780744889829108,0.010246400445668519,0.009740061963257801,0.009260138660642958,0.008805140947530654,0.00837367295344249,0.007964425714053008,0.007576170945303412,0.007207755345025962,0.0068580953687552015,0.006526172432479771,0.006211028501645954,0.0059117620287578165,0.005627524207189982,0.005357515512778133,0.005100982506598295,0.004857214876040045,0.004625542693486251,0.004405333873597914,0.004195991813125688,0.003996953197406006,0.0038076859600536805,0.0036276873838888835,0.0034564823314572612,0.003293621595162749,0.003138680357576598,0.0029912567539482487,0.0028509705287362713,0.0027174617792533676,0.0025903897803294176,0.0024694318837861773,0.002354282487448095,0.002244652068786261,0.0021402662785145604,0.0020408650902512607,0.0019462020020840631,0.001856043286547461,0.0017701672859783066,0.001688363749953431,0.0016104332121353593,0.0015361864039482864,0.0014654437025709809,0.0013980346112598407,0.0013337972697037327,0.001272577992539388,0.0012142308344157242,0.001158617179760471,0.0011056053558250352,0.0010550702674744263,0.0010068930525491647,0.0009609607563887609,0.0009171660243959441,0.0008754068116553042,0.0008355861084744023,0.0007976116809680495,0.0007613958257762614,0.0007268551380677623,0.0006939102921402693,0.0006624858337883708,0.0006325099837793183,0.0003019572259381192
0.05884154246489337,0.10370904650917989,0.09429570375029006,0.08661169173595473,0.08003209647699983,0.07425843795605269,0.06911442742493223,0.06448321111499777,0.06028148877538464,0.05644681686996278,0.05293062763541245,0.04969406591159342,0.046705349104429805,0.04393801027471245,0.0413696824656532,0.03898123003378684,0.03675611093106179,0.034679897618485556,0.03273990992436915,0.030924928769444193,0.02922496951545006,0.02763110008082781,0.026135293207335764,0.024730305160174604,0.023409575158026608,0.022167141246794975,0.02099756936129199,0.019895893065379366,0.018857562019705787,0.017878397637076715,0.016954554705513325,0.016082488002235495,0.015258923105821498,0.014480830763995312,0.013745404289011665,0.013050039544225178,0.012392317161822153,0.011769986687219958,0.011180952396587729,0.01062326057418747,0.010095088066099822,0.009594731955607838,0.009120600226832642,0.008671203303509928,0.008245146362776595,0.007841122338735518,0.007457905542325949,0.007094345831570342,0.00674936327576714,0.006421943263699187,0.00611113201161767,0.0058160324329007695,0.00553580033412894,0.005269640907252654,0.005016805491227225,0.004776588578217805,0.004548325042935952,0.004331387575736867,0.0041251843016854445,0.003929156570534664,0.0037427769027833513,0.0035655470791828014,0.003396996362491106,0.0032366798405756153,0.0030841768815168744,0.0029390896918789627,0.0028010419706786943,0.0026696776513928794,0.0025446597255367395,0.002425669142105548,0.0023124037770678035,0.0022045774679704255,0.002101919109064508,0.0020041718025688923,0.001911092062431917,0.001822449066694265,0.0017380239551838747,0.0016576091697017986,0.0015810078336126743,0.0015080331683360246,0.0014385079443243222,0.0013722639641748288,0.0013091415760143263,0.001248989215005155,0.0011916629712198715,0.0011370261823758707,0.0010849490497005891,0.0010353082755939214,0.000987986721652151,0.0009428730859551322,0.0008998615982958175,0.0008588517323027747,0.0008197479335321327,0.0007824593624688528,0.0007468996516142232,0.0007129866758077297,0.0006806423349892936,0.0006497923487568027,0.0006203660619426444,0.0005922962605914052,0.0002827594989069874
0.05517588610940982,0.09724836729267117,0.08842150046061592,0.08121621770488918,0.07504654080840423,0.06963258676521322,0.06480905063100417,0.06046635930297328,0.056526402618562344,0.05293062763541245,0.04963349264199801,0.04659856337735924,0.043796037483545325,0.041201097060205916,0.03879276873566451,0.03655310912104093,0.034466606825970025,0.0325197332222088,0.030700598177042293,0.028998681615079014,0.027404620988621176,0.025910040725886763,0.024507413702342773,0.023189947498581276,0.021951490096510484,0.020786450994700167,0.01968973468998636,0.018656684172192628,0.01768303260266474,0.016764861732601777,0.015898565917251806,0.015080820810062567,0.014308555993438332,0.013578930943581757,0.012889313834296423,0.012237262770523921,0.011620509114028926,0.011036942615704814,0.010484598116756005,0.009961643618742383,0.009466369550481829,0.00899717908672279,0.008552579393494686,0.00813117369407082,0.007731654061653631,0.007352794858859812,0.006993446755110544,0.006652531260106648,0.006329035720472359,0.006022008732750619,0.00573055593126387,0.005453836115115809,0.005191057681270886,0.0049414753352782365,0.004704387054672868,0.0044791312817083345,0.004265084325318955,0.004061657954146564,0.0038682971639490416,0.0036844781052726705,0.0035097061574782956,0.0033435141372794575,0.0031854606312876343,0.0030351284423452973,0.0028921231408818374,0.0027560717130081236,0.002626621298347377,0.0025034380104185933,0.002386205833508924,0.0022746255906826163,0.0021684139774768435,0.002067302656652663,0.00197103740969589,0.001879377340958048,0.0017920941310247962,0.0017089713356569919,0.0016298037272397606,0.0015543966760751086,0.0014825655686238441,0.0014141352603494993,0.0013489395609003162,0.0012868207494227228,0.0012276291182620018,0.0011712225430317996,0.0011174660774097116,0.0010662315712438274,0.0010173973103487985,0.0009708476767410698,0.0009264728279671543,0.0008841683944948754,0.000843835193929228,0.0008053789610686819,0.000768710092936083,0.0007337434077899323,0.0007003979173443343,0.0006685966113988209,0.0006382662541334645,0.0006093371914644829,0.0005817431687323259,0.000555421158142928,0.00026515559773505806
0.051801760455489454,0.09130150254958025,0.08301446608917429,0.07624983697728482,0.07045747588654927,0.06537461765066022,0.060846067497394296,0.056768953898675756,0.05306994396989295,0.04969406591159342,0.04659856337735924,0.04374923045154844,0.04111808750809587,0.03868183452417451,0.036420780870281666,0.03431808058271024,0.032359170952548366,0.030531350765029663,0.028823457088644533,0.027225613254910574,0.025729029327302144,0.024325841980623375,0.023008984444930602,0.02177207972002504,0.020609352039393014,0.019515552810247694,0.018485898163494385,0.017516015904397775,0.016601900146530624,0.0157398722733037,0.014926547153108705,0.014158803748183457,0.01343375941931546,0.012748747360711021,0.012101296700191083,0.011489114880514073,0.0109100720048875,0.010362186878604907,0.009843614523602467,0.009352634978157526,0.008887643220241548,0.008447140078316151,0.008029724012128286,0.00763408366392912,0.0072589910919660106,0.006903295611215832,0.006565918176677704,0.006245846251184364,0.005942129108056027,0.005653873524639141,0.005380239827784114,0.005120438257720905,0.004873725619292488,0.004639402193851311,0.004416808888378754,0.004205324599909924,0.004004363776390837,0.0038133741569148644,0.0036318346756748915,0.003459253516377478,0.0032951663040601126,0.0031391344231925383,0.0029907434522018148,0.0028496017048248515,0.002715338870061215,0.002587604742947537,0.002466068039579869,0.0023504152896399177,0.00224034980073181,0.002135590689504835,0.0020358719744454426,0.0019409417259906095,0.0018505612699198093,0.0017645044401679438,0.0016825568778547836,0.0016045153731000725,0.0015301872467466046,0.0014593897694901783,0.0013919496156991132,0.0013277023497194097,0.0012664919425403112,0.0012081703167485247,0.0011525969181334778,0.0010996383120488347,0.0010491678029877737,0.0010010650760436356,0.0009552158587336629,0.0009115116020117636,0.0008698491792067456,0.000830130601918791,0.0007922627517116289,0.0007561571266764006,0.0007217296020542892,0.0006889002039845871,0.0006575928956536331,0.0006277353750946714,0.0005992588839395935,0.0005720980265548174,0.0005461905988776855,0.0005214774264096569,0.000248951105452107
0.04868602913227116,0.08581005064550751,0.07802150104517147,0.0716637778756064,0.06621983583480429,0.06144271655948108,0.057186561122114066,0.0533546863026626,0.049878170607633776,0.046705349104429805,0.043796037483545325,0.04111808750809587,0.0386452026829206,0.036355484610279376,0.03423042715923774,0.03225419774094751,0.030413109669809257,0.028695225774223343,0.02709005462876435,0.02558831369448844,0.024181741790867628,0.022862948607402178,0.02162529247121897,0.02046277998537832,0.019369982818814635,0.018341968101551587,0.017374239731435204,0.016462688516057755,0.015603549535765926,0.014793365453605933,0.014028954762844714,0.013307384163903258,0.01262594441479703,0.011982129123446261,0.011373616044972973,0.010798250522901537,0.010254030776388895,0.009739094781546442,0.009251708537076547,0.008790255537739683,0.00835322730388155,0.007939214839001646,0.007546900904984194,0.007175053021407002,0.006822517106079978,0.006488211686294515,0.006171122619994418,0.005870298272318525,0.005584845100825783,0.005313923608092061,0.005056744625073939,0.004812565893716245,0.004580688919631731,0.0043604560697620975,0.004151247892992163,0.003952480643117193,0.003763603986425723,0.0035840988778708116,0.0034134755911085918,0.0032512718899475046,0.0030970513289348828,0.0029504016726308938,0.002810933424302539,0.0026782784550189245,0.0025520887254151733,0.002432035092814748,0.002317806197531566,0.002209107422013648,0.0021056599174776036,0.0020071996933114997,0.0019134767644372816,0.0018242543525462188,0.001739308137408302,0.0016584255546293544,0.0015814051368446824,0.0015080558951245798,0.0014381967378872228,0.00137165592496815,0.0013082705542926745,0.0012478860790797706,0.0011903558535800093,0.0011355407054006,0.0010833085328782223,0.0010335339257189664,0.0009860978074557047,0.0009408870984743203,0.0008977943981780499,0.00085671768518681,0.0008175600343834806,0.0007802293498985497,0.0007446381129401752,0.0007107031436014623,0.0006783453758808372,0.0006474896450383259,0.0006180644866067911,0.000590001946353268,0.0005632374005334565,0.0005377093859056693,0.0005133594388619135,0.0004901319431648531,0.0002339869929283249
0.045801097865879825,0.08072537768114407,0.07339838669593801,0.06741742582900989,0.06229609208149589,0.057802062870687676,0.053798123481875626,0.050193320551487064,0.046922817165782615,0.04393801027471245,0.041201097060205916,0.03868183452417451,0.036355484610279376,0.034201446708780114,0.03220231143577168,0.030343184503217935,0.0286111903503119,0.026995099246020393,0.02548504152390607,0.024072284759820373,0.022749057357615787,0.021508406979401262,0.02034408555720929,0.01925045487921434,0.0182224083111015,0.01725530531639985,0.016344916241664564,0.015487375413236082,0.014679141027128362,0.013916960633408582,0.013197841265529253,0.012519023454342859,0.011877958509766362,0.011272288569965982,0.01069982900706945,0.010158552849724639,0.009646576942281299,0.009162149603591074,0.008703639588079903,0.008269526183069337,0.007858390299569168,0.0074689064361117274,0.007099835411788907,0.006750017780454531,0.0064183678481535,0.006103868227439135,0.00580556487139007,0.005522562536012188,0.005254020627101633,0.0049991493927075276,0.004757206426758087,0.0045274934541965905,0.004309353370182359,0.00410216750975545,0.0039053531272402187,0.003718361066009798,0.0035406736019250595,0.003371802445370109,0.003211286888036624,0.00305869208273786,0.002913607444706659,0.002775645164547147,0.0026444388241212563,0.0025196421068868005,0.0024009275954117934,0.002287985649188702,0.002180523356935825,0.00207826355742341,0.0019809439237907303,0.0018883161069116194,0.001800144933284814,0.0017162076536044318,0.0016362932384368367,0.001560201717592722,0.0014877435603613681,0.0014187390935737725,0.0013530179549503286,0.001290418579521592,0.0012307877167198958,0.0011739799761929896,0.0011198574004608643,0.0010682890625838652,0.0010191506873944225,0.0009723242946169039,0.0009276978625120114,0.0008851650108710647,0.0008446247020143377,0.0008059809587554444,0.0007691425982144992,0.000734022980624938,0.0007005397721062054,0.0006686147205851659,0.0006381734441477643,0.0006091452309954677,0.0005814628503660272,0.0005550623737554713,0.0005298830058232343,0.000505866924478451,0.0004829591295430948,0.00046110729951103803,0.00022013082799735885
0.043123647022734635,0.07600638364735479,0.06910775432415162,0.06347645787236589,0.058654529605028705,0.0544232300218741,0.0506533668741076,0.047259304526669266,0.04417999685641871,0.0413696824656532,0.03879276873566451,0.036420780870281666,0.03423042715923774,0.03220231143577168,0.03032004217818951,0.02856959591095709,0.02693884985710604,0.025417230842879834,0.02399544624033878,0.022665274172773364,0.021419397414816577,0.02025127009985339,0.019155009454712324,0.018125306905983074,0.017157354378108558,0.016246782642129587,0.015389609329122034,0.01458219476925926,0.013821204226827366,0.013103575402640844,0.012426490309831506,0.01178735080719337,0.01118375720912873,0.010613489501302531,0.010074490775046074,0.009564852560686482,0.009082801795963574,0.008626689206386096,0.008194978911719442,0.007786239102288928,0.007399133650668299,0.007032414545365018,0.006684915048735363,0.006355543496237986,0.006043277663645735,0.0057471596397542235,0.0054662911507438045,0.005199829287879251,0.0049469825971924924,0.004707007494558227,0.004479204973740117,0.0042629175794875185,0.004057526619842905,0.0038624495954378,0.0036771378262652615,0.0035010742576830345,0.0033337714299368354,0.0031747695970076456,0.003023634981744558,0.002879958156249446,0.002743352536643061,0.002613452982956274,0.0024899144959383557,0.00237241100279402,0.002260634225000259,0.002154292621727831,0.0020531104033951197,0.0019568266097401837,0.0018651942476718142,0.0017779794847165367,0.0016949608938026384,0.0016159287457613303,0.0015406843461800643,0.0014690394133964196,0.0014008154949652005,0.0013358434197426362,0.0012739627831922264,0.001215021463830089,0.0011588751685479362,0.0011053870049788882,0.0010544270791369888,0.0010058721166059416,0.0009596051059135996,0.0009155149625150426,0.0008734962121002381,0.0008334486921202817,0.0007952772702651163,0.000758891578915467,0.0007242057645168599,0.0006911382510708768,0.0006596115167756371,0.0006295518830464406,0.0006008893152398293,0.0005735572343040871,0.0005474923387530049,0.000522634436338671,0.0004989262848413105,0.00047631344150353416,0.0004547441205400068,0.0004341690582698003,0.00020727069274343018
0.040633725937046616,0.07161790621149988,0.06511763382833746,0.059811509636197524,0.05526801520981084,0.051281042663122056,0.047728860254995786,0.04453077758213153,0.041629273774294706,0.03898123003378684,0.03655310912104093,0.03431808058271024,0.03225419774094751,0.030343184503217935,0.02856959591095709,0.026920218302647347,0.025383628954388504,0.023949865259452363,0.02261017120831421,0.021356799709215668,0.020182856080171008,0.01908217245372701,0.018049205763743248,0.01707895398513032,0.016166886688075144,0.01530888694702065,0.014501202356222598,0.013740403419020608,0.013023347963708298,0.01234715052262192,0.011709155832050122,0.011106915778482523,0.01053816924379089,0.010000824405644593,0.009492943128547149,0.009012727144137422,0.00855850577215636,0.008128724971814855,0.007721937548486629,0.007336794368436289,0.006972036454915731,0.006626487858788138,0.006299049211558744,0.005988691882707703,0.005694452672182507,0.005415428979195419,0.005150774396591909,0.004899694685264924,0.004661444089647873,0.004435321959809724,0.004220669649602202,0.004016867664550894,0.003823333035143317,0.003639516894574771,0.003464902242566431,0.0032990018780642144,0.0031413564860146292,0.002991532864841391,0.002849122282337399,0.002713738949575578,0.0025850186025955443,0.002462617183145034,0.0023462096107413205,0.0022354886385261494,0.0021301637864603873,0.002029960345757406,0.0019346184493989893,0.0018438922034434424,0.0017575488746607443,0.0016753681305532175,0.0015971413277486024,0.001522670845354561,0.001451769460104526,0.0013842597602680383,0.0013199735958128074,0.0012587515621270036,0.001200442515044843,0.0011449031152134838,0.0010919973996699195,0.001041596378899199,0.0009935776577068324,0.0009478250782805793,0.0009042283841568868,0.0008626829036058534,0.0008230892512248837,0.0007853530466988869,0.0007493846495331396,0.0007150989088378946,0.0006824149271734397,0.0006512558376971928,0.0006215485937007652,0.0005932237698122941,0.0005662153742263844,0.0005404606712295854,0.000515900013453063,0.0004924766832641713,0.0004701367427487179,0.0004488288918384261,0.00042850433404759136,0.000409116649392206,0.00019531083706464825
0.038314088027106896,0.0675295488850629,0.061400388276789064,0.056397196740789246,0.05211309327775271,0.04835373765675144,0.045004348370915825,0.04198884201151554,0.03925298184577686,0.03675611093106179,0.034466606825970025,0.032359170952548366,0.030413109669809257,0.0286111903503119,0.02693884985710604,0.025383628954388504,0.023934757090340264,0.02258284046484682,0.021319622984244058,0.020137799868393924,0.019030870078526108,0.01799301789287422,0.017019016717918056,0.016104150110433146,0.0152441462967417,0.01443512339841535,0.013673543244617836,0.012956172137154998,0.01228004729803589,0.011642447996875943,0.01104087056384101,0.01047300665216061,0.009936724234058197,0.009430050911732907,0.00895115919959652,0.008498353493617689,0.00807005849336448,0.00766480887848961,0.007281240074575396,0.0069180799694602,0.006574141460610444,0.00624831573279816,0.005939566179222283,0.005646922892429795,0.005369477659840069,0.005106379408379769,0.004856830050390393,0.00462008068788225,0.004395428138393387,0.0041822117499447364,0.003979810476285747,0.0037876401876251187,0.0036051511938885172,0.003431825960761206,0.0032671770011785534,0.0031107449260548634,0.002962096640292268,0.0028208236714571053,0.0026865406195394417,0.002558883717993156,0.002437509496398642,0.0023220935365242876,0.002212329314494388,0.0021079271219660717,0.002008613060230459,0.0019141281014850506,0.0018242272124156522,0.001738678535099715,0.0016572626210206581,0.0015797717144767354,0.0015060090816005726,0.0014357883817732245,0.0013689330784432269,0.0013052758864972383,0.0012446582538124251,0.0011869298744531381,0.0011319482313836143,0.001079578166846746,0.0010296914783994617,0.0009821665389744966,0.0009368879393968389,0.0008937461518226109,0.0008526372128891471,0.0008134624251749899,0.0007761280758288667,0.000740545171385323,0.0007066291876409395,0.0006742998337230799,0.0006434808294162996,0.00061409969503139,0.0005860875529570334,0.0005593789402106985,0.0005339116313876537,0.000509626471317675,0.0004864672168936289,0.0004643803875172686,0.0004433151236451858,0.00042322305301506664,0.00040405816404665354,0.0003857766860151362,0.0001841684878277441
0.036149691300274234,0.06371480068269664,0.057931913489553066,0.053211379617048804,0.049169306450272066,0.04562233377721259,0.042462165129865226,0.03961701573705689,0.03703571318838039,0.034679897618485556,0.0325197332222088,0.030531350765029663,0.028695225774223343,0.026995099246020393,0.025417230842879834,0.023949865259452363,0.02258284046484682,0.021307293394283,0.02011543440972241,0.01900037143802119,0.017955970736505178,0.016976745159518247,0.016057763404278336,0.015194575495143692,0.014383151002498984,0.0136198273631854,0.012901266302428882,0.012224416815653144,0.011586483511744017,0.010984899371746654,0.010417302173572562,0.009881513982675533,0.00937552322170801,0.008897468924428192,0.008445626849487992,0.008018397186005471,0.007614293629759572,0.00723193364295055,0.006870029741772421,0.006527381680763417,0.00620286942124873,0.00589544678882635,0.005604135737941926,0.005328021154069371,0.005066246131985114,0.004818007677777875,0.004582552789458655,0.004359174875671404,0.004147210477837032,0.003946036265060307,0.003755066274620328,0.003573749374641569,0.0034015669272838417,0.003238030633824815,0.003082680545277737,0.0029350832232504856,0.0027948300378763252,0.0026615355909164196,0.0025348362531043486,0.0024143888064840358,0.0022998691826282003,0.0021909712889792085,0.0020874059164307304,0.0019888997214549814,0.0018951942770337807,0.0018060451869656505,0.0017212212589622217,0.0016405037318272392,0.001563685552746004,0.001490570701178525,0.001420973555786447,0.0013547183013592236,0.0012916383729189886,0.0012315759343119528,0.0011743813890502698,0.0011199129210104006,0.0010680360629798658,0.001018623291307072,0.0009715536447581462,0.000926712366042727,0.0008839905645258439,0.0008432848986801925,0.0008044972771359023,0.0007675345770058548,0.0007323083784099536,0.0006987347142715684,0.0006667338343237187,0.0006362299825058999,0.0006071511868697005,0.0005794290613183074,0.0005529986183686643,0.0005277980922915176,0.000503768772062067,0.0004808548434698922,0.00045900323988263235,0.0004381635011399942,0.0004182876400903694,0.0003993300163738101,0.00038124721697440495,0.0003639979431625225,0.00017377145175230405
