0.06134155474852987,0.09897278918967256,0.08441843974167473,0.07322797715549578,0.06413755091730011,0.05654335606565741,0.050088167291128194,0.04453543222411982,0.0397171062008832,0.03550795496578141,0.03181136425603026,0.028550835152709397,0.02566456180940202,0.02310180268781903,0.0208203554210884,0.018784742400324128,0.016964871669681747,0.01533502597892944,0.013873084658217905,0.012559914612821854,0.011378886715186859,0.010315486872232715,0.009356999721991138,0.008492248847094958,0.00771138153062767,0.007005689017948291,0.006367455375406311,0.005789829595634219,0.005266716760868789,0.004792684949061127,0.004362885236415759,0.003972982664330799,0.0036190964386847713,0.0032977479453221298,0.0030058154149674027,0.0027404942704493673,0.0024992623505135023,0.00227984933394762,0.002080209794946046,0.0018984994080764941,0.0017330538930167838,0.0015823703495174493,0.00144509068301878,0.00131998686357971,0.0012059477956931006,0.0011019676068363751,0.0010071351880527012,0.0009206248412499847,0.0008416879066362529,0.0007696452595520025,0.0007038805796245658,0.0006438343070879204,0.0005889982111592033,0.0005389105043912146,0.0004931514446475018,0.00045133937297733157,0.00041312714164089964,0.0003781988916861101,0.0003462671439493116,0.00031707017144119894,0.0002903696244478081,0.0002659483828624928,0.00024360861299443405,0.00022317000846810032,0.00020446819700871335,0.00018735329679070174,0.00017168860775551055,0.00015734942474330497,0.00014422196067025422,0.00013220236918057553,0.00012119585723577297,0.00011111587907697111,0.00010188340384869373,9.342624992334978e-5,8.567847966986725e-5,7.857984899422806e-5,7.207530654909362e-5,6.611453800865687e-5,6.065155122759059e-5,5.564429851973008e-5,5.105433264678688e-5,4.6846493425199915e-5,4.298862216553414e-5,3.945130140318163e-5,3.6207617628601055e-5,3.3232944941640244e-5,3.0504747736918273e-5,2.8002400712741913e-5,2.5707024646402462e-5,2.3601336530083578e-5,2.166951278137258e-5,1.9897064366279345e-5,1.8270722778603488e-5,1.677833591137896e-5,1.5408772947727483e-5,1.4151837474682546e-5,1.2998188096364778e-5,1.1939265889230238e-5,1.0967228097810027e-5,1.0074887525653961e-5,4.627828562710868e-6
0.09897278918967256,0.15969051398694312,0.13620789408326983,0.11815265298049571,0.10348566788563573,0.09123274740456333,0.08081753679113679,0.07185837741554235,0.0640841423025944,0.05729277559632684,0.05132839746770834,0.046067582553556585,0.04141061156496817,0.03727561657476286,0.03359450691864163,0.030310041790273967,0.02737366970750399,0.024743897433487483,0.022385034536991366,0.020266210813541574,0.01836059602450263,0.016644772386620765,0.015098224242782843,0.013702918917856632,0.012442959439794093,0.011304294546560623,0.010274474831676345,0.009342446396106374,0.008498375248639806,0.007733497105909121,0.0070399883223808135,0.0064108545104788195,0.005839834056323406,0.005321314246256981,0.004850258121676276,0.004422140501810765,0.004032891874486341,0.003678849063763992,0.0033567117563017,0.0030635041093614243,0.00279654077923229,0.002553396806110199,0.002331880872100657,0.0021300115171449946,0.00194599595400409,0.001778211172280289,0.0016251870625124606,0.0014855913258937543,0.0013582159653827905,0.0012419651795386524,0.0011358445024565351,0.0010389510524102703,0.000950464768018907,0.000869640525320927,0.000795801041606703,0.0007283304825580848,0.0006666686988809033,0.0006103060269269708,0.0005587785950157981,0.0005116640837632674,0.000468577894159692,0.00042916968227987677,0.00039312022391213564,0.0003601385762149944,0.0003299595070287596,0.00030234116550542124,0.0002770629705106664,0.0002539236955721152,0.0002327397313860455,0.00021334350882684476,0.00019558206707069158,0.00017931575301540848,0.00016441703955401852,0.0001507694514708718,0.00013826658886559968,0.00012681123895271927,0.0001163145680036109,0.00010669538600252592,9.787947727043144e-5,8.979899098286097e-5,8.239188608023286e-5,7.560142558183714e-5,6.93757158089245e-5,6.366728641656874e-5,5.843270753650353e-5,5.36322406821531e-5,4.922952036142455e-5,4.5191263642118426e-5,4.1487005157462664e-5,3.808885528349814e-5,3.497127941331471e-5,3.21108964530404e-5,2.948629483543483e-5,2.7077864495188568e-5,2.4867643397834933e-5,2.2839177337186957e-5,2.0977391833689667e-5,1.926847507314111e-5,1.7699770915083866e-5,1.6259681091019054e-5,7.468787896006878e-6
0.08441843974167473,0.13620789408326983,0.11617873129450507,0.10077873465066656,0.08826868131225596,0.07781765723916578,0.06893407393408357,0.0612924043937535,0.05466139697860117,0.048868712616554566,0.043781396973422426,0.039294176973800554,0.035321999070652255,0.03179503561019115,0.02865520992887982,0.02585369949548655,0.02334909313726591,0.021105999851766866,0.019093978010778334,0.017286697294131903,0.01566127318549776,0.014197731752819132,0.012878574375476737,0.011688420245434455,0.01061371016401097,0.009642459199122572,0.008764048695264315,0.007969050273566425,0.007249076057985276,0.0065966505654679874,0.006005100618390741,0.005468460345349924,0.0049813888867991235,0.004539098856746249,0.004137293954899979,0.0037721143983981964,0.0034400890643506293,0.0031380934125624232,0.0028633124053248082,0.002613207761485166,0.002385488980817259,0.0021780876576775604,0.001989134671700518,0.0018169399013981402,0.0016599741545785598,0.0015168530511595509,0.0013863226289701595,0.0012672464725708675,0.0011585941908999475,0.001059431091353348,0.0009689089167100769,0.0008862575277156226,0.0008107774279631427,0.0007418330401359127,0.0006788466533081319,0.000621292970125864,0.0005686941909096715,0.0005206155788086923,0.00047666145628894215,0.00043647158886517094,0.00039971791662151215,0.0003661015984504322,0.0003353503376958963,0.0003072159611466844,0.0002814722263263826,0.00025791283461673673,0.00023634963013063372,0.00021661096623036558,0.00019854022349559755,0.00018199446459347826,0.00016684321292527796,0.00015296734326351391,0.0001402580737667387,0.00012861604979244124,0.00011795051089769819,0.00010817853322124971,9.922434022434845e-5,9.101867545440617e-5,8.349823157717019e-5,7.660513049676876e-5,7.028644987100842e-5,6.449379176669658e-5,5.918288962130486e-5,5.4313250013538145e-5,4.9847826088735394e-5,4.575271978270743e-5,4.1996910238684864e-5,3.8552006067340064e-5,3.539201930679095e-5,3.249315914783638e-5,2.9833643654497157e-5,2.7393527880463313e-5,2.5154546927853155e-5,2.3099972621141887e-5,2.1214482595193764e-5,1.948404070124235e-5,1.7895787734879527e-5,1.6437941581424218e-5,1.50997059506846e-5,1.3871186950622128e-5,6.371658408580014e-6
0.07322797715549578,0.11815265298049571,0.10077873465066656,0.08742026884760179,0.07656861336915433,0.06750301418125138,0.059797056038349616,0.05316836922454815,0.04741636060768317,0.04239153914040972,0.037978576977718004,0.03408615761612521,0.030640503422599163,0.02758104404530748,0.024857402206749424,0.022427227874954714,0.020254599801683038,0.018308818775858215,0.016563478792076702,0.01499574009397725,0.013585751901550258,0.012316188150086227,0.011171869925009181,0.01013945535947891,0.009207182701089556,0.008364655761149503,0.007602663499340828,0.0069130273572309275,0.006288471340877427,0.00572251089521672,0.005209357411350729,0.004743835821792344,0.004321313216166106,0.003937636786949944,0.0035890797125190527,0.0032722938230706766,0.0029842680876628336,0.002722292115117146,0.0024839239894964837,0.0022669618652426185,0.0020694188327660054,0.0018895006372465772,0.0017255858930532997,0.0015762084865988887,0.0014400419021242707,0.0013158852410457902,0.0012026507358721614,0.0010993525852334186,0.001005096958922723,0.0009190730407625733,0.0008405449934173193,0.0007688447435010431,0.0007033654973231367,0.0006435559083910487,0.0005889148270131171,0.0005389865702596242,0.000493356657670016,0.00045164796424294017,0.00041351724758270994,0.00037865201095670445,0.00034676766803935343,0.00031760497892138664,0.00029092773022155235,0.00026652063496559845,0.00024418743050041297,0.00022374915495769997,0.00020504258484589557,0.00018791881806588286,0.0001722419883018536,0.00015788809816816166,0.00014474395972648895,0.00013270623214959925,0.00012168054732567381,0.00011158071509350049,0.00010232800063949936,9.385046728501334e-5,8.608237857209004e-5,7.896365415162982e-5,7.243937448234605e-5,6.645932984658933e-5,6.097760961240573e-5,5.59522280506315e-5,5.134478338146781e-5,4.712014701668235e-5,4.3246180261402416e-5,3.969347599771622e-5,3.643512309005315e-5,3.3446491473793864e-5,3.0705036068058274e-5,2.819011783434795e-5,2.5882840445699113e-5,2.3765901178927516e-5,2.1823454769015547e-5,2.004098907439837e-5,1.840521151125576e-5,1.6903945305935604e-5,1.552603470155524e-5,1.4261258334045458e-5,1.3100250059381452e-5,1.2034426580964603e-5,5.527960642443485e-6
0.06413755091730011,0.10348566788563573,0.08826868131225596,0.07656861336915433,0.06706412761088565,0.0591239554080607,0.052374623189231695,0.04656881886396502,0.04153085389575595,0.037129797209623616,0.03326463936763169,0.02985540112103724,0.026837464535703237,0.024157779196734785,0.02177222223476516,0.019643701399043034,0.017740755055363544,0.01603649526525802,0.014507794275251396,0.013134647816835765,0.011899669506067273,0.010787684223597188,0.009785397426655823,0.00888112354780135,0.008064560961422162,0.007326604070700959,0.006659185291792907,0.006055141341626213,0.005508099450325918,0.005012380032282118,0.004562913049179801,0.004155165836024904,0.003785080579360861,0.0034490199671412813,0.0031437197904389397,0.002866247485901474,0.0026139657765980873,0.002384500704233669,0.0021757134577808784,0.001985675494994739,0.0018126465283418505,0.0016550550099056621,0.001511480802073785,0.0013806397649625927,0.0012613700280377643,0.0011526197450412515,0.0010534361579377684,0.0009629558179586155,0.0008803958314035805,0.0008050460144241114,0.0007362618552963635,0.000673458195153508,0.0006161035486509231,0.0005637149954767374,0.0005158535816988767,0.00047212017687191417,0.0004321517390717903,0.00039561794541174283,0.00036221815026712696,0.0003316786377117768,0.000303750138190304,0.00027820558278183853,0.00025483807126442694,0.00023345903266605485,0.00021389655926805189,0.00019599389699425252,0.0001796080769273685,0.0001646086741976492,0.0001508766819392107,0.00013830348926140894,0.00012678995326295683,0.00011624555613423421,0.00010658763928455758,9.774070721623113e-5,8.963579460351321e-5,8.220989064551478e-5,7.540541535743764e-5,6.916974298625672e-5,6.345476817892141e-5,5.821651096693807e-5,5.341475700198855e-5,4.9012729809570386e-5,4.4976792147885655e-5,4.127617381470311e-5,3.788272350577096e-5,3.4770682554536485e-5,3.1916478573675694e-5,2.929853721289795e-5,2.6897110404725086e-5,2.46941196282316e-5,2.2673012845965358e-5,2.0818633898827394e-5,1.911710325447157e-5,1.7555709100859672e-5,1.6122807872394665e-5,1.4807733375770847e-5,1.3600713758815512e-5,1.2492795634977026e-5,1.1475774734347714e-5,1.0542132510982054e-5,4.842489093873466e-6
0.05654335606565741,0.09123274740456333,0.07781765723916578,0.06750301418125138,0.0591239554080607,0.052123967624176704,0.04617380427765361,0.041055440122003684,0.036613991715267136,0.03273403283684073,0.02932651553876886,0.026320931635330114,0.023660315145459465,0.02129789776528429,0.019194781525172566,0.017318266500827573,0.0156406166025147,0.0141381278171962,0.01279041103559092,0.011579830751613479,0.010491059336290659,0.00951071857058497,0.008627088118097426,0.007829866087308957,0.007109970646882652,0.006459374365510556,0.005870964908455831,0.0053384271596085,0.00485614290863251,0.0044191050476773686,0.004022843838612691,0.0036633632857815956,0.003337086017911106,0.003040805373973561,0.0027716436176367723,0.002527015388949276,0.002304595650659942,0.002102291505877013,0.0019182173625727009,0.0017506730010284771,0.0015981241664935128,0.0014591853648940577,0.001332604585489068,0.0012172497132881231,0.001112096426228299,0.001016217400010292,0.0009287726669459963,0.0008490009948862003,0.0007762121695607336,0.000709780078264631,0.0006491365054173796,0.0005937655615075692,0.0005431986761954746,0.0004970100946673894,0.00045481282345708265,0.00041625497806149943,0.00038101649018265713,0.0003488061371754933,0.00031935886040208167,0.0002924333429614231,0.00026780982036871473,0.00024528810069459825,0.00022468577319074284,0.00020583658661151288,0.00018858898045130126,0.0001728047540517771,0.0001583578601271939,0.00014513331058155611,0.00013302618376994377,0.00012194072346005409,0.00011178952070245397,0.00010249277071520393,9.397759767436624e-5,8.617744099393061e-5,7.903149732788441e-5,7.248421306564569e-5,6.648482261700957e-5,6.0986928242660974e-5,5.594811757594995e-5,5.132961536581638e-5,4.709596629763168e-5,4.321474604172099e-5,3.965629796163247e-5,3.639349313948803e-5,3.340151160569917e-5,3.065764285974321e-5,2.814110393685031e-5,2.583287344645204e-5,2.371554014686067e-5,2.1773164760191706e-5,1.9991153841950862e-5,1.8356144633928557e-5,1.6855899926703172e-5,1.5479212042764632e-5,1.4215815135709946e-5,1.3056305071243066e-5,1.1992066222831963e-5,1.1015204576046169e-5,1.011848658693024e-5,9.295283291681033e-6,4.269759605134255e-6
0.050088167291128194,0.08081753679113679,0.06893407393408357,0.059797056038349616,0.052374623189231695,0.04617380427765361,0.04090294581037368,0.03636891642332918,0.03243451705595668,0.028997500656823605,0.025978986582310126,0.023316517084633892,0.020959630374641103,0.018866897972589336,0.01700386310167168,0.015341559341622069,0.013855417340677578,0.012524439446310875,0.011330564419490513,0.010258170223720914,0.00929367919217694,0.008425240490443742,0.007642471875870471,0.006936247598819001,0.006298522669483941,0.005722186112728414,0.005200937570172287,0.004729182881403296,0.004301945224675488,0.003914789110454758,0.0035637550672633633,0.003245303279187442,0.002956264760961211,0.002693798914453177,0.0024553565139785946,0.0022386473308615568,0.0020416117394371353,0.0018623957523679346,0.0016993290206684386,0.0015509054052184092,0.001415765785166813,0.0012926828178493992,0.0011805474056406327,0.0010783566596382285,0.0009852031785839745,0.000900265486142679,0.0008227994904345011,0.0007521308471819237,0.0006876481231243153,0.0006287966692875291,0.0005750731248515099,0.0005260204820895717,0.0004812236510561823,0.0004403054700709303,0.000402923114355129,0.00036876486059105734,0.00033754717005037797,0.0003090120571438435,0.00028292471389465557,0.0002590713641762296,0.0002372573243054057,0.0002173052491834136,0.00019905354540547104,0.0001823549346940843,0.0001670751527913651,0.0001530917704823942,0.00014029312483351168,0.00012857734990371402,0.00011785149731990269,0.00010803073808446145,9.903763782727901e-5,9.080149850916575e-5,8.325776027964652e-5,7.634745780520308e-5,7.001672595905676e-5,6.421635024063703e-5,5.890135775785707e-5,5.4030645012727524e-5,4.9566639075995485e-5,4.547498907682239e-5,4.172428522308325e-5,3.82858028274112e-5,3.513326906418946e-5,3.22426503822392e-5,2.959195870165564e-5,2.7161074699888683e-5,2.4931586641120727e-5,2.2886643354479673e-5,2.101082008941317e-5,1.928999610016841e-5,1.7711242909123e-5,1.6262722299899377e-5,1.4933593177701091e-5,1.3713926509354585e-5,1.2594627630336532e-5,1.1567365268327256e-5,1.0624506692291923e-5,9.759058450272182e-6,8.964612204553549e-6,8.235295218849358e-6,3.7828625461729668e-6
0.04453543222411982,0.07185837741554235,0.0612924043937535,0.05316836922454815,0.04656881886396502,0.041055440122003684,0.03636891642332918,0.03233752970697512,0.028839292726792864,0.02578329494032483,0.023099401459287794,0.020732079399733372,0.018636461782490787,0.016775713368871903,0.015119197635975523,0.013641159675612524,0.012319754125464738,0.011136311313360292,0.010074772409420174,0.00912124734381009,0.008263663751301886,0.007491484641191565,0.006795478789235948,0.006167532155432615,0.005600491635281479,0.005088034584968329,0.0046245591051364415,0.004205091199440625,0.0038252057674059703,0.003480959025056213,0.00316883043231804,0.0028856725795631533,0.0026286677759909532,0.002395290311871315,0.002183273547690559,0.0019905811281698133,0.0018153817362829838,0.0016560268963660835,0.0015110314132259113,0.0013790560976282597,0.001258892480666015,0.0011494492632721162,0.0010497402834160029,0.000958873814176954,0.0008760430312329537,0.0008005175102802145,0.0007316356333699394,0.0006687977986770104,0.0006114603418123921,0.000559130088290961,0.0005113594666851587,0.00046774212064682255,0.0004279089652728992,0.0003915246398446381,0.0003582843145789206,0.000327910813843757,0.00030015202262594163,0.00027477854677797255,0.00025158160081700017,0.0002303711000167007,0.00021097393597853138,0.0001932324171813652,0.00017700285799033145,0.00016215430132512617,0.00014856736177118338,0.00013613317728322248,0.00012475245888615445,0.00011433462882235769,0.00010479703860136148,9.606425927729547e-5,8.806743702959637e-5,8.074370782912657e-5,7.403566559078287e-5,6.789087875874993e-5,6.226145078184748e-5,5.7103620360572996e-5,5.2377397760873e-5,4.8046233851927345e-5,4.407671883210906e-5,4.043830790988385e-5,3.710307146389657e-5,3.404546743722859e-5,3.1242133943201376e-5,2.8671700237499357e-5,2.6314614392519546e-5,2.4152986166918846e-5,2.2170443695763845e-5,2.035200276139388e-5,1.8683947514270844e-5,1.7153721623018397e-5,1.5749828919800382e-5,1.446174269716555e-5,1.3279822889404559e-5,1.2195240438182792e-5,1.1199908208728044e-5,1.0286417878206e-5,9.447982270785075e-6,8.678382662074662e-6,7.97192061605177e-6,7.323373958481583e-6,3.3639782632873677e-6
0.0397171062008832,0.0640841423025944,0.05466139697860117,0.04741636060768317,0.04153085389575595,0.036613991715267136,0.03243451705595668,0.028839292726792864,0.025719531164900666,0.022994158812242926,0.02060062970384796,0.018489419846490218,0.016620517031079696,0.014961071702791984,0.013483762282356815,0.012165620584631526,0.01098716493458421,0.009931745720076435,0.008985041664658105,0.008134665581830347,0.0073698513063364945,0.006681201914200907,0.006060484959855991,0.005500464299793464,0.004994760750957672,0.004537735734117837,0.0041243934295828455,0.0037502979817127385,0.0034115030407541186,0.0031044914958711367,0.0028261236862466357,0.002573592710082541,0.002344385710253083,0.0021362502198665617,0.001947164812426884,0.0017753134305297305,0.0016190628715091054,0.0014769429922461795,0.0013476292647486218,0.0012299273707121854,0.0011227595697570446,0.0010251526150595915,0.0009362270224495921,0.0008551875263799052,0.0007813145787784349,0.0007139567663909628,0.0006525240386956073,0.0005964816523178016,0.000545344750000485,0.0004986735024394562,0.00045606875013957243,0.00041716809016298373,0.00038164235914486377,0.00034919246979671966,0.0003195465631196078,0.00029245744284198735,0.0002677002624638025,0.00024507043862286287,0.00022438176739407283,0.0002054647227790682,0.00018816491882459648,0.00017234171887052898,0.00015786697719557229,0.00014462389986225456,0.00013250601297453736,0.000121416227779727,0.00011126599316600922,0.00010197452703792102,9.346811895023506e-5,8.567949715591297e-5,7.854725389279632e-5,7.20153233638944e-5,6.603250741809077e-5,6.055204442417827e-5,5.5531217287127684e-5,5.093099693373373e-5,4.6715717963506046e-5,4.2852783483706856e-5,3.931239642112976e-5,3.606731487307388e-5,3.309262928958732e-5,3.0365559484831156e-5,2.7865269673746514e-5,2.5572699888412598e-5,2.3470412290018956e-5,2.15424510324463e-5,1.9774214451564597e-5,1.8152338474475564e-5,1.6664590240295335e-5,1.529977102209516e-5,1.4047627617172096e-5,1.289877145305542e-5,1.1844604725256121e-5,1.0877252942267728e-5,9.989503312645022e-6,9.174748458352889e-6,8.426934985728208e-6,7.740516488367297e-6,7.110410592309126e-6,6.531959690350594e-6,3.0004475221019213e-6
0.03550795496578141,0.05729277559632684,0.048868712616554566,0.04239153914040972,0.037129797209623616,0.03273403283684073,0.028997500656823605,0.02578329494032483,0.022994158812242926,0.020557611893147365,0.018417737587321403,0.016530261022441317,0.014859410920265215,0.013375819460491045,0.01205506086847516,0.010876601332761221,0.009823024005930214,0.008879443925181973,0.008033057677452549,0.007272790941560303,0.006589018603042673,0.005973339661449056,0.005418394171144952,0.00491771289064899,0.0044655927103688375,0.004056992629017778,0.003687446280154938,0.003352987912421307,0.003050089399404002,0.00277560636047966,0.0025267318610958586,0.002300956458612051,0.002096033591300596,0.0019099494909353143,0.0017408969437179012,0.001587252339837808,0.001447555545366682,0.0013204922051032048,0.0012048781470244546,0.0010996456096035272,0.0010038310548073533,0.0009165643644799722,0.0008370592467366392,0.0007646047034339347,0.0006985574299877891,0.0006383350363326056,0.0005834099925411586,0.0005333042150049913,0.00048758421991552427,0.00044585677995456936,0.0004077650280108324,0.0003729849586367037,0.0003412222837747307,0.0003122096045079202,0.00028570386506034627,0.0002614840591118545,0.00023934916194761832,0.0002191162649444493,0.00020061889148334684,0.0001837054757442974,0.00016823798778890005,0.0001540906901803924,0.00014114901297048333,0.00012930853525338314,0.00011847406274957326,0.00010855879197103771,9.948355252064559e-5,9.117611991074572e-5,8.35705920889157e-5,7.660682355191558e-5,7.022991152693487e-5,6.438972926267497e-5,5.904050196622445e-5,5.41404213562904e-5,4.9651295211002294e-5,4.5538228626653006e-5,4.1769334033397174e-5,3.8315467302713264e-5,3.5149987526141534e-5,3.22485382860477e-5,2.9588848444462245e-5,2.7150550660010628e-5,2.4915016020262293e-5,2.2865203318262568e-5,2.098552164643498e-5,1.9261705106262187e-5,1.7680698537755044e-5,1.6230553280104998e-5,1.4900332061970568e-5,1.3680022207476273e-5,1.2560456413345758e-5,1.1533240424314693e-5,1.0590686995307639e-5,9.725755582054368e-6,8.931997254855761e-6,8.203504374343238e-6,7.5348646102310255e-6,6.92111892247561e-6,6.357723156494451e-6,5.840512936698309e-6,2.6828357855435424e-6
0.03181136425603026,0.05132839746770834,0.043781396973422426,0.037978576977718004,0.03326463936763169,0.02932651553876886,0.025978986582310126,0.023099401459287794,0.02060062970384796,0.018417737587321403,0.01650063052218359,0.0148096434925441,0.013312729671177859,0.011983578952808882,0.01080030870656673,0.00974452303002954,0.008800618444489483,0.007955259735177606,0.007196976506167435,0.006515847421147414,0.005903249460452162,0.0053516562654296745,0.004854474139685011,0.004405907353158697,0.004000846540488726,0.0036347755084684685,0.003303692870384123,0.003004045733212918,0.0027326732660153813,0.0024867584306486196,0.0022637865027278006,0.0020615092774336347,0.001877914062139184,0.0017111967216199564,0.0015597381709073072,0.0014220838143588037,0.0012969255131992062,0.0011830857309003233,0.001079503561347915,0.0009852223900788139,0.000899378976098611,0.0008211937730486299,0.0007499623343998115,0.0006850476692458786,0.0006258734333713795,0.0005719178559665666,0.0005227083155545376,0.00047781648978693046,0.0004368540134761789,0.0003994685874462497,0.00036534048786816993,0.0003341794319262747,0.0003057217608705802,0.00027972790619159443,0.00025598010866037003,0.0002342803634144807,0.00021444856736759638,0.00019632084789105234,0.0001797480540339999,0.00016459439366884286,0.00015073620169523847,0.00013806082608792004,0.00012646561998899295,0.00011585702927355973,0.00010614976614825274,9.72660603180864e-5,8.913498015373058e-5,8.169181703706566e-5,7.48775267821254e-5,6.863822264951145e-5,6.292471500813344e-5,5.769209320288858e-5,5.289934562898563e-5,4.850901440294343e-5,4.4486881385510414e-5,4.0801682614713375e-5,3.742484850255293e-5,3.43302674076087e-5,3.1494070415025556e-5,2.8894435371495377e-5,2.651140840675536e-5,2.4326741337959686e-5,2.2323743512112212e-5,2.0487146768480367e-5,1.880298233228214e-5,1.7258468563135316e-5,1.584190857635933e-5,1.4542596851429808e-5,1.335073401987529e-5,1.225734910341973e-5,1.1254228535286382e-5,1.0333851361849384e-5,9.489330076763885e-6,8.714356587363747e-6,8.003152860629046e-6,7.350425835565719e-6,6.75132622660632e-6,6.201410877057831e-6,5.696608350504447e-6,5.233187477281484e-6,2.403864299333665e-6
0.028550835152709397,0.046067582553556585,0.039294176973800554,0.03408615761612521,0.02985540112103724,0.026320931635330114,0.023316517084633892,0.020732079399733372,0.018489419846490218,0.016530261022441317,0.0148096434925441,0.01329196824818829,0.011948473521860487,0.010755546191752258,0.00969354674689571,0.008745964978428639,0.007898796849108908,0.007140074066001645,0.006459501993201722,0.005848176261597907,0.005298357729961484,0.004803291501329104,0.0043570597359772895,0.003954460763333598,0.003590908920723321,0.0032623509140537743,0.0029651954854395743,0.0026962538981228842,0.002452689289643692,0.0022319733505944753,0.0020318490975410677,0.0018502987480253363,0.0016855158916824903,0.0015358812985058617,0.001399941821333038,0.0012763919425299898,0.0011640575899511778,0.0010618819074879916,0.00096891271540046,0.0008842914363143863,0.0008072432961771757,0.0007370686375193797,0.000673135205622068,0.0006148712878403153,0.0005617596025802776,0.0005133318485150851,0.00046916383646515916,0.00042887113632295547,0.0003921051801179555,0.0003585497696897838,0.0003279179437953488,0.0002999491650222154,0.00027440679155560366,0.0002510758030477376,0.000229760753433823,0.0002102839266245526,0.0001924836737844369,0.00017621291330228604,0.00016133777664066422,0.00014773638515396328,0.00013529774453222964,0.0001239207450105923,0.00011351325675434346,0.00010399131093211458,9.527835800435301e-5,8.730459563013448e-5,8.000635940011067e-5,7.332557027270076e-5,6.720923323617054e-5,6.160898227655187e-5,5.648066721221324e-5,5.17839784089215e-5,4.7482105785987124e-5,4.3541428873533064e-5,3.993123500869132e-5,3.662346303043393e-5,3.359247009780805e-5,3.0814819488545484e-5,2.8269087431770086e-5,2.5935687222515156e-5,2.379670903081266e-5,2.1835773966064683e-5,2.0037901099954946e-5,1.8389386264902282e-5,1.6877691561169327e-5,1.5491344606441545e-5,1.4219846646588768e-5,1.3053588732681162e-5,1.1983775239319026e-5,1.1002354069807843e-5,1.0101952949454932e-5,9.27582126594793e-6,8.517776965088879e-6,7.822158052931685e-6,7.183778298014784e-6,6.597886762867459e-6,6.060130827867128e-6,5.566522401411646e-6,5.113407036295636e-6,4.697435698392498e-6,2.1577694783299104e-6
0.02566456180940202,0.04141061156496817,0.035321999070652255,0.030640503422599163,0.026837464535703237,0.023660315145459465,0.020959630374641103,0.018636461782490787,0.016620517031079696,0.014859410920265215,0.013312729671177859,0.011948473521860487,0.010740788655057038,0.009668449332873363,0.008713801667203369,0.007862004677376466,0.007100470163222239,0.006418439841810203,0.005806659870169997,0.005257126108133947,0.004762881832693203,0.004317855053281736,0.003916726206522864,0.003554819490859548,0.0032280128323537854,0.002932662701908735,0.002665540893982056,0.002423781028869261,0.002204833026579582,0.0020064241656151185,0.0018265256197440502,0.0016633235809920544,0.0015151942443760724,0.001380682062040721,0.0012584807787666442,0.0011474168443287858,0.0010464348656908963,0.000954584816166542,0.0008710107635156034,0.0007949409155190434,0.0007256788116071135,0.0006625955143338986,0.000605122675392606,0.0005527463685297985,0.0005050015963207737,0.0004614673904319317,0.00042176243563911246,0.0003855411568186194,0.0003524902159625157,0.00032232537289610726,0.0002947886690910211,0.0002696458989525181,0.0002466843371624408,0.00022571069443544887,0.0002065492772785173,0.0001890403301170111,0.00017303854064926617,0.00015841169144614276,0.00014503944268221512,0.00013281223259567747,0.00012163028368307764,0.00011140270396774697,0.00010204667382263761,9.348670981913776e-5,8.565399798569212e-5,7.84857896472394e-5,7.19248537399519e-5,6.591898009737206e-5,6.0420528784308706e-5,5.538602105583496e-5,5.0775767950965705e-5,4.655353293780908e-5,4.2686225383656404e-5,3.914362193756151e-5,3.5898113207611824e-5,3.292447335949834e-5,3.019965050125319e-5,2.7702575927765656e-5,2.5413990475531625e-5,2.3316286412476477e-5,2.1393363436066754e-5,1.963049748589425e-5,1.8014221205077917e-5,1.6532214987057057e-5,1.5173207648733168e-5,1.3926885861433947e-5,1.2783811547492229e-5,1.1735346527858432e-5,1.0773583769081957e-5,9.891284641341141e-6,9.081821649316242e-6,8.339126149546649e-6,7.65764061224901e-6,7.032275024018692e-6,6.458367066170846e-6,5.931645735380905e-6,5.448198103751237e-6,5.004438943199613e-6,4.597082962367604e-6,4.223119427811258e-6,1.9398944809176553e-6
0.02310180268781903,0.03727561657476286,0.03179503561019115,0.02758104404530748,0.024157779196734785,0.02129789776528429,0.018866897972589336,0.016775713368871903,0.014961071702791984,0.013375819460491045,0.011983578952808882,0.010755546191752258,0.009668449332873363,0.008703182400882192,0.007843854547091605,0.007077106903720959,0.0063916083976940374,0.005777675119407105,0.00522697735139431,0.004732310272180962,0.004287411873222666,0.0038868165217495892,0.0035257358690134882,0.003199961037451418,0.0029057815782821267,0.0026399177972792134,0.002399463847414192,0.0021818395739544097,0.00198474953501266,0.0018061479493521604,0.0016442085750871319,0.0014972987165677472,0.0013639567073288478,0.0012428723359216333,0.0011328697753385068,0.00103289265191003,0.0009419909503186122,0.0008593095001103897,0.0007840778294470226,0.0007156012047601149,0.0006532527020042377,0.0005964661779032879,0.000544730028399238,0.0004975816374117141,0.0004546024321625611,0.0004154134727181718,0.000379671512982677,0.00034706547842920914,0.00031731331290870725,0.00029015915284038955,0.0002653707922326068,0.0002427374064702184,0.0002220675065875196,0.0002031870991450668,0.00018593802973797475,0.0001701764906599369,0.00015577167549601402,0.00014260456535678066,0.00013056683314975918,0.00011955985382370096,0.00010949380978955009,0.00010028688192163619,9.186451757038465e-5,8.415876790981579e-5,7.71076877641671e-5,7.065479176662217e-5,6.474856135431253e-5,5.934199764528699e-5,5.43922157654848e-5,4.9860076644675944e-5,4.5709852689416693e-5,4.1908924107612704e-5,3.842750298034114e-5,3.5238382459291603e-5,3.2316708733427964e-5,2.9639773628461564e-5,2.7186825917201065e-5,2.493889960673368e-5,2.2878657627588717e-5,2.099024950699647e-5,1.925918174191702e-5,1.7672199707207087e-5,1.6217180049655697e-5,1.488303261063461e-5,1.3659611014080978e-5,1.253763113799681e-5,1.1508596756354861e-5,1.0564731708173505e-5,9.698918007157014e-6,8.904639362320338e-6,8.175929625121669e-6,7.507325725305446e-6,6.893824697557752e-6,6.330844435690374e-6,5.8141878455723715e-6,5.34001009674706e-6,4.904788700097859e-6,4.5052961639224185e-6,4.138575001750485e-6,3.8019148864523223e-6,1.7464158818637164e-6
0.0208203554210884,0.03359450691864163,0.02865520992887982,0.024857402206749424,0.02177222223476516,0.019194781525172566,0.01700386310167168,0.015119197635975523,0.013483762282356815,0.01205506086847516,0.01080030870656673,0.00969354674689571,0.008713801667203369,0.007843854547091605,0.007069384031741427,0.0063783506616329755,0.005760542485689399,0.005207232025677064,0.004710912242185519,0.004265089886478696,0.003864121402099116,0.0035030809515545908,0.003177653087439322,0.0028840446007026774,0.002618911482893907,0.0023792979361753827,0.0021625850867351692,0.0019664475861527544,0.0017888166794798946,0.0016278486151277832,0.0014818974986146871,0.0013494918667486186,0.0012293143945367319,0.0011201842543043586,0.0010210417311240817,0.0009309347663990254,0.0008490071562084547,0.0007744881749465089,0.0007066834311586449,0.000644966792149879,0.0005887732383015563,0.0005375925284905412,0.0004909635749603854,0.0004484694403231026,0.0004097328812174353,0.0003744123734221597,0.00034219856185714256,0.0003128110861633209,0.00028599573890852187,0.00026152191884155126,0.00023918034625339344,0.00021878101154856108,0.00020015133153891522,0.00018313449103577123,0.00016758794993805863,0.00015338209826428481,0.00014039904360284424,0.0001285315172030784,0.00011768188644666576,0.00010776126282637487,9.868869570235292e-5,9.039044318720837e-5,8.279931243746906e-5,7.585406243284837e-5,6.949886306470898e-5,6.368280499380839e-5,5.835945532423363e-5,5.3486454628510994e-5,4.902515132961449e-5,4.49402698519891e-5,4.1199609304362074e-5,3.7773769787463976e-5,3.463590370912238e-5,3.176148974398858e-5,2.9128127314196413e-5,2.671534966552057e-5,2.4504453806887204e-5,2.247834575043597e-5,2.062139963279134e-5,1.8919329439677144e-5,1.7359072176365573e-5,1.5928681434338766e-5,1.4617230408497592e-5,1.3414723502194195e-5,1.2312015742042435e-5,1.1300739297894608e-5,1.0373236465284952e-5,9.522498530617756e-6,8.742109990416574e-6,8.026197647344625e-6,7.369384146355557e-6,6.766745556403977e-6,6.213772639105124e-6,5.7063354769275174e-6,5.240651164601092e-6,4.8132542933033295e-6,4.420969981905332e-6,4.060889232087594e-6,3.730346403038625e-6,3.4268986205680167e-6,1.5741534760885432e-6
0.018784742400324128,0.030310041790273967,0.02585369949548655,0.022427227874954714,0.019643701399043034,0.017318266500827573,0.015341559341622069,0.013641159675612524,0.012165620584631526,0.010876601332761221,0.00974452303002954,0.008745964978428639,0.007862004677376466,0.007077106903720959,0.0063783506616329755,0.005754873716038472,0.0051974626383172046,0.004698243314715522,0.004250442731113371,0.0038482025321350116,0.0034864309692414636,0.003160683832516331,0.0028670676169988696,0.002602159990900299,0.002362943899854128,0.0021467525408262675,0.0019512230905625524,0.0017742575506545302,0.0016139894269633914,0.0014687552284946212,0.001337069975584762,0.001217606064716846,0.0011091749597260565,0.0010107112758672814,0.0009212588995585573,0.0008399588477342526,0.0007660386201500426,0.0006988028376098097,0.0006376249919010923,0.0005819401599941286,0.0005312385570397336,0.0004850598211579467,0.00044298793830705764,0.00040464672845037103,0.00036969582492691125,0.0003378270882003721,0.0003087614029504259,0.00028224581401918667,0.00025805096245993826,0.00023596878778495232,0.0002158104666923821,0.00019740456220090647,0.000180595360196629,0.00016524137316076964,0.0001512139932122042,0.00013839627862883641,0.00012668185984046273,0.00011597395246267309,0.0001061844663101815,9.723320057977605e-5,8.904711642438779e-5,8.155967911520389e-5,7.471026282447678e-5,6.844361178690462e-5,6.270935226511268e-5,5.7461550320955877e-5,5.265831092384236e-5,4.826141436761375e-5,4.423598639223276e-5,4.0550198773184635e-5,3.717499745787005e-5,3.4083855626314665e-5,3.125254931456709e-5,2.8658953469048597e-5,2.6282856515779393e-5,2.410579170728812e-5,2.2110883684405642e-5,2.0282708842921365e-5,1.860716822452629e-5,1.7071371779096996e-5,1.5663532953978383e-5,1.4372872663247942e-5,1.318953178375032e-5,1.210449139951234e-5,1.110950009255632e-5,1.0197007644378089e-5,9.360104568219486e-6,8.59246694908327e-6,7.888306114488226e-6,7.2423227053297395e-6,6.649664752890222e-6,6.105889405995748e-6,5.6069279847641325e-6,5.14905406553299e-6,4.728854329614051e-6,4.343201931871014e-6,3.989232167421659e-6,3.664320235088417e-6,3.3660609132800704e-6,3.0922499812337148e-6,1.4204336168131236e-6
0.016964871669681747,0.02737366970750399,0.02334909313726591,0.020254599801683038,0.017740755055363544,0.0156406166025147,0.013855417340677578,0.012319754125464738,0.01098716493458421,0.009823024005930214,0.008800618444489483,0.007898796849108908,0.007100470163222239,0.0063916083976940374,0.005760542485689399,0.0051974626383172046,0.004694048113095636,0.0042431877107578925,0.003838764642049741,0.0034754881521569525,0.0031487598143807582,0.0028545659991018046,0.002589390422849114,0.002350142322765536,0.0021340969458253853,0.0019388458544815704,0.0017622551385675991,0.0016024300542434103,0.0014576849319718338,0.0013265174369593846,0.0012075864504227235,0.001099692982240115,0.001001763636128191,0.0009128362358231008,0.0008320472896904234,0.000758621026385433,0.0006918597788063818,0.0006311355293713052,0.0005758824592857325,0.0005255903686432854,0.00047979885405150663,0.00043809214714344603,0.000400094531151066,0.00036546626439150093,0.0003338999491703538,0.0003051172929762324,0.0002788662158757938,0.0002549182639326195,0.00023306629365196785,0.0002131223968332291,0.00019491603898973706,0.00017829238779069802,0.00016311081075789198,0.00014924352394586572,0.00013657437547078032,0.00012499774958623115,0.00011441757865587009,0.00010474645179676684,9.590481020362333e-5,8.782022029451067e-5,8.042671675013296e-5,7.366420839956408e-5,6.747794066015267e-5,6.181800889423186e-5,5.663891764825114e-5,5.189918126029323e-5,4.756096180013908e-5,4.3589740703691e-5,3.9954020847150426e-5,3.6625056137465643e-5,3.35766059812823e-5,3.0784712263811904e-5,2.8227496704773584e-5,2.5884976666194315e-5,2.3738897681612023e-5,2.1772581137782354e-5,1.9970785697484843e-5,1.8319581190001655e-5,1.680623381274647e-5,1.541910160278632e-5,1.414753923507971e-5,1.2981811292154838e-5,1.1913013234663453e-5,1.0932999369823803e-5,1.0034317183770045e-5,9.210147463656007e-6,8.454249685811574e-6,7.7609121975665e-6,7.124906761942965e-6,6.5414470762951375e-6,6.006150909098948e-6,5.515005533372362e-6,5.064336164509848e-6,4.650777135733672e-6,4.27124556970357e-6,3.922917325915282e-6,3.6032050236620145e-6,3.3097379586873e-6,3.0403437470633097e-6,2.7930315454062054e-6,1.2829883550788254e-6
0.01533502597892944,0.024743897433487483,0.021105999851766866,0.018308818775858215,0.01603649526525802,0.0141381278171962,0.012524439446310875,0.011136311313360292,0.009931745720076435,0.008879443925181973,0.007955259735177606,0.007140074066001645,0.006418439841810203,0.005777675119407105,0.005207232025677064,0.004698243314715522,0.0042431877107578925,0.003835637261646832,0.003470062877169014,0.003141682132212484,0.0028463384078950132,0.002580403692863359,0.002340699535248278,0.0021244321186070364,0.0019291384693214536,0.0017526415371858159,0.0015930124225550166,0.0014485384129758784,0.0013176957825598787,0.001199126525602199,0.0010916183631100897,0.0009940874894386297,0.000905563626186795,0.0008251770294535644,0.000752147158874476,0.0006857727667518507,0.00062542320592608,0.0005705307873837551,0.000520584045388137,0.0004751217897685685,0.00043372784294883233,0.00039602637436081216,0.0003616777573778379,0.00033037488445526123,0.00030183988489140227,0.00027582119718773824,0.0002520909543462886,0.00023044264578792658,0.00021068902425646838,0.00019266023003231122,0.00017620210819419956,0.00016117469764624767,0.00014745087313821617,0.00013491512376338213,0.00012346245334938924,0.00011299738981458132,0.00010343309205503894,9.469054421491741e-5,8.66978283099978e-5,7.938946719632679e-5,7.270583071766995e-5,6.659259866178754e-5,6.100027483777197e-5,5.5883747178717396e-5,5.1201889319001754e-5,4.6917199565854346e-5,4.2995473617093126e-5,3.940550773639227e-5,3.611882944414371e-5,3.310945308130221e-5,3.035365786185787e-5,2.7829786272901003e-5,2.5518060894338815e-5,2.3400417898003175e-5,2.1460355661931656e-5,1.968279708164844e-5,1.8053964302622858e-5,1.656126472281659e-5,1.5193187219894849e-5,1.3939207661873025e-5,1.2789702848626117e-5,1.1735872111143198e-5,1.0769665871986338e-5,9.883720531493682e-6,9.07129910664571e-6,8.326237103593745e-6,7.642893150456106e-6,7.016103963369938e-6,6.441143256382493e-6,5.913684243617667e-6,5.4297654120959735e-6,4.985759274571229e-6,4.578343838236538e-6,4.204476548126958e-6,3.861370486952934e-6,3.5464726321624885e-6,3.25744398923512e-6,2.9921414368064004e-6,2.748601133144552e-6,2.5250233475826228e-6,1.1598792964100503e-6
