0.06134155474799141,0.06927313628459042,0.045459222479036776,0.031009241360309137,0.02159762380911351,0.015246268757772186,0.010866109362148574,0.007800452148132048,0.005631624771493898,0.0040846235612528314,0.002973977188259362,0.00217238559809714,0.0015913064868846374,0.0011685124813844185,0.0008599051473674908,0.000634020208625196,0.00046828048062527543,0.00034640807522474254,0.00025661869757356674,0.00019035088416528454,0.00014136529846903254,0.00010510244573682997,7.822228443029092e-5,5.827273787359301e-5,4.345008080074565e-5,3.242513967493849e-5,2.4216844836272473e-5,1.8099982737701103e-5,1.3537733625492538e-5,1.0132226278159042e-5,7.588225395342387e-6,5.6864148710209325e-6,4.263708259532494e-6,3.1987157561779925e-6,2.4010019935111906e-6,1.8031353878709204e-6,1.3547963931524516e-6,1.018406495633323e-6,7.658819594879757e-7,5.76220483965767e-7,4.3370537552796865e-7,3.265680407312093e-7,2.4599099394792865e-7,1.8536409824303234e-7,1.397293009171839e-7,1.053657959431788e-7,7.947988815753366e-8,5.997298280305001e-8,4.5267912579072146e-8,3.4178856628237334e-8,2.5813854653529854e-8,1.950170893724427e-8,1.4737144609266406e-8,1.1139647070406539e-8,8.422550587341305e-9,6.369814345170913e-9,4.8185663543209085e-9,3.6459770759098364e-9,2.7593847469665743e-9,2.0888639098153592e-9,1.5816304780243227e-9,1.1978278990975376e-9,9.073523429548449e-10,6.874598792268272e-10,5.209624181972768e-10,3.948670993924956e-10,2.9934979793050303e-10,2.2698046079591273e-10,1.7213831549004809e-10,1.305702835936261e-10,9.905743608802304e-11,7.516298648556544e-11,5.704183797732789e-11,4.329661203140942e-11,3.2868786582827966e-11,2.495636139154165e-11,1.8951571457869988e-11,1.4393755808095091e-11,1.0933685909007757e-11,8.306561344755302e-12,6.311562378497749e-12,4.796364033569878e-12,3.645405360071228e-12,2.771001487741429e-12,2.106608221812966e-12,1.6017168780196256e-12,1.2179840421225663e-12,9.262969884355482e-13,7.045481534449892e-13,5.35947045081636e-13,4.0773958308496973e-13,3.1023637086613503e-13,2.36075254255026e-13,1.7966158952405136e-13,1.3674332914568017e-13,1.040884030710721e-13,7.923973150094291e-14,6.032916120914096e-14,4.593613282113657e-14,3.498031019791596e-14,1.3319999763252657e-14
0.06927313628459042,0.07823312427925844,0.05134044538669058,0.035021904368720325,0.024392997862856758,0.01721999912461153,0.012273086964682572,0.008810683177339018,0.006361118641825647,0.0046138314875037445,0.00335936481632812,0.0024539530387305136,0.0017975994168337034,0.001320024999481334,0.0009714244518710009,0.0007162608844837066,0.0005290342795115904,0.00039135903534980206,0.00028992470902370563,0.00021506086413275796,0.00015971982917900975,0.00011875129665924562,8.838234723301938e-5,6.584305007478058e-5,4.9095825983762375e-5,3.6639141427647574e-5,2.7364683379396573e-5,2.0453161663077865e-5,1.5298105925803246e-5,1.145001289061179e-5,8.575327242049354e-6,6.42626150249782e-6,4.818553604322751e-6,3.6150492163908353e-6,2.713566230253697e-6,2.037912685736626e-6,1.5312305626055976e-6,1.1510575284905667e-6,8.656593253576289e-7,6.513031213696433e-7,4.902285023886842e-7,3.6913626361466505e-7,2.780619149411269e-7,2.0953529509903942e-7,1.5795315593406772e-7,1.1911041088084663e-7,8.98496853138563e-8,6.779914209197578e-8,5.117622503890261e-8,3.8640659760157796e-8,2.9184286563577643e-8,2.20484519880128e-8,1.6662032792250778e-8,1.2594915929309675e-8,9.523063185653941e-9,7.2022634591561674e-9,5.448403457223994e-9,4.122631637789169e-9,3.1201971441062752e-9,2.362050048301413e-9,1.7885172913327125e-9,1.3545396031851086e-9,1.0260828031435497e-9,7.774329772763659e-10,5.891571457550241e-10,4.4656517723485895e-10,3.3854937810659057e-10,2.5670874729511614e-10,1.946878649975662e-10,1.4767766528854365e-10,1.1203834546951922e-10,8.501445246098234e-11,6.451955636468824e-11,4.897347266591878e-11,3.717917768243032e-11,2.8229715001214288e-11,2.1437768245498608e-11,1.6282368857075428e-11,1.2368560672107539e-11,9.39686431363733e-12,7.140155413648448e-12,5.426152911534904e-12,4.124153494328389e-12,3.134980558475694e-12,2.3833672411973953e-12,1.8121829448934132e-12,1.3780563573125418e-12,1.0480565695766153e-12,7.971760517879119e-13,6.064214175236861e-13,4.613649639312228e-13,3.510455986433108e-13,2.6713473951212674e-13,2.0330320342612755e-13,1.5474057706813625e-13,1.1779028865095297e-13,8.967248629365662e-14,6.827356443616335e-14,5.1986286189678803e-14,3.9588321593766444e-14,1.5074979127980425e-14
0.045459222479036776,0.05134044538669058,0.033692825669843995,0.022984009572163344,0.016008813590273785,0.011301467702701573,0.008054955880856807,0.0057826443365167485,0.00417501333592131,0.0030282625100950186,0.0022049377665847233,0.001610692927882497,0.0011799041484023207,0.0008664494739009897,0.0006376426651280905,0.0004701612154294939,0.0003472694562455126,0.0002569007231905682,0.00019031909456873825,0.0001411775607917617,0.00010485044159743882,7.795732208844166e-5,5.802179956460561e-5,4.3225766431823965e-5,3.2231789576664545e-5,2.4054271646811406e-5,1.796571120830302e-5,1.3428314093771507e-5,1.004397786137526e-5,7.517632513107472e-6,5.630316940869652e-6,4.219369411778221e-6,3.163827941738372e-6,2.373653790981774e-6,1.7817656305294435e-6,1.3381435557623666e-6,1.0054597698609683e-6,7.558369299090197e-7,5.684405501555147e-7,4.276890719027508e-7,3.219218836957496e-7,2.4240724535940404e-7,1.826027567727037e-7,1.3760364523746797e-7,1.0373086110870566e-7,7.822333314895306e-8,5.9007887795948716e-8,4.4527121050063433e-8,3.361054612681345e-8,2.537807953285138e-8,1.916770852890842e-8,1.4481251932249643e-8,1.094366717383888e-8,8.272505150581588e-9,6.254971233733527e-9,4.7306904187497344e-9,3.578752414871942e-9,2.707969646829537e-9,2.0495483017449426e-9,1.5515725128936983e-9,1.1748515132296517e-9,8.897917952720869e-10,6.740404311838484e-10,5.107088025087149e-10,3.870333394214323e-10,2.9336542074774156e-10,2.2240929077669468e-10,1.6864691711995125e-10,1.279038017656802e-10,9.702110525188684e-11,7.360798229434199e-11,5.585445423203814e-11,4.2389983214367725e-11,3.2176558522512185e-11,2.4427852451841013e-11,1.854807385369782e-11,1.4085708836013484e-11,1.0698515851391829e-11,8.127031022248083e-12,6.174510248350454e-12,4.691740992145121e-12,3.5655390272987022e-12,2.7100342971042474e-12,2.0600682881495274e-12,1.5661902904340136e-12,1.1908646260963135e-12,9.055952338180452e-13,6.887453266955603e-13,5.238838053516596e-13,3.9853094513380315e-13,3.0320678482290996e-13,2.3070904477154987e-13,1.7556512145454016e-13,1.3361612575849572e-13,1.0170109884290528e-13,7.74172423984506e-14,5.893783789475348e-14,4.487395428891981e-14,3.416939831094657e-14,2.6020905186366742e-14,9.908748406335768e-15
0.031009241360309137,0.035021904368720325,0.022984009572163344,0.015679124755252405,0.010921003684181085,0.007709841858246802,0.005495166930302303,0.003945038306957915,0.00284832515631752,0.0020660085920663276,0.0015043254485050325,0.00109891738929431,0.0008050184224798751,0.0005911655310334406,0.0004350608222833327,0.00032079392373726614,0.00023694777002045055,0.00017529036819595402,0.00012986190230554777,9.633225513761001e-5,7.154560464083773e-5,5.3195664007517395e-5,3.959288343457698e-5,2.9496822988861796e-5,2.1994978907037956e-5,1.6414887932979607e-5,1.2260175723099423e-5,9.163899788479531e-6,6.854426710695789e-6,5.130421223047328e-6,3.84247726148666e-6,2.879602468033399e-6,2.1592571165125944e-6,1.6200013824526323e-6,1.2160602344850395e-6,9.133005293859496e-7,6.862497296946582e-7,5.158840186336144e-7,3.8798549525000933e-7,2.9192081178396193e-7,2.1973228116429335e-7,1.6546091213415056e-7,1.2464176648213214e-7,9.392747480543197e-8,7.080715220098644e-8,5.339638968351082e-8,4.0280242085617314e-8,3.039576237394603e-8,2.2944067437691042e-8,1.7324472004435827e-8,1.3085124463024487e-8,9.885990155758536e-9,7.471079198883571e-9,5.647599681389513e-9,4.270301772008345e-9,3.2297147391624457e-9,2.4433049493935322e-9,1.8488266497516844e-9,1.399319655963001e-9,1.0593445262632677e-9,8.021479904357874e-10,6.075279771432837e-10,4.6022498938060673e-10,3.487096388107432e-10,2.6426846546875916e-10,2.0031443281216406e-10,1.5186671410520788e-10,1.1515808289479504e-10,8.733851812242786e-11,6.62513796109662e-11,5.02643374671044e-11,3.814162570356109e-11,2.894749367144195e-11,2.1973217176504903e-11,1.6681906220139892e-11,1.2666759722489083e-11,9.619483394885588e-12,7.306390856303983e-12,5.55031467711062e-12,4.216911868940328e-12,3.2042939930806178e-12,2.435173097304098e-12,1.850911884273182e-12,1.4070155126861112e-12,1.0697150506509794e-12,8.133777392868396e-13,6.185436061725247e-13,4.704366661948678e-13,3.578357894230964e-13,2.722181961630803e-13,2.071096417332124e-13,1.5759133008565574e-13,1.1992569318130082e-13,9.127233596903309e-14,6.947238825489507e-14,5.288476423279717e-14,4.026181644332458e-14,3.065489225381129e-14,2.3342591551719622e-14,1.7776261272831935e-14,6.76928983935848e-15
0.02159762380911351,0.024392997862856758,0.016008813590273785,0.010921003684181085,0.007606947286713489,0.005370321377203904,0.00382774095384103,0.0027480184013950262,0.0019841051250598096,0.0014391759370621891,0.0010479249486471422,0.0007655260976148527,0.0005607991184530831,0.0004118291931628857,0.0003030850399793339,0.000223484360142346,0.00016507453670362368,0.00012212145109995968,9.047364525368055e-5,6.711482558935649e-5,4.9846663417731e-5,3.706258888737455e-5,2.7585637176768814e-5,2.0551687570418353e-5,1.5325058615239513e-5,1.1437282627278425e-5,8.542558316837289e-6,6.385249991362681e-6,4.776117670635249e-6,3.574894275058197e-6,2.6774894878590336e-6,2.0065744884423055e-6,1.504642697685454e-6,1.1288875214455472e-6,8.474159462951856e-7,6.36445917096195e-7,4.782293489031278e-7,3.595111379835185e-7,2.703846269256621e-7,2.0344067475497443e-7,1.5313441777820567e-7,1.1531361129660755e-7,8.686702748580315e-8,6.546214208689493e-8,4.934928771933242e-8,3.721532745367736e-8,2.8074252890688262e-8,2.1185335998403093e-8,1.5991857134667266e-8,1.2075209350531586e-8,9.12050079197335e-9,6.890760616188525e-9,5.207586433817661e-9,3.936617376161222e-9,2.9766242537396316e-9,2.251312384345096e-9,1.7031598531507617e-9,1.2887837967662397e-9,9.754543364167436e-10,7.384708671709709e-10,5.591866152002132e-10,4.2352073172031724e-10,3.208371939981324e-10,2.430997896159382e-10,1.8423497880705392e-10,1.3965133748210502e-10,1.0587698437743798e-10,8.028594049690605e-11,6.089154523946293e-11,4.619045107515681e-11,3.504477996633024e-11,2.6593081862362074e-11,2.0183037685684173e-11,1.5320583357296464e-11,1.1631438196902544e-11,8.83200609613606e-12,6.707360676639192e-12,5.0945859476667154e-12,3.8701667498976845e-12,2.9404423726522087e-12,2.2343776473682476e-12,1.698087762213943e-12,1.2906904873866176e-12,9.811633544956012e-13,7.45961831151508e-13,5.672138763323305e-13,4.3135113890303607e-13,3.280710067243984e-13,2.4954939503460355e-13,1.8984359754073386e-13,1.4443923375839158e-13,1.0990646328425755e-13,8.363907107105497e-14,6.365641536412832e-14,4.8453068977886456e-14,3.6884651138346025e-14,2.8081125914950272e-14,2.1380949581912554e-14,1.6281046161792805e-14,1.2398801337413313e-14,4.721591653361652e-15
0.015246268757772186,0.01721999912461153,0.011301467702701573,0.007709841858246802,0.005370321377203904,0.0037913767217850752,0.002702376704112726,0.001940124473678348,0.0014008162922637124,0.0010161010351685575,0.0007398772003823929,0.0005405002404775556,0.00039595844493981597,0.00029078084094204173,0.00021400282596571556,0.00015780053518378448,0.00011655951520967095,8.623149065872695e-5,6.388550063609884e-5,4.7391989538228085e-5,3.519887763998907e-5,2.6171867256544754e-5,1.9479966165554714e-5,1.4513056218213693e-5,1.0822304060248563e-5,8.076935757033907e-6,6.032785801663308e-6,4.5093508485082934e-6,3.3730074350843777e-6,2.5247107695039814e-6,1.8909600156252133e-6,1.417150552739109e-6,1.0626743809986839e-6,7.973034042762336e-7,5.985158936449133e-7,4.4951756090462087e-7,3.3777498112206693e-7,2.539274734398238e-7,1.909789139700018e-7,1.4369686291349014e-7,1.0816540498050835e-7,8.145208500255542e-8,6.135961853777318e-8,4.6240652641593317e-8,3.485946183983178e-8,2.628861315793962e-8,1.9831705987224818e-8,1.49655697475097e-8,1.1296992151395383e-8,8.53030612138134e-9,6.443096717311232e-9,4.86798398847733e-9,3.678954985184836e-9,2.781103788383638e-9,2.102926085231081e-9,1.5905295749724062e-9,1.203281923923595e-9,9.105379210005183e-10,6.891771967482759e-10,5.217510169097949e-10,3.9508694827576185e-10,2.992378768133181e-10,2.2669010900467305e-10,1.7176647900076722e-10,1.3017628823725607e-10,9.867584565957595e-11,7.481234704482902e-11,5.6730573266663754e-11,4.3026955914137133e-11,3.263937096002074e-11,2.476388977170372e-11,1.8791876097192602e-11,1.4262443712205201e-11,1.0826514313343093e-11,8.21963830064405e-12,6.241436908790224e-12,4.740048851920179e-12,3.6003604370127075e-12,2.7350967449848266e-12,2.078076892804872e-12,1.5791065762122475e-12,1.2001096208349429e-12,9.12197365015813e-13,6.934480644822876e-13,5.272239639119942e-13,4.008956050486968e-13,3.0487464521246153e-13,2.3188044159198885e-13,1.7638380026910095e-13,1.3418501958272976e-13,1.0209375026927452e-13,7.768606342480912e-14,5.912007576364068e-14,4.4995994724598314e-14,3.424986497490228e-14,2.6072888487948152e-14,1.9850153777255388e-14,1.511409814279163e-14,1.1509155141776733e-14,8.76489513610697e-15,3.3378078532158862e-15
0.010866109362148574,0.012273086964682572,0.008054955880856807,0.005495166930302303,0.00382774095384103,0.002702376704112726,0.0019262001742473348,0.0013829027060367031,0.0009985036573862786,0.0007242887931105182,0.0005274009074634333,0.00038528619021138254,0.0002822561775427928,0.00020728405843608872,0.00015255479752978663,0.00011249185008067441,8.309339958919876e-5,6.147391597263784e-5,4.554424032034686e-5,3.378642654268155e-5,2.5094137947429657e-5,1.865882566449192e-5,1.3888134589630497e-5,1.0347149034830742e-5,7.715918928783859e-6,5.758649414222872e-6,4.30128275751735e-6,3.215142164282898e-6,2.404969151177888e-6,1.8001549640185626e-6,1.348300343617196e-6,1.010476740405781e-6,7.577336333024127e-7,5.685203145977498e-7,4.267800055888345e-7,3.20539120038458e-7,2.408617568023226e-7,1.8107398086959738e-7,1.361876599179498e-7,1.0247209116809068e-7,7.71352089346207e-8,5.8086130597381e-8,4.37581394412491e-8,3.297661713595676e-8,2.486043764534405e-8,1.874829189636809e-8,1.4143602432183192e-8,1.0673310633994941e-8,8.057023773270309e-9,6.083904022044627e-9,4.595346912711148e-9,3.4719919019497064e-9,2.6239765062595586e-9,1.98362040261148e-9,1.4999309809214246e-9,1.1344749472791718e-9,8.582749612515962e-10,6.494757997063914e-10,4.91588502615358e-10,3.721688325474718e-10,2.818222342056819e-10,2.1345434833459598e-10,1.6170627790189962e-10,1.2252891481589463e-10,9.28619756960688e-11,7.039191012069685e-11,5.3369241177719406e-11,4.047070521013717e-11,3.069517194003425e-11,2.328504465582362e-11,1.7666885741602193e-11,1.340655267086083e-11,1.0175289154797312e-11,7.724089644600398e-12,5.864313654056798e-12,4.453022587485302e-12,3.3818859549333863e-12,2.5687861202958757e-12,1.9514637135092734e-12,1.4827065998092471e-12,1.1267066748319206e-12,8.563004210619419e-13,6.50878410883429e-13,4.948012683305815e-13,3.7619915383340807e-13,2.860617386001283e-13,2.1754824830664922e-13,1.6546426083837108e-13,1.2586488407733264e-13,9.5753733515326e-14,7.28545425575075e-14,5.5437851042002795e-14,4.2189467691467856e-14,3.211062146555237e-14,2.4442155644158942e-14,1.8606966457409535e-14,1.4166288664080166e-14,1.0786492147144872e-14,8.213858523450986e-15,6.255417155358369e-15,2.382191446655665e-15
0.007800452148132048,0.008810683177339018,0.0057826443365167485,0.003945038306957915,0.0027480184013950262,0.001940124473678348,0.0013829027060367031,0.000992860564723825,0.0007168902307857512,0.0005200212462537178,0.0003786661430412947,0.00027663383298101064,0.00020266162775900518,0.00014883331947631011,0.00010953837816325435,8.077326669583308e-5,5.9664945498695684e-5,4.414176715052901e-5,3.270381358396195e-5,2.4261256073343713e-5,1.801977538976279e-5,1.339884790303329e-5,9.973167486088347e-6,7.4304639970952505e-6,5.541009672096464e-6,4.135498844867635e-6,3.0889527067542343e-6,2.308976106266743e-6,1.7271686650906278e-6,1.2928290614301818e-6,9.683309730995655e-7,7.257206078077734e-7,5.44208908936247e-7,4.083203363161483e-7,3.0652437820559826e-7,2.302225823508994e-7,1.7299782718238243e-7,1.3005730775446586e-7,9.78188093512422e-8,7.36031009608361e-8,5.540501349458593e-8,4.172292406994417e-8,3.143163830989264e-8,2.3687550141331976e-8,1.7857829939745615e-8,1.3467515460865875e-8,1.0159952422663979e-8,7.667197247122403e-9,5.787859494861453e-9,4.370504096656882e-9,3.3012112655923905e-9,2.4942475416257337e-9,1.8850662617666926e-9,1.4250531737626002e-9,1.0775801907422376e-9,8.150402371946037e-10,6.166182794238001e-10,4.666150410216731e-10,3.5318583880619037e-10,2.67391357354442e-10,2.024829298714449e-10,1.533641890728598e-10,1.1618541858456582e-10,8.803778754559415e-11,6.6722795721168e-11,5.0578371955929586e-11,3.834766284176431e-11,2.9080001065277693e-11,2.2056138836954998e-11,1.6731784370786035e-11,1.269494865339552e-11,9.633715765365253e-12,7.311882911532626e-12,5.55054374909831e-12,4.214161434548034e-12,3.2000342481648526e-12,2.430325447041728e-12,1.8460317550743045e-12,1.4024178935912336e-12,1.0655600388234136e-12,8.097282833156861e-13,6.154040284897804e-13,4.677779827733186e-13,3.556120304309491e-13,2.7037665023964043e-13,2.0559704505467785e-13,1.5635738877017709e-13,1.1892488581914441e-13,9.046463574118526e-14,6.882333159057224e-14,5.2365146879994823e-14,3.984719821858817e-14,3.0325024427728027e-14,2.3080835877830275e-14,1.7569040078217052e-14,1.3374877322579938e-14,1.018300652098693e-14,7.753644172678136e-15,5.904437794340328e-15,4.4966937048127254e-15,1.7124558551144607e-15
0.005631624771493898,0.006361118641825647,0.00417501333592131,0.00284832515631752,0.0019841051250598096,0.0014008162922637124,0.0009985036573862786,0.0007168902307857512,0.000517634687940095,0.00037548972645440586,0.0002734259125821174,0.00019975362916328527,0.00014634135505611464,0.00010747361321466684,7.909956626617285e-5,5.83285978317694e-5,4.308630112866043e-5,3.187687485902639e-5,2.3617311761446873e-5,1.752069674981722e-5,1.3013480860557677e-5,9.676483528139044e-6,7.202598472072074e-6,5.366337737700968e-6,4.001814381859411e-6,2.986770753592502e-6,2.2309569442383593e-6,1.667651513987924e-6,1.2474597382511984e-6,9.337676166232999e-7,6.994029051808554e-7,5.241782080004198e-7,3.930800862608341e-7,2.949322659661376e-7,2.2140741991133464e-7,1.6629566889821783e-7,1.2496244820167708e-7,9.394625848278098e-8,7.065988830938873e-8,5.316826948499832e-8,4.0023154079018397e-8,3.013996958446954e-8,2.2706014502580715e-8,1.71119638364129e-8,1.290072741256842e-8,9.729237434377666e-9,7.3398771585037554e-9,5.539104342030436e-9,4.1814477798310305e-9,3.1575192875658556e-9,2.385028520880853e-9,1.8020448030510983e-9,1.3619413971328435e-9,1.029600237167761e-9,7.785614984337673e-10,5.888817958792127e-10,4.455241250020816e-10,3.3714700964412243e-10,2.5519349712339433e-10,1.9320547394298912e-10,1.4630737315429006e-10,1.108172812615341e-10,8.395390159251056e-11,6.36156694318638e-11,4.8214197028492695e-11,3.654864385515443e-11,2.771092583779436e-11,2.1014171156654228e-11,1.593870534972826e-11,1.2091258868997794e-11,9.174151568431542e-12,6.962007550172091e-12,5.284155452671134e-12,4.011322508220552e-12,3.0455722657520715e-12,2.312693364594182e-12,1.7564409222018567e-12,1.3341785742706265e-12,1.0135797333044338e-12,7.701300603560816e-13,5.85236135245965e-13,4.447928842291843e-13,3.380982646079391e-13,2.5703086405223013e-13,1.9542660099862002e-13,1.4860623298613796e-13,1.1301711714235753e-13,8.5961545699172e-14,6.539069695733606e-14,4.974832600778943e-14,3.7852167699730155e-14,2.8803937991466745e-14,2.1921026237456347e-14,1.6684642231356415e-14,1.2700447985856198e-14,9.668663656864324e-15,7.361364186672094e-15,5.605234459515567e-15,4.268468693652224e-15,3.2508167262326354e-15,1.2380101128051355e-15
0.0040846235612528314,0.0046138314875037445,0.0030282625100950186,0.0020660085920663276,0.0014391759370621891,0.0010161010351685575,0.0007242887931105182,0.0005200212462537178,0.00037548972645440586,0.0002723823492448039,0.0001983475081279093,0.0001449065111308618,0.00010616134417229571,7.79663631329836e-5,5.73833100112641e-5,4.231546105713422e-5,3.1258114772311275e-5,2.312625541447662e-5,1.7134287045221226e-5,1.271138664619742e-5,9.441500060974569e-6,7.02054839690758e-6,5.225749903528968e-6,3.893528407135496e-6,2.9035426100344755e-6,2.1671005376744327e-6,1.6187294012857869e-6,1.2100247529860517e-6,9.051516907394802e-7,6.775471225621354e-7,5.074975938138333e-7,3.803569597792898e-7,2.8523268497712346e-7,2.1401606206062555e-7,1.6066529590987348e-7,1.2067482119747218e-7,9.068199415002642e-8,6.817526417621747e-8,5.1277410453297776e-8,3.858437359837192e-8,2.904531052083134e-8,2.1873249187236795e-8,1.647848092344415e-8,1.2418864317808677e-8,9.362718959648478e-9,7.0610997240355854e-9,5.3270660724952536e-9,4.020171511752244e-9,3.0348515430783e-9,2.291725089685185e-9,1.7310747137034973e-9,1.3079572325366238e-9,9.885351103985525e-10,7.473224459256634e-10,5.651165491515827e-10,4.2744371639046996e-10,3.233908554347705e-10,2.447267925662011e-10,1.852411645989392e-10,1.4024681753250876e-10,1.0620512791039682e-10,8.044377560268581e-11,6.09440787059822e-11,4.618068896435179e-11,3.500071488153353e-11,2.6532545051758113e-11,2.011705219609036e-11,1.5255668106772436e-11,1.1571180427802485e-11,8.778125713477339e-12,6.6604234014463624e-12,5.054475131925578e-12,3.836390472276386e-12,2.9123290329641424e-12,2.211196846233597e-12,1.679121748475286e-12,1.2752734305513727e-12,9.687001255557258e-13,7.359341204811253e-13,5.591788285575642e-13,4.2493587650301347e-13,3.229651895138114e-13,2.454971425043511e-13,1.8663555786509696e-13,1.419052300809333e-13,1.0790892277810107e-13,8.206730319277916e-14,6.242172361632741e-14,4.748463534704876e-14,3.6126110903461897e-14,2.7487743556579714e-14,2.091730821125592e-14,1.5919169292963264e-14,1.211663447502946e-14,9.223372204232084e-15,7.021707452080641e-15,5.3461379927685674e-15,4.0708136611179205e-15,3.1000244407729033e-15,2.3609733128569816e-15,8.991421512660392e-16
0.002973977188259362,0.00335936481632812,0.0022049377665847233,0.0015043254485050325,0.0010479249486471422,0.0007398772003823929,0.0005274009074634333,0.0003786661430412947,0.0002734259125821174,0.0001983475081279093,0.0001444377364441837,0.00010552319446265664,7.73094377491282e-5,5.677791410786757e-5,4.178917348236712e-5,3.0816497115317793e-5,2.2764230019998695e-5,1.6842302918252316e-5,1.2478665722242101e-5,9.257654812875807e-6,6.876302632781309e-6,5.113178259362922e-6,3.8060493840028656e-6,2.835796323685814e-6,2.1147828001399764e-6,1.5784197014794124e-6,1.1790264417192366e-6,8.813519941594165e-7,6.592988846512035e-7,4.935217612919766e-7,3.6966353161142987e-7,2.770574280866917e-7,2.077703267877941e-7,1.5589651080128799e-7,1.1703557427821515e-7,8.790594650752182e-8,6.605845670132206e-8,4.96638009252053e-8,3.735467536416145e-8,2.810839743521597e-8,2.115954860571772e-8,1.5934902570269754e-8,1.2004912974845275e-8,9.047517869000652e-9,6.821113460038011e-9,5.144359900273033e-9,3.8810817452650186e-9,2.9289704521457138e-9,2.2111263339281674e-9,1.6697225657476109e-9,1.2612561480983236e-9,9.529864134365078e-10,7.202627273072737e-10,5.44518376281292e-10,4.117638419070012e-10,3.1145462329834474e-10,2.3564012188212824e-10,1.7832353970162966e-10,1.3498027570592955e-10,1.0219542858992716e-10,7.739084395515944e-11,5.861950953843285e-11,4.441062499340163e-11,3.3652815712203035e-11,2.5506069638757008e-11,1.9335310908633865e-11,1.4660278206547823e-11,1.1117694020168456e-11,8.432702202536995e-12,6.397296853013012e-12,4.854026596748359e-12,3.683680716115135e-12,2.795981669264356e-12,2.122548156151956e-12,1.6115734806319426e-12,1.2238000963489602e-12,9.294738915676856e-13,7.06039216015869e-13,5.363940951165646e-13,4.0756919161659476e-13,3.097273830534541e-13,2.354059803547099e-13,1.7894261862472307e-13,1.3604021314192852e-13,1.0343722990715955e-13,7.865772812561129e-14,5.982183948700485e-14,4.550204484958095e-14,3.461416179040724e-14,2.6334645384572812e-14,2.0037839954831232e-14,1.5248360657325105e-14,1.1604950846166186e-14,8.833045193064303e-15,6.723938304051611e-15,5.1189660998608334e-15,3.897491898417647e-15,2.967780740492897e-15,2.260066596487444e-15,1.7212847625053404e-15,6.555344635897682e-16
0.00217238559809714,0.0024539530387305136,0.001610692927882497,0.00109891738929431,0.0007655260976148527,0.0005405002404775556,0.00038528619021138254,0.00027663383298101064,0.00019975362916328527,0.0001449065111308618,0.00010552319446265664,7.709412045768722e-5,5.648223667831221e-5,4.1482490584895536e-5,3.05319939176669e-5,2.2515450046422462e-5,1.663245215495951e-5,1.2305824896522398e-5,9.117658701049137e-6,6.7642877186873404e-6,5.024374063230963e-6,3.736145641267607e-6,2.78107788088921e-6,2.07214252368444e-6,1.5453120895976203e-6,1.1533968457135991e-6,8.61560211903448e-7,6.440466028354578e-7,4.817880751663948e-7,3.606498918832176e-7,2.7014186392231564e-7,2.024700816690751e-7,1.5183795639353364e-7,1.1393023188915712e-7,8.553152745169745e-8,6.42439647746205e-8,4.8277885460031386e-8,3.629656276631547e-8,2.730085407242043e-8,2.0543435245046966e-8,1.5464970243075623e-8,1.1646563636914356e-8,8.774312603267443e-9,6.6128584327729775e-9,4.985637893970017e-9,3.760126714182165e-9,2.8368057472004214e-9,2.1409053353327125e-9,1.6162245211888202e-9,1.2205009070041613e-9,9.219401663386897e-10,6.966133519251979e-10,5.265039898879282e-10,3.980420018213225e-10,3.010025667671881e-10,2.2767869829678444e-10,1.7225922067474717e-10,1.3036095484935528e-10,9.867673709749671e-11,7.471048360159393e-11,5.657769700887263e-11,4.285519384026227e-11,3.246786750536339e-11,2.4603329328208724e-11,1.8647542370932677e-11,1.413626918608891e-11,1.0718436517110633e-11,8.128483401651232e-12,6.165483558308139e-12,4.677377851168057e-12,3.5490626852847883e-12,2.693388882213737e-12,2.044358061023759e-12,1.5519786871933237e-12,1.1783759416305354e-12,8.948490658088067e-13,6.796448793116213e-13,5.162727740214548e-13,3.9222920614366325e-13,2.9803195216650437e-13,2.264887414543925e-13,1.7214326665097849e-13,1.3085546556505386e-13,9.94834664039539e-14,7.56425239799184e-14,5.752227451294051e-14,4.3748174319426394e-14,3.327642030348052e-14,2.531424736971363e-14,1.925946353554602e-14,1.4654571457166008e-14,1.1151951715411383e-14,8.487436405322392e-15,6.460247858274901e-15,4.917766973604775e-15,3.7439666789942e-15,2.85062726939544e-15,2.1706635652402064e-15,1.6530554769333223e-15,1.2589961495807284e-15,4.794824209850128e-16
0.0015913064868846374,0.0017975994168337034,0.0011799041484023207,0.0008050184224798751,0.0005607991184530831,0.00039595844493981597,0.0002822561775427928,0.00020266162775900518,0.00014634135505611464,0.00010616134417229571,7.73094377491282e-5,5.648223667831221e-5,4.138171920088673e-5,3.0392572134797075e-5,2.23698858095982e-5,1.649662791343415e-5,1.2186437272828618e-5,9.016481921216701e-6,6.6806021801781555e-6,4.956330186227831e-6,3.6815100394532523e-6,2.7376232036346575e-6,2.037834289963463e-6,1.518382412909073e-6,1.1323574950020617e-6,8.451852713308015e-7,6.313418647000342e-7,4.7195656458223804e-7,3.5305840688060187e-7,2.642908214725163e-7,1.9796751024326165e-7,1.4837769932977515e-7,1.1127404144978409e-7,8.349456800387021e-8,6.268320433842768e-8,4.708287885030364e-8,3.5382182613675334e-8,2.660158888890764e-8,2.0008936311166537e-8,1.5056586360083057e-8,1.1334652700798794e-8,8.536161111453806e-9,6.431074879590634e-9,4.846914362010827e-9,3.6542857560465233e-9,2.7560678104851563e-9,2.079326344707178e-9,1.569264522806242e-9,1.1846935179658305e-9,8.94639461304754e-10,6.758001723696394e-10,5.106378100795621e-10,3.859476927824397e-10,2.917838745647388e-10,2.2065215952931165e-10,1.669037045716931e-10,1.2627914808164557e-10,9.556575216382073e-11,7.233943453946393e-11,5.4770594165687097e-11,4.1477898206637895e-11,3.1418142615208504e-11,2.3803256192841162e-11,1.8037736765750104e-11,1.3671473421352757e-11,1.0364159250958436e-11,7.858438495052322e-12,5.9596380635826424e-12,4.520464322734517e-12,3.42944540269439e-12,2.6021998133949293e-12,1.9748384017559643e-12,1.4989770703941288e-12,1.137966040740394e-12,8.640381838939556e-13,6.561518735631728e-13,4.983588167355998e-13,3.785688094130688e-13,2.8761467521663256e-13,2.1854427968358149e-13,1.660843589798886e-13,1.2623438056051493e-13,9.59588366788149e-14,7.295406704540102e-14,5.5471524092497885e-14,4.218379253762403e-14,3.2083001272151594e-14,2.4403781916457904e-14,1.856483230789967e-14,1.4124584166847163e-14,1.0747564971162838e-14,8.178869998100913e-15,6.224785975444547e-15,4.738081584150351e-15,3.606839026902572e-15,2.745972900024212e-15,2.090788787872012e-15,1.592090299902732e-15,1.2124617831046036e-15,9.234438194229064e-16,3.516933943762321e-16
0.0011685124813844185,0.001320024999481334,0.0008664494739009897,0.0005911655310334406,0.0004118291931628857,0.00029078084094204173,0.00020728405843608872,0.00014883331947631011,0.00010747361321466684,7.79663631329836e-5,5.677791410786757e-5,4.1482490584895536e-5,3.0392572134797075e-5,2.2321961117626734e-5,1.6429887895862074e-5,1.2116353431897847e-5,8.950749730607892e-6,6.622556284113112e-6,4.90693179583771e-6,3.6404954717672377e-6,2.7041581835286806e-6,2.0108774435209203e-6,1.4968786978804867e-6,1.115333399692069e-6,8.317884603330875e-7,6.208504924418783e-7,4.637730044532571e-7,3.466958671591354e-7,2.593575752638994e-7,1.9415125312970686e-7,1.4543125976646054e-7,1.0900293618264973e-7,8.174649404001033e-8,6.133935394633409e-8,4.605087199929469e-8,3.4590382467683e-8,2.5994570845390806e-8,1.9543902168051543e-8,1.4700542685657554e-8,1.1062200890784139e-8,8.32777318626235e-9,6.271752568200122e-9,4.72514907820402e-9,3.561253791330346e-9,2.6850087569413813e-9,2.025063832548277e-9,1.5278372199054462e-9,1.1530713770208068e-9,8.705057560635106e-10,6.57384227008288e-10,4.965867372530566e-10,3.752281141459291e-10,2.836066626040717e-10,2.1441484015430014e-10,1.6214639760965027e-10,1.226508782084285e-10,9.279869911930921e-11,7.02292582530089e-11,5.316140601359466e-11,4.0250784252060315e-11,3.048240133706955e-11,2.3089710025183173e-11,1.7493627534521904e-11,1.325656720190471e-11,1.0047774502645451e-11,7.617178892065883e-12,5.775663102417085e-12,4.380170259816988e-12,3.3224592395501344e-12,2.5206120843612354e-12,1.9126181100594134e-12,1.4515255470091175e-12,1.1017767512930266e-12,8.364373305038446e-13,6.351006073668668e-13,4.823024298110148e-13,3.663217483210146e-13,2.7827286782035766e-13,2.114182872879196e-13,1.6064840680112142e-13,1.2208749463760953e-13,9.27952112476811e-14,7.05404697061191e-14,5.363006694531918e-14,4.077879465733258e-14,3.1010970723680346e-14,2.3585776361487274e-14,1.794063329350026e-14,1.3648254369101551e-14,1.0384059995697972e-14,7.901454335196894e-15,6.01306218562582e-15,4.576487133782314e-15,3.4834997639670008e-15,2.651828522198018e-15,2.0189257518800005e-15,1.5372329468930747e-15,1.1705841405119473e-15,8.914734496482134e-16,6.789788500251276e-16,2.5859218078031017e-16
0.0008599051473674908,0.0009714244518710009,0.0006376426651280905,0.0004350608222833327,0.0003030850399793339,0.00021400282596571556,0.00015255479752978663,0.00010953837816325435,7.909956626617285e-5,5.73833100112641e-5,4.178917348236712e-5,3.05319939176669e-5,2.23698858095982e-5,1.6429887895862074e-5,1.209324279230527e-5,8.91838062649919e-6,6.588390983336634e-6,4.874740146610512e-6,3.611949581147007e-6,2.6797728548756433e-6,1.990560570132088e-6,1.480248771967618e-6,1.1018982779998673e-6,8.210420141341603e-7,6.123212477259544e-7,4.57045274290643e-7,3.4141563174806676e-7,2.552303601904559e-7,1.9093622359065677e-7,1.4293391925837284e-7,1.0706772477229925e-7,8.024993673448003e-8,6.018403804133752e-8,4.516032536515408e-8,3.390481598942702e-8,2.546739699013017e-8,1.9138923164451667e-8,1.4389701077940728e-8,1.0823793489414798e-8,8.145041508066628e-9,6.131775880364113e-9,4.617978617002696e-9,3.4792379078468824e-9,2.622268389759393e-9,1.9770858094724515e-9,1.491159572988395e-9,1.1250402870567474e-9,8.490881106919975e-10,6.41023260317426e-10,4.840909782721776e-10,3.6568604552386244e-10,2.7632119563843804e-10,2.0885304415447415e-10,1.5790095899440954e-10,1.1941057043740976e-10,9.032576893565059e-11,6.834211660710585e-11,5.1721384938529076e-11,3.915200837556904e-11,2.964404410152763e-11,2.2450074893751425e-11,1.70056252784329e-11,1.2884260778773604e-11,9.763740067310699e-12,7.400490531517911e-12,5.610354126319997e-12,4.254058524432484e-12,3.226250492992787e-12,2.4472156070576896e-12,1.856624437414339e-12,1.4088079208434925e-12,1.0691870103273161e-12,8.115738765369401e-13,6.161313740975707e-13,4.678298223346733e-13,3.552796066144454e-13,2.6984786338544927e-13,2.0498996057327209e-13,1.5574342552917129e-13,1.18344760795123e-13,8.993924396736643e-14,6.836110120626254e-14,5.196695421024924e-14,3.950960459307835e-14,3.0042367451934803e-14,2.2846546000095423e-14,1.737643921185511e-14,1.3217636188385755e-14,1.0055381330378937e-14,7.650574260378759e-15,5.821558784771581e-15,4.430302199812834e-15,3.3719047823803564e-15,2.5666357522795085e-15,1.953886292676182e-15,1.4875774559858206e-15,1.1326723874387902e-15,8.625269054617653e-16,6.568766313089233e-16,5.00307513849377e-16,1.9054674980421232e-16
0.000634020208625196,0.0007162608844837066,0.0004701612154294939,0.00032079392373726614,0.000223484360142346,0.00015780053518378448,0.00011249185008067441,8.077326669583308e-5,5.83285978317694e-5,4.231546105713422e-5,3.0816497115317793e-5,2.2515450046422462e-5,1.649662791343415e-5,1.2116353431897847e-5,8.91838062649919e-6,6.577110113498575e-6,4.858859400316007e-6,3.595110796485073e-6,2.6638410882475367e-6,1.976379893247498e-6,1.4680932281239954e-6,1.0917387588780194e-6,8.127019314797258e-7,6.055652207112453e-7,4.516277476388094e-7,3.371058134516849e-7,2.5182343407419495e-7,1.882568487576389e-7,1.4083561046998533e-7,1.0543022781814779e-7,7.89758116255472e-8,5.919511855032141e-8,4.4394399142075336e-8,3.3312680207352824e-8,2.5010337437992255e-8,1.8786607227742224e-8,1.4118446950027016e-8,1.0615166778952025e-8,7.984728653052232e-9,6.008686889117789e-9,4.523536978162428e-9,3.4068215290753717e-9,2.566771322927303e-9,1.9345758933454834e-9,1.458611806210269e-9,1.1001297108891114e-9,8.300292716731992e-10,6.264460117504778e-10,4.729445517730203e-10,3.571650629474594e-10,2.698086739967622e-10,2.0387653844855764e-10,1.5409884675262763e-10,1.1650615460129396e-10,8.810740090521292e-11,6.6647950047544e-11,5.04276883581185e-11,3.8164210470253355e-11,2.8889876058698387e-11,2.1874320784085133e-11,1.656610492808057e-11,1.2548756780466005e-11,9.507647723635094e-12,7.205021131488923e-12,5.461161592953001e-12,4.140189891694843e-12,3.139344006551294e-12,2.380888126288318e-12,1.806003520573379e-12,1.3701744695506785e-12,1.0397023824115939e-12,7.890715228055359e-13,5.989577570491839e-13,4.5472297032125563e-13,3.452764062445426e-13,2.6221329396727065e-13,1.9916308015756956e-13,1.5129614500539397e-13,1.1495037957286268e-13,8.734843661260962e-14,6.638359108273917e-14,5.045752754786932e-14,3.8357437175472555e-14,2.916287939587415e-14,2.2175185858784768e-14,1.6863940430560397e-14,1.2826397150872456e-14,9.756702847573135e-15,7.422551385385471e-15,5.647471958592042e-15,4.297389443740647e-15,3.270424675893847e-15,2.4891523176303867e-15,1.894723223752337e-15,1.442401581838978e-15,1.0981757616567341e-15,8.3618416367470515e-16,6.36759792176127e-16,4.849446206356542e-16,3.69360721499059e-16,1.4067618338497024e-16
0.00046828048062527543,0.0005290342795115904,0.0003472694562455126,0.00023694777002045055,0.00016507453670362368,0.00011655951520967095,8.309339958919876e-5,5.9664945498695684e-5,4.308630112866043e-5,3.1258114772311275e-5,2.2764230019998695e-5,1.663245215495951e-5,1.2186437272828618e-5,8.950749730607892e-6,6.588390983336634e-6,4.858859400316007e-6,3.5895449087911533e-6,2.6559699696947884e-6,1.967999572931943e-6,1.4601346372692692e-6,1.0846306862143894e-6,8.065898308853754e-7,6.004419873691363e-7,4.474107576221187e-7,3.3368127651250843e-7,2.4907100655487343e-7,1.8606246787802855e-7,1.390974313800647e-7,1.0406063850690277e-7,7.790132077754305e-8,5.8355182884231875e-8,4.3739809041586765e-8,3.280384964793215e-8,2.4615680116445713e-8,1.84810839627998e-8,1.3882313933309383e-8,1.0432923925752917e-8,7.844251999933761e-9,5.900522495549222e-9,4.440332253012823e-9,3.342871000356893e-9,2.5176562172407363e-9,1.8968796944830065e-9,1.4296967789423535e-9,1.0779619784857826e-9,8.130423297265127e-10,6.13434518431177e-10,4.629818684338512e-10,3.495393610673269e-10,2.6397351326916046e-10,1.994126957454758e-10,1.506848734090298e-10,1.1389569231862057e-10,8.61117225853975e-11,6.512253414989066e-11,4.9261903154260615e-11,3.727339342711208e-11,2.820925608869401e-11,2.1354357200716756e-11,1.616891468211194e-11,1.2245377108427142e-11,9.275939711958264e-12,7.028064714535358e-12,5.326027184971282e-12,4.036998544611636e-12,3.060548510454804e-12,2.320723242598912e-12,1.7600656449504433e-12,1.3351003141772917e-12,1.0129233933863348e-12,7.686262104440951e-13,5.833483015891611e-13,4.4280567093625606e-13,3.361779948480941e-13,2.552670134364366e-13,1.9385986331061728e-13,1.4724732977545128e-13,1.118592363617961e-13,8.498842634392992e-14,6.458176371377438e-14,4.908184625180603e-14,3.730710025646185e-14,2.8360931246044563e-14,2.1562875700379746e-14,1.6396415517457848e-14,1.2469414818595547e-14,9.48412041398185e-15,7.214409901198317e-15,5.488533317860953e-15,4.176019599593274e-15,3.177741074776417e-15,2.418373038959076e-15,1.8406701014791055e-15,1.4011208750895894e-15,1.0666485625696288e-15,8.121053105594536e-16,6.183690801243245e-16,4.708979368513163e-16,3.5863165993934583e-16,2.731571116500434e-16,1.040369706553077e-16
0.00034640807522474254,0.00039135903534980206,0.0002569007231905682,0.00017529036819595402,0.00012212145109995968,8.623149065872695e-5,6.147391597263784e-5,4.414176715052901e-5,3.187687485902639e-5,2.312625541447662e-5,1.6842302918252316e-5,1.2305824896522398e-5,9.016481921216701e-6,6.622556284113112e-6,4.874740146610512e-6,3.595110796485073e-6,2.6559699696947884e-6,1.965227051473474e-6,1.4561977670567332e-6,1.0804235360561342e-6,8.02580821305138e-7,5.968502442208059e-7,4.443134062709157e-7,3.31078137385427e-7,2.46923045392464e-7,1.8431414071519028e-7,1.37689219943216e-7,1.0293568155600137e-7,7.700855632900409e-8,5.765048531232916e-8,4.318602407947846e-8,3.2370268579928874e-8,2.4277270411673206e-8,1.8217655977927573e-8,1.3677719798090257e-8,1.0274334968447018e-8,7.72153223581227e-9,5.80569967430481e-9,4.367159690737974e-9,3.2864697245193337e-9,2.4742258724819414e-9,1.863466993521728e-9,1.4040113187518826e-9,1.05823055584485e-9,7.978942440213157e-10,6.018116218850274e-10,4.5406825611639816e-10,3.42706566395322e-10,2.587378922327112e-10,1.9540235782315938e-10,1.4761406680867744e-10,1.115449944575782e-10,8.431274124883479e-11,6.374610658877783e-11,4.8209003118697426e-11,3.646813141091641e-11,2.7593495471802172e-11,2.0883576382697262e-11,1.5809028975304364e-11,1.1970299252408745e-11,9.065708353148353e-12,6.8674093114983e-12,5.2032680465000276e-12,3.943204068409778e-12,2.988889709610155e-12,2.265979531957643e-12,1.7182465504861034e-12,1.3031559889350804e-12,9.885231436761365e-13,7.499890900062567e-13,5.69113557384994e-13,4.319336826229228e-13,3.278745422987939e-13,2.4892538673248503e-13,1.890166171424789e-13,1.435484701088928e-13,1.0903438223745362e-13,8.283106762329799e-14,6.293417777362323e-14,4.7823574992039736e-14,3.634614760366528e-14,2.76270392275801e-14,2.100238853133572e-14,1.596835681795874e-14,1.2142491523550245e-14,9.234434535536135e-15,7.023710951817157e-15,5.342883679677644e-15,4.064775279023727e-15,3.092773326594841e-15,2.3534739428626437e-15,1.791098621505562e-15,1.363256202633272e-15,1.0377253879592504e-15,7.900116603468307e-16,6.01491932703685e-16,4.580053240240187e-16,3.4878263104473863e-16,2.656329748856181e-16,2.0232575344214038e-16,7.706046832519666e-17
