0.06134155474842773,0.10511477446663209,0.09364528206046963,0.0844645016944412,0.0767352189748427,0.07005812288671676,0.06419707948442577,0.05899548803431509,0.05434172578220231,0.050152173599487204,0.046361874447376605,0.0429189559385772,0.03978108855253093,0.036913125011569736,0.03428546420209433,0.0318728800917254,0.029653660474961874,0.02760895879420111,0.025722296527869837,0.023979174503474976,0.02236676464622711,0.020873662217018696,0.019489684275188768,0.01820570398242677,0.017013513062512364,0.015905706637403427,0.014875586040885791,0.013917076215834101,0.01302465505036482,0.012193292565051111,0.011418398292556697,0.010695775518502149,0.010021581303839261,0.009392291410045578,0.00880466940449573,0.008255739348116325,0.0077427615694022345,0.0072632111072456484,0.006814758472752175,0.006395252434480331,0.006002704574413251,0.0056352753998337585,0.005291261826362664,0.004969085873969381,0.004667284437701424,0.004384500014139342,0.004119472280274886,0.003871030433550887,0.0036380862138113146,0.003419627537293121,0.0032147126809490556,0.003022464963057532,0.002842067871435802,0.0026727605965684437,0.00251383393179104,0.0023646265061898694,0.002224521319926377,0.0020929425547854957,0.0019693526353132887,0.0018532495188869902,0.0017441641945704078,0.0016416583729802828,0.0015453223511773632,0.001454773037784015,0.0013696521251579802,0.0012896243965258188,0.0012143761573401128,0.0011436137807011998,0.0010770623578422941,0.0010144644455408053,0.0009555789027815668,0.0009001798098156842,0.0008480554633267384,0.0007990074418706937,0.0007528497364027911,0.0007094079409095556,0.000668518498707759,0.0006300280003937175,0.0005937925295665756,0.0005596770528967041,0.0005275548513424023,0.0004973069895194224,0.00046882182058566313,0.0004419945240413184,0.00041672667414085866,0.00039292583682541855,0.0003705051931240681,0.0003493831872278261,0.00032948319750024293,0.00031073322890253895,0.0002930656253179297,0.00027641680043668203,0.00026072698597322946,0.0002459399960125499,0.00023200300642465914,0.0002188663483313827,0.00020648331468660266,0.00019480997912426972,0.00018380502623534158,0.000173429592528375,8.182355869715751e-5
0.10511477446663209,0.18012498110079944,0.16047114703484233,0.14473916267094378,0.131494411026289,0.12005264877015565,0.11000924628778241,0.10109585887522998,0.09312121427124387,0.08594202608416901,0.0794469865121501,0.07354720907062196,0.06817015953425587,0.06325561086880827,0.058752839714085514,0.05461861966515014,0.050815745463018924,0.04731192230256542,0.044078913145999876,0.041091872685568354,0.03832881913728037,0.03577020968664468,0.033398595143235066,0.031198336011096783,0.02915536680578401,0.0272569987145318,0.02549175306199203,0.023849219765806673,0.022319936250132788,0.020895283239513063,0.01956739459090423,0.01832907888280716,0.01717375091132617,0.01609537158747909,0.015088394997468113,0.01414772160138783,0.01326865672058164,0.012446873598153246,0.011678380433188779,0.010959490882225087,0.010286797594963148,0.009657148416107958,0.009067624936771157,0.008515523124368235,0.007998335794106304,0.007513736718160358,0.007059566195524392,0.006633817926156332,0.006234627053613578,0.005860259256458708,0.005509100782688112,0.005179649334577749,0.004870505720523291,0.004580366200727118,0.004308015461856121,0.004052320161828923,0.0038122229928266305,0.003586737215916541,0.003374941625076844,0.0031759759035115687,0.002989036337732752,0.002813371858952571,0.0026482803843920974,0.002493105433148922,0.0023472329940557243,0.002210088624801862,0.002081134763920911,0.0019598682382361843,0.0018458179503400979,0.001738542732163735,0.0016376293514862028,0.0015426906596354498,0.0014533638696047832,0.0013693089545890012,0.0012902071580524234,0.0012157596067917872,0.0011456860193892054,0.0010797235031723314,0.0010176254330393451,0.000959160406273158,0.0009041112678668355,0.0008522742012274202,0.0008034578797381856,0.0007574826747245283,0.0007141799158762157,0.0006733912005420489,0.0006349677483815097,0.000598769798295597,0.0005646660446618212,0.0005325331102651425,0.0005022550533282724,0.0004737229063477618,0.00044683424463031265,0.0004214927824684675,0.00039760799513701567,0.0003750947649696695,0.0003538730499070865,0.0003338675730671162,0.0003150075318998774,0.00029722632565048687,0.0001402306499825954
0.09364528206046963,0.16047114703484233,0.14296199318168856,0.12894670687180199,0.11714722855862858,0.10695398528056765,0.09800650402364419,0.09006572412644709,0.08296124656753356,0.07656542156214519,0.07077908813164369,0.06552305980196405,0.060732717853471785,0.05635440768593636,0.052342941246058095,0.04865980929979852,0.04527186667678218,0.04215034278712093,0.03927008198798487,0.03660895023055233,0.03414736449662559,0.031867914575799294,0.029755055407456155,0.027794854136331426,0.02597478014957577,0.024283529272582538,0.022710875408574638,0.02124754444089272,0.019885106360658267,0.018615882432631015,0.017432864867236275,0.016329646966639688,0.015300362096605624,0.014339630142772952,0.013442510348196213,0.012604459619434072,0.01182129554413136,0.011089163482687459,0.010404507199981455,0.009764042585961807,0.009164734079352588,0.00860377346652988,0.008078560773554233,0.007586687009869392,0.007125918552619903,0.00669418298993521,0.006289556265486024,0.0059102509849969925,0.005554605763733192,0.005221075508305292,0.004908222538585985,0.00461470846723866,0.004339286762539238,0.004080795929326378,0.0038381532502839294,0.003610349035136101,0.0033964413315128866,0.0031955510559634748,0.003006857507510459,0.0028295942306857114,0.002663045197290992,0.0025065412797509665,0.002359456991653776,0.002221207472889522,0.0020912456992810274,0.0019690598982410323,0.001854171154066775,0.0017461311873632132,0.001644520294854325,0.001548945437160304,0.0014590384628254127,0.0013744544581302254,0.0012948702130883248,0.001219982794722397,0.0011495082197017122,0.00108318021873572,0.0010207490859487633,0.0009619806071041528,0.0009066550607600941,0.0008545662871230555,0.0008055208197183354,0.0007593370753051151,0.0007158445980092656,0.0006748833537053387,0.0006363030711310155,0.0005999626265413231,0.000565729468770728,0.0005334790819611634,0.0005030944833056238,0.00047446575348371496,0.00044748959747593214,0.00042206893371329705,0.00039811250968665654,0.00037553454217958797,0.00035425438050475534,0.0003341961911931283,0.00031528866270275676,0.00029746472885607174,0.0002806613097251602,0.0002648190688272359,0.0001249410927965113
0.0844645016944412,0.14473916267094378,0.12894670687180199,0.11630554431245521,0.10566293027667273,0.09646906095135455,0.08839880802873301,0.08123655096398608,0.0748285985106083,0.06905981704960751,0.06384076840684294,0.0591000303870135,0.05477932016111242,0.050830243971997646,0.04721204445205507,0.043889988184671935,0.04083417986236759,0.0380186698240087,0.03542076890471013,0.03302051326210953,0.030800239952600172,0.028744245793978718,0.02683850987393055,0.025070465407313725,0.023428810360531405,0.021903348885331853,0.020484857505449983,0.019164971383044516,0.01793608702347238,0.01679127854372292,0.01572422522076572,0.014729148486935961,0.013800756885713972,0.0129341977780561,0.012125014804288348,0.01136911027834317,0.010662711831514793,0.010002342730825092,0.009384795390334072,0.008807107668443392,0.00826654160326823,0.007760564290288541,0.007286830647915382,0.0068431678531648,0.0064275612570824925,0.006038141616080878,0.005673173496955064,0.005331044729923531,0.005010256800572974,0.004709416084509879,0.004427225839749568,0.004162478882432541,0.003914050878835784,0.0036808941949050267,0.0034620322511779156,0.0032565543358186316,0.0030636108340563323,0.0028824088365757353,0.002712208092940663,0.002552317280232648,0.0024020905591638705,0.0022609243931918377,0.0021282546086246606,0.0020035536753416766,0.001886328189995387,0.0017761165450395425,0.0016724867688012596,0.0015750345226088966,0.0014833812425826959,0.0013971724148838065,0.001316075973855215,0.0012397808136145536,0.0011679954044400177,0.0011004465059176564,0.0010368779697082185,0.0009770496250740418,0.0009207362410552714,0.0008677265597648517,0.0008178223954650003,0.000770837794703938,0.0007265982531111607,0.0006849399847268633,0.0006457092402336554,0.0006087616705109482,0.0005739617323403268,0.0005411821333819542,0.0005103033135974884,0.00048121296064615286,0.0004538055568635846,0.0004279819557276611,0.0004036489857247704,0.0003807190797736372,0.00035910992851481693,0.00033874415580980536,0.00031954901498852314,0.0003014561044465385,0.0002844011012992798,0.0002683235119287815,0.00025316643826792627,0.00023887635879599797,0.00011270146165496403
0.0767352189748427,0.131494411026289,0.11714722855862858,0.10566293027667273,0.09599427239041325,0.08764176995580653,0.08031005091203625,0.0738032286424255,0.06798167795849364,0.06274080243885849,0.057999349413260015,0.05369243333364859,0.04976710547749308,0.0461794011261113,0.04289229305206821,0.03987422665422502,0.03709804264658967,0.03454016627567613,0.032179984876904544,0.029999361681241843,0.027982250235736417,0.026114384487920805,0.02438302669103487,0.022776760141535346,0.021285317135630033,0.01989943491548546,0.018610734102828985,0.017411615374588796,0.016295171072387427,0.015255109134310274,0.014285687274214809,0.013381655743457399,0.012538207324452266,0.01175093345695069,0.011015785593115446,0.010329041033513953,0.009687272623700005,0.009087321789094271,0.008526274470579576,0.00800143959110719,0.007510329737230648,0.007050643786851329,0.006620251252091008,0.006217178139418272,0.005839594154095032,0.005485801100099122,0.005154222346307469,0.004843393244785957,0.0045519524020525975,0.004278633715920979,0.004022259100731521,0.003781731833370064,0.0035560304591778363,0.003344203204356175,0.0031453628475087425,0.0029586820073682976,0.0027833888088171777,0.0026187628931784238,0.0024641317419620695,0.0023188672869780616,0.002182382781613812,0.002054129911043888,0.0019335961213748157,0.0018203021492148308,0.0017137997351941506,0.0016136695063050169,0.001519519013631808,0.0014309809127640988,0.0013477112756328652,0.0012693880235916423,0.0011957094721428974,0.001126392978733591,0.0010611736857537128,0.0009998033514408734,0.0009420492622031797,0.0008876932201281745,0.0008365306001267767,0.0007883694716875923,0.0007430297803928173,0.0007003425849066852,0.0006601493454374101,0.0006223012599258435,0.0005866586446612986,0.0005530903560725144,0.0005214732508123342,0.0004916916815197632,0.0004636370256933132,0.0004372072454286464,0.00041230647584891526,0.00038884464032376206,0.0003667370905814579,0.0003459042700398396,0.0003262713988191066,0.00030776817893187185,0.00029032851832303495,0.0002738902724887622,0.0002583950025001804,0.00024378774837385993,0.00023001681673975698,0.00021703358187435007,0.00010239614962446585
0.07005812288671676,0.12005264877015565,0.10695398528056765,0.09646906095135455,0.08764176995580653,0.08001609577630386,0.07332237156336574,0.06738175803799695,0.06206678110732988,0.057281947007153056,0.05295307419236517,0.04902092386040979,0.04543715520863645,0.0421616295871865,0.039160542087978145,0.03640508416250843,0.03387046006592909,0.03153514663451218,0.02938032501160459,0.027389436766379505,0.025547831870356363,0.023842485752974873,0.022261769146008636,0.02079525885862965,0.019433580706477716,0.01816827799452958,0.016991700530341602,0.0158969102917646,0.014877600728854745,0.013928027315676272,0.013042947457824028,0.01221756823545167,0.011447500748760636,0.010728720062489483,0.010057529924146963,0.009430531573196566,0.00884459607485058,0.008296839701635722,0.007784601963230803,0.007305425947044336,0.006857040680960602,0.006437345272920503,0.0060443946163667855,0.005676386480898285,0.005331649830251611,0.005008634231719031,0.004705900239032709,0.004422110644496088,0.004156022509856472,0.003906479896131618,0.003672407221915308,0.003452803188445666,0.0032467352158385004,0.003053334341737643,0.002871790539145276,0.0027013484142177635,0.002541303249434218,0.0023909973610750437,0.0022498167428771226,0.0021171879711345404,0.0019925753482361447,0.001875478264342187,0.0017654287589434353,0.0016619892654034865,0.0015647505234435283,0.001473329645755448,0.001387368326482851,0.0013065311799679014,0.0012305041994849705,0.0011589933266679918,0.0010917231228676112,0.0010284355346082234,0.0009688887459634241,0.0009128561111878368,0.0008601251616821501,0.000810496681601644,0.000763783847040048,0.0007198114242014855,0.0006784150221336317,0.0006394403961062743,0.0006027427979843104,0.0005681863701744137,0.0005356435801328746,0.0005049946924658034,0.00047612727599074395,0.0004489357433713117,0.00042332092098182686,0.00039918964695070426,0.00037645439539976677,0.0003550329251413532,0.0003348479511024261,0.0003158268369472302,0.00029790130749517574,0.00028100717956034554,0.0002650841100006575,0.00025007535981657735,0.00023592757322715967,0.00022259057075755834,0.00021001715537999864,0.00019816293085701472,9.349306575548921e-5
0.06419707948442577,0.11000924628778241,0.09800650402364419,0.08839880802873301,0.08031005091203625,0.07332237156336574,0.06718866647042776,0.06174506004469138,0.05687474409559967,0.052490214925124956,0.04852349783111376,0.044920310572549305,0.04163635705575208,0.03863485705251002,0.03588483412175336,0.033359890128214165,0.031037303982247466,0.028897353353012578,0.026922793942955603,0.025098452746957767,0.023410905483358724,0.021848217324076324,0.02039973199662365,0.01905589839203453,0.017808126636403132,0.016648667578083864,0.015570511087443173,0.014567299617567087,0.013633254258358263,0.012763111099220403,0.011952066164644976,0.011195727529687227,0.010490073485457968,0.009831415835131752,0.00921636756426733,0.00864181425977828,0.00810488875859866,0.007602948589106123,0.007133555839227562,0.006694459141939529,0.006283577513736233,0.005898985821260222,0.0055389016827771115,0.005201673638955753,0.004885770448281937,0.0045897713825852615,0.004312357414580539,0.004052303201924068,0.003808469784852664,0.0035797979242935957,0.0033653020158677938,0.003164064523233673,0.002975230879826131,0.0027980048143218597,0.0026316440602108457,0.002475456413541924,0.002328796107143212,0.0021910604728542296,0.0020616868659901547,0.0019401498293765904,0.0018259584758712408,0.001718654070773061,0.001617807797390014,0.001523018690279973,0.0014339117223826532,0.0013501360333842485,0.001271363288080165,0.0011972861541046202,0.0011276168896081074,0.0010620860323671023,0.0010004411822955549,0.0009424458701832762,0.0008878785060805819,0.0008365314012247597,0.0007882098580805248,0.0007427313232810772,0.0006999245988253862,0.0006596291073284761,0.0006216942072681288,0.0005859785546398159,0.000552349507674469,0.0005206825714843266,0.000490860879876695,0.0004627747116148946,0.00043632103871583255,0.00041140310459545325,0.0003879300299151796,0.00036581644424965847,0.00034498214175897064,0.00032535175927241467,0.00030685447519811747,0.0002894237278576791,0.00027299695196007,0.00025751533195606056,0.00024292357116258677,0.00022916967559405074,0.0002162047515179939,0.00020398281585013323,0.00019246061851086772,0.00018159747596327913,8.567755761079189e-5
0.05899548803431509,0.10109585887522998,0.09006572412644709,0.08123655096398608,0.0738032286424255,0.06738175803799695,0.06174506004469138,0.056742538980796065,0.05226685238166762,0.04823758753687357,0.04459227816552447,0.04128104085425943,0.03826316909067118,0.035504863164989686,0.032977656833131364,0.030657291144569054,0.02852288621757315,0.02655631791877444,0.02474173933577284,0.023065206997443022,0.021514384445087187,0.02007830397310839,0.01874717282166294,0.017512213835844226,0.01636553320082995,0.015300009695142947,0.014309201231943736,0.013387265424566197,0.01252889163300791,0.011729242483623586,0.010983903266990613,0.010288837933821654,0.009640350650611834,0.009035052070035438,0.008469829621169711,0.007941821244584951,0.007448392095401796,0.0069871138127863275,0.006555746019473174,0.006152219767095221,0.0057746226843186504,0.005421185621198726,0.005090270612101974,0.004780360005072565,0.004490046624694044,0.004218024854017691,0.003963082536218243,0.0037240936082173354,0.0035000113900624796,0.0032898624628753675,0.003092741076024169,0.002907804031551234,0.0027342659990385876,0.0025713952198620355,0.0024185095644255333,0.0022749729093543697,0.002140191805517805,0.0020136124107237446,0.0018947176633959048,0.001783024676407459,0.001678082331696737,0.0015794690585724594,0.0014867907803355687,0.001399679014986794,0.001317789117354938,0.0012407986510133383,0.001168405879660172,0.0011003283681930778,0.0010363016848221468,0.0009760781963960366,0.0009194259495612332,0.0008661276311611663,0.0008159796018277141,0.0007687909971553913,0.0007243828914702682,0.0006825875194025437,0.0006432475509949732,0.0006062154164843195,0.0005713526770281564,0.0005385294380794627,0.0005076238023347442,0.0004785213593749768,0.00045111470946284683,0.0004253030189960063,0.00040099160540117,0.000378091549457611,0.000356519333077167,0.0003361965008133851,0.00031704934343014177,0.00029900860206600113,0.0002820091915369761,0.00026598994149045884,0.0002508933542287048,0.00023666537804512694,0.00022325519505285267,0.00021061502252860392,0.00019869992686899571,0.00018746764934595003,0.0001768784428544494,0.00016689491893587044,7.874095221173231e-5
0.05434172578220231,0.09312121427124387,0.08296124656753356,0.0748285985106083,0.06798167795849364,0.06206678110732988,0.05687474409559967,0.05226685238166762,0.0481442322062684,0.044432814956491096,0.04107506257398175,0.038025027147621904,0.035245213658704144,0.03270448898088962,0.030376632671019643,0.02823929964597327,0.026273257300501784,0.0244618113635664,0.022790365124332912,0.02124607514183341,0.01981757820289759,0.01849477186033288,0.01726863591604738,0.016131085651468147,0.015074849997761153,0.014093369526491428,0.013180710364368187,0.012331491025788649,0.011540819820538922,0.010804240987306535,0.010117688083812054,0.009477443454429607,0.008880102818904057,0.008322544203843207,0.007801900576890397,0.007315535653976996,0.006861022440383335,0.006436124135754534,0.006038777093205508,0.005667075570716468,0.0053192580509891785,0.004993694939479057,0.004688877476963865,0.004403407726529779,0.004135989512514385,0.003885420206005949,0.003650583265397786,0.003430441451161101,0.003224030644637818,0.003030454208967269,0.0028488778374841373,0.002678524841718516,0.0025186718358749458,0.002368644779979237,0.0022278153481576288,0.002095597591631908,0.0019714448695992703,0.0018548470239035664,0.0017453277756768124,0.0016424423247686643,0.0015457751341174907,0.0014549378833193828,0.0013695675772347655,0.001289324796524785,0.0012138920784513368,0.0011429724172262075,0.001076287874399364,0.0010135782902877567,0.0009546000884715147,0.0008991251661495912,0.0008469398635573624,0.0007978440063727103,0.0007516500155405597,0.0007081820793485433,0.0006672753831593291,0.0006287753923867167,0.0005925371847841764,0.0005584248284878756,0.0005263108023805928,0.0004960754557390423,0.00046760650433296316,0.00044079856032251674,0.00041555269361745126,0.0003917760223952436,0.00036938133073752353,0.00034828671153225126,0.00032841523282425324,0.000309694626023092,0.00029205699443028005,0.00027543854073760945,0.0002597793121541991,0.0002450229619765888,0.0002311165265134786,0.0002180102162996217,0.0002056572206588182,0.00019401352471615403,0.00018303773802780818,0.00017269093407926324,0.0001629364999088073,0.00015373999519609867,7.253451010695144e-5
0.050152173599487204,0.08594202608416901,0.07656542156214519,0.06905981704960751,0.06274080243885849,0.057281947007153056,0.052490214925124956,0.04823758753687357,0.044432814956491096,0.04100753978626093,0.03790866055504016,0.03509377225199406,0.03252827097699584,0.030183424172097628,0.0280350331571797,0.02606247579224541,0.02424800241929198,0.022576205989556786,0.021033615276624396,0.01960837713358643,0.018290004504687096,0.017069173885768008,0.01593756057248291,0.01488770320784183,0.01391289134649848,0.013007071311164353,0.01216476674523076,0.011381011087119863,0.010651289804363556,0.00997149068065789,0.009337860799992048,0.00874696913963946,0.008195673889365013,0.007681093778543313,0.007200582820446749,0.006751707984943761,0.006332229394203137,0.005940082700073207,0.005573363357161645,0.0052303125500043485,0.004909304567753778,0.004608835450773424,0.004327512758118157,0.004064046326584803,0.003817239908316214,0.0035859835896847464,0.003369246907010015,0.003166072584507379,0.0029755708296817784,0.0027969141290522456,0.0026293324937604196,0.002472109110884184,0.002324576360658852,0.002186112164710298,0.0020561366343506415,0.0019341089908648315,0.0018195247330267672,0.0017119130296085888,0.0016108343167451772,0.001515878082450288,0.0014266608218143906,0.0013428241483542727,0.001264033048446113,0.0011899742667447408,0.0011203548118228004,0.001054900572141075,0.0009933550335736903,0.0009354780901830693,0.000881044940886571,0.0008298450653625618,0.0007816812729224722,0.0007363688187438308,0.0006937345823236161,0.0006536163033830384,0.0006158618709836746,0.0005803286617821219,0.0005468829237951327,0.0005153992023915494,0.00048575980534217716,0.00045785430412436344,0.00043157906886790234,0.0004068368344934785,0.0003835362958872317,0.0003615917299861814,0.000340922642891193,0.0003214534402977689,0.00030311311956744344,0.00028583498197135276,0.0002695563636866344,0.0002542183843013525,0.00023976571158905533,0.00022614634145871546,0.00021331139207554466,0.00020121491116938985,0.00018981369566307147,0.00017906712279025213,0.0001689369919352173,0.00015938737650322138,0.0001503844851355302,0.00014189653165987397,6.694680661039482e-5
0.046361874447376605,0.0794469865121501,0.07077908813164369,0.06384076840684294,0.057999349413260015,0.05295307419236517,0.04852349783111376,0.04459227816552447,0.04107506257398175,0.03790866055504016,0.035043984387196914,0.03244183429728387,0.03007022196077158,0.02790258659822553,0.025916558605681983,0.024093074579175422,0.022415726474274478,0.020870271784878824,0.019444257504209972,0.018126726399285364,0.016907984069695126,0.015779411717486758,0.014733313848549645,0.013762793058671896,0.012861646096567592,0.01202427683637361,0.011245622835505814,0.010521092913110014,0.009846513750523755,0.009218083936008814,0.008632334200340347,0.008086092837296693,0.007576455493119749,0.007100758660936735,0.006656556334055264,0.006241599366314729,0.005853817164735681,0.005491301398934723,0.005152291462948197,0.004835161466115262,0.004538408562065499,0.004260642453471727,0.004000575932963282,0.003757016340658878,0.0035288578338449478,0.003315074378878319,0.003114713387251132,0.002926889926853707,0.0027507814485465895,0.0025856229752451443,0.0024307027068823164,0.002285358000410624,0.0021489716880539675,0.0020209687015513844,0.0019008129737823481,0.0017880045918247378,0.0016820771785547306,0.0015825954822339186,0.0014891531554673473,0.0014013707071674,0.0013188936122982935,0.001241390565969662,0.0011685518697987334,0.0011000879393581811,0.0010357279227571348,0.0009752184212141884,0.0009183223035093488,0.0008648176066376571,0.0008144965158625415,0.0007671644180195693,0.0007226390222711127,0.000680749543130835,0.000641335941005761,0.0006042482158475204,0.0005693457499932018,0.0005364966964307907,0.0005055774091354305,0.0004764719124409865,0.00044907140651753545,0.00042327380636354543,0.00039898331189673793,0.0003761100068800814,0.0003545694846893389,0.00033428249895770413,0.0003151746373564251,0.0002971760169309919,0.0002802209994423816,0.00026424792535599106,0.0002491988651661201,0.00023501938690578556,0.00022165833869659205,0.00020906764532712275,0.00019720211793125553,0.0001860192758574423,0.000175479179926863,0.00016554427631282863,0.0001561792503318232,0.00014735088950707312,0.00013902795527064287,0.0001311810627407841,6.189128403051494e-5
0.0429189559385772,0.07354720907062196,0.06552305980196405,0.0591000303870135,0.05369243333364859,0.04902092386040979,0.044920310572549305,0.04128104085425943,0.038025027147621904,0.03509377225199406,0.03244183429728387,0.030032924957888785,0.027837431743186536,0.025830766589011955,0.02399222131642964,0.022304148385773603,0.020751358395912578,0.019320666643470208,0.018000545013339253,0.01678085006903768,0.015652607412749597,0.014607838361381187,0.013639418959650595,0.012740964066191962,0.01190673113632143,0.011131539658355144,0.010410703166255697,0.00973997145433722,0.009115481143886855,0.0085337131411439,0.007991455826319077,0.007485773042413074,0.0070139761285062385,0.006573599382828449,0.006162378450080608,0.005778231214749643,0.005419240853492685,0.0050836407544937595,0.004769801059071377,0.004476216618776577,0.0042014961912092,0.003944352724271169,0.003703594599620594,0.0034781177246649697,0.003266898376378835,0.0030689867137037585,0.0028835008862663353,0.0027096216755724337,0.0025465876132370058,0.0023936905273741205,0.0022502714739767934,0.002115717015480953,0.0019894558124563602,0.0018709554985628166,0.001759719812286245,0.0016552859614329743,0.001557222199191674,0.0014651255927351087,0.001378619967127858,0.0012973540093906555,0.0012209995186267114,0.0011492497897763604,0.0010818181198165404,0.0010184364260530203,0.0009588539672918742,0.0009028361594280825,0.0008501634779406984,0.000800630440187737,0.000754044661203707,0.0007102259773074503,0.0006690056321514565,0.0006302255204163228,0.0005937374847511806,0.0005594026618789619,0.000527090874238181,0.0004966800636757966,0.0004680557640864159,0.0004411106101878618,0.00041574387972125385,0.0003918610666767842,0.00036937348330870305,0.0003481978888439383,0.0003282561430390397,0.0003094748827666147,0.0002917852200197248,0.0002751224598710137,0.0002594258369512945,0.0002446382691909969,0.00023070612760985217,0.00021757902108991267,0.0002052095950717892,0.0001935533432376301,0.00018256843132125142,0.00017221553220390234,0.00016245767155322402,0.00015326008329471542,0.00014459007425883042,0.0001364168974120417,0.00012871163308496953,0.0001214470776761149,5.729881967791962e-5
0.03978108855253093,0.06817015953425587,0.060732717853471785,0.05477932016111242,0.04976710547749308,0.04543715520863645,0.04163635705575208,0.03826316909067118,0.035245213658704144,0.03252827097699584,0.03007022196077158,0.027837431743186536,0.025802453140756132,0.02394249599916498,0.022238366343305505,0.020673707036374056,0.019234439335360343,0.017908342606926475,0.01668473167253376,0.015554204781516368,0.014508443739272014,0.013540053257222351,0.012642430275246974,0.01180965652372759,0.011036409341985742,0.010317887005641152,0.009649745710684221,0.009028046013602992,0.00844920701270993,0.007909966916910843,0.007407348926441654,0.006938631562428688,0.0065013227451757305,0.006093137051434966,0.005711975682098108,0.0053559087526353355,0.005023159584724685,0.004712090728335186,0.004421191487436332,0.004149066757692804,0.003894427012298307,0.003656079296656442,0.0034329191121226232,0.0032239230862373125,0.0030281423398078045,0.0028446964736840163,0.0026727681082474378,0.0025115979164405874,0.0023604800989494856,0.0022187582562386635,0.0020858216174243632,0.001961101590944904,0.0018440686054618863,0.0017342292133133708,0.0016311234319710544,0.0015343223012358916,0.0014434256365313432,0.0013580599606576073,0.0012778765980334186,0.0012025499173836211,0.0011317757098087064,0.0010652696907116552,0.0010027661152165745,0.0009440164974837961,0.0008887884253818146,0.0008368644626726533,0.0007880411317493508,0.0007421279703381835,0.0006989466563293613,0.000658330195459687,0.0006201221668712727,0.0005841760221004938,0.0005503544334196919,0.0005185286877490442,0.0004885781227753992,0.0004603896020476603,0.000433857026170905,0.00040888087749474215,0.0003853677957823716,0.000363230182636916,0.00034238583261205196,0.0003227575890646329,0.00030427302303885195,0.00028686413349620493,0.000270467067397427,0.0002550218582802674,0.0002404721820027456,0.00022676512848712315,0.00021385098833882812,0.00020168305335328558,0.0001902174299280258,0.000179412864512079,0.0001692305802959179,0.0001596341243619622,0.0001505892246074711,0.00014206365578110693,0.00013402711402433045,0.00012645109936921996,0.00011930880564869732,0.00011257501733585818,5.3113006435895685e-5
0.036913125011569736,0.06325561086880827,0.05635440768593636,0.050830243971997646,0.0461794011261113,0.0421616295871865,0.03863485705251002,0.035504863164989686,0.03270448898088962,0.030183424172097628,0.02790258659822553,0.025830766589011955,0.02394249599916498,0.022216627920634058,0.02063535232437924,0.019183491471194636,0.017847981733482066,0.016617483615482098,0.01548208236327725,0.014433054110164767,0.013462680416537753,0.01256409920347279,0.011731183497640463,0.01095844174014457,0.010240935035383092,0.009574207862667744,0.008954229604052344,0.008377344846387857,0.007840230866397652,0.007339861042628654,0.006873473196349261,0.006438542060488994,0.006032755227000891,0.00565399204398645,0.005300305027805874,0.004969903430452449,0.004661138663821854,0.0043724913296595,0.00410255964471512,0.003850049083281154,0.0036137630850836266,0.00339259469927658,0.0031855190533918304,0.0029915865520696305,0.00280991672239201,0.0026396926342265314,0.0024801558334304544,0.002330601733008024,0.0021903754145402923,0.0020588677978518877,0.0019355121417867355,0.0018197808435779644,0.0017111825075215997,0.0016092592572714767,0.0015135842689768912,0.00142375950460338,0.0013394136272117593,0.001260200081830521,0.0011857953270999512,0.0011158972046587667,0.0010502234341512422,0.0009885102231613069,0.0009305109824554181,0.0008759951376308139,0.0008247470292452493,0.000776564894150282,0.0007312599215688435,0.0006886553778046849,0.0006485857941681047,0.0006108962132221132,0.0005754414887317785,0.0005420856351915151,0.0005107012231468349,0.00048116881680074566,0.00045337645078403,0.0004272191430919753,0.0004025984415171463,0.0003794220011616462,0.00035760319069637423,0.0003370607253043072,0.00031771832438422763,0.00029950439221265897,0.00028235171997686385,0.00026619720761470855,0.0002509816040753045,0.00023664926474202975,0.00022314792478348236,0.00021042848735165418,0.00019844482558262645,0.0001871535974839922,0.0001765140727971546,0.00016648797102914673,0.00015703930991464244,0.00014813426358441066,0.00013974102980166903,0.0001318297056551042,0.00012437217114360686,0.0001173419801438532,0.00011071425825595702,0.00010446560707870175,4.9287007252764e-5
0.03428546420209433,0.058752839714085514,0.052342941246058095,0.04721204445205507,0.04289229305206821,0.039160542087978145,0.03588483412175336,0.032977656833131364,0.030376632671019643,0.0280350331571797,0.025916558605681983,0.02399222131642964,0.022238366343305505,0.02063535232437924,0.019166637205521808,0.017818123814842546,0.016577678576490007,0.015434769295772477,0.014380187084467977,0.013405829155681448,0.01250452656773221,0.011669905770673478,0.01089627598408574,0.010178536603537042,0.009512100341004498,0.008892828869558722,0.008316978514185225,0.00778115409214214,0.007282269424933208,0.006817513355184213,0.006384320341544708,0.0059803448877279175,0.005603439202322993,0.005251633598356065,0.004923119228778847,0.004616232823773783,0.004329443152749149,0.0040613389776938125,0.0038106183024047557,0.003576078752425063,0.0033566089444850705,0.0031511807253991747,0.002958842177184555,0.002778711300002956,0.002609970295669055,0.002451860385230986,0.002303677102897278,0.002164766015312798,0.002034518821896994,0.0019123697972026413,0.001797792540809591,0.0016902970045544058,0.001589426769890448,0.0014947565515245065,0.0014058899061734562,0.0013224571272516528,0.0012441133085625243,0.0011705365617939202,0.001101426374051282,0.0010365020933267542,0.0009755015306454687,0.0009181796689567145,0.0008643074698365984,0.0008136707697327626,0.0007660692583912384,0.0007213155327058449,0.0006792342199906654,0.0006396611649983081,0.0006024426756540361,0.0005674348229584517,0.0005345027907700476,0.0005035202716363856,0.00047436890515950916,0.0004469377556357793,0.0004211228260715613,0.00039682660579062196,0.0003739576491531369,0.0003524301831415574,0.00033216374164711255,0.00031308282454071273,0.00029511657974169107,0.00027819850661039806,0.00026226617919053105,0.00024726098784837343,0.0002331278980214624,0.00021981522490796112,0.00020727442295012232,0.0001954598891080626,0.0001843287789535411,0.00017384083473313784,0.00016395822455388988,0.00015464539194337198,0.0001458689150975064,0.0001375973751439009,0.00012980123282761106,0.00012245271305160463,0.00011552569674720941,0.00010899561960188431,0.00010283937717547832,9.703523598842312e-5,4.578137510105563e-5
0.0318728800917254,0.05461861966515014,0.04865980929979852,0.043889988184671935,0.03987422665422502,0.03640508416250843,0.033359890128214165,0.030657291144569054,0.02823929964597327,0.02606247579224541,0.024093074579175422,0.022304148385773603,0.020673707036374056,0.019183491471194636,0.017818123814842546,0.01656449900792939,0.01541133739288486,0.014348847991102698,0.013368469998666643,0.012462670867744857,0.011624786173587393,0.010848890905190367,0.01012969476927339,0.009462456113339873,0.008842910475366783,0.008267210757727572,0.007731876740218552,0.007233752169067548,0.006769968048019159,0.006337911046894545,0.0059351961659802055,0.005559642964712452,0.005209254793755919,0.00488220057401037,0.0045767987471439925,0.004291503087057849,0.004024890114658022,0.0037756478990265824,0.0035425660632636274,0.0033245268414606316,0.0031204970555372205,0.0029295209003420766,0.002750713441049657,0.002583254740675729,0.002426384545892196,0.0022793974693267743,0.002141638614684513,0.0020124995972826756,0.0018914149188296939,0.0017778586601534044,0.0016713414598208687,0.001571407750575425,0.0014776332283007905,0.0013896225313367733,0.001307007110479097,0.0012294432718248371,0.001156610376727825,0.0010882091847337245,0.00102396032669742,0.0009636028968326958,0.000906893153227846,0.0008536033175938033,0.0008035204659402571,0.0007564455024922073,0.0007121922100051248,0.0006705863701947784,0.0006314649487044847,0.0005946753393321173,0.0005600746628408888,0.0005275291161265915,0.00049691336775462,0.0004681099963048732,0.0004410089682577358,0.0004155071523906234,0.0003915078679905138,0.00036892046429430874,0.0003476599288513866,0.00032764652272167585,0.00030880544049538897,0.0002910664933530715,0.000274363813505131,0.00025863557845466796,0.00024382375371324785,0.00022987385261895657,0.00021673471205999485,0.0002043582830171982,0.0001926994348596541,0.00018171577246021324,0.000171367465228943,0.00016161708727368542,0.00015242946790046874,0.00014377155175833217,0.00013561226799021012,0.00012792240776496886,0.00012067450963921568,0.0001138427522211394,0.00010740285364854892,0.00010133197744175045,9.560864429538837e-5,9.021264942202256e-5,4.2562492547207776e-5
0.029653660474961874,0.050815745463018924,0.04527186667678218,0.04083417986236759,0.03709804264658967,0.03387046006592909,0.031037303982247466,0.02852288621757315,0.026273257300501784,0.02424800241929198,0.022415726474274478,0.020751358395912578,0.019234439335360343,0.017847981733482066,0.016577678576490007,0.01541133739288486,0.014338463996160511,0.013349949210582635,0.01243782836859783,0.011595093453420413,0.01081554411737215,0.01009366793561356,0.009424543000954438,0.008803757841152782,0.00822734494427349,0.0076917250987923735,0.007193660422443682,0.006730214439473692,0.0062987179280676875,0.00589673952887898,0.005522060313018079,0.005172651666124878,0.004846655966683058,0.004542369633898244,0.004258228195880509,0.003992793089165433,0.003744739949890455,0.003512848194823198,0.0032959917231689118,0.0030931305963104797,0.002903303573352979,0.0027256213986465924,0.0025592607520019475,0.002403458785143524,0.0022575081775836198,0.0021207526544065047,0.0019925829160371555,0.0018724329358876801,0.0017597765875785806,0.0016541245679683528,0.001555021586165526,0.001462043792404423,0.0013747964232550952,0.0012929116425367433,0.0012160465596364953,0.001143881408637363,0.0010761178736155043,0.001012477546960603,0.0009527005088131313,0.0008965440171519179,0.0008437812987944528,0.0007942004327197542,0.0007476033179872627,0.0007038047190998271,0.0006626313824452026,0.0006239212179698951,0.0005875225408963469,0.0005532933685734095,0.0005211007681097234,0.0004908202508570707,0.00046233521003461245,0.0004355363981802078,0.0004103214413894458,0.00038659438752293093,0.00036426528587491045,0.0003432497958952693,0.0003234688228198378,0.00030484817826765664,0.0002873182639315285,0.0002708137767046259,0.00025527343369789735,0.00024063971570051357,0.0002268586278083764,0.00021387947596414672,0.00020165465829526715,0.00019013947023916854,0.00017929192246393492,0.0001690725707162873,0.0001594443567576628,0.00015037245965270193,0.00014182415667763444,0.00013376869320160184,0.00012617716094698393,0.00011902238404734502,0.00011227881239001545,0.00010592242175229503,9.993062027744987e-5,9.428216088168862e-5,8.895705918663386e-5,8.39365166169974e-5,3.9601424167514917e-5
0.02760895879420111,0.04731192230256542,0.04215034278712093,0.0380186698240087,0.03454016627567613,0.03153514663451218,0.028897353353012578,0.02655631791877444,0.0244618113635664,0.022576205989556786,0.020870271784878824,0.019320666643470208,0.017908342606926475,0.016617483615482098,0.015434769295772477,0.014348847991102698,0.013349949210582635,0.012429591959319725,0.011580360821690422,0.010795731059217023,0.010069929903201436,0.009397825066583348,0.008774834056163333,0.008196849612694984,0.007660177820580011,0.007161486286481972,0.0066977604074797414,0.00626626620153975,0.00586451851022976,0.005490253634191117,0.005141405655010214,0.0048160858444833005,0.004512564675421285,0.004229256038603052,0.003964703340705297,0.0037175672141700616,0.0034866146158569755,0.0032707091265942595,0.0030688022942147383,0.0028799258870824407,0.0027031849444038164,0.0025377515266580067,0.0023828590830173163,0.0022377973645766464,0.0021019078211821224,0.001974579428314832,0.0018552448975472091,0.001743377229506779,0.0016384865736862528,0.0015401173636618512,0.001447845699951343,0.0013612769561935807,0.0012800435867436621,0.0012038031164749823,0.0011322362957524382,0.001065045405125,0.001001952696107422,0.0009426989558115328,0.0008870421843419421,0.0008347563752114547,0.0007856303897101694,0.0007394669172304021,0.0006960815143538836,0.000655301716042396,0.0006169662130054276,0.0005809240898016019,0.0005470341188429911,0.000515164105730697,0.0004851902818714046,0.00045699674071316386,0.0004304749141471661,0.0004055230859901348,0.00038204593971767706,0.00035995413782348266,0.0003391639304703908,0.00031959679119139203,0.0003011790776434233,0.00028384171560650196,0.0002675199044837335,0.0002521528427592134,0.00023768347197518965,0.00022405823788049228,0.00021122686756324185,0.0001991421613978736,0.00018775979876983545,0.00017703815663673052,0.00016693814000268712,0.00015742302349760085,0.0001484583032799313,0.0001400115585780859,0.00013205232218840412,0.00012455195932737587,0.00011748355428513411,0.00011082180433891328,0.00010454292044887771,9.862453427914855e-5,9.304561112150186e-5,8.778636834112048e-5,8.282819896686259e-5,7.815360009060619e-5,3.687305288494413e-5
