0.06134155474836911,0.10740457721865004,0.09718986735309398,0.08889050587094327,0.0818123286062582,0.07562398312617646,0.07012970435661292,0.06519970401946407,0.06074145710450196,0.05668560966860947,0.05297822912058181,0.049576181565360256,0.04644419956130785,0.04355293011827832,0.0408775835597639,0.03839696769461132,0.03609277849275372,0.03394906698849831,0.031951830579770135,0.03008869421575333,0.028348657881130834,0.026721893874344205,0.025199582085785877,0.023773774699785755,0.022437283980141387,0.02118358837415335,0.020006753314033177,0.01890136392411007,0.017862467462444187,0.016885523783014278,0.015966362459863492,0.015101145484759604,0.014286334655313537,0.01351866293701709,0.012795109210335498,0.012112875916060556,0.011469369196737467,0.010862181194515486,0.010289074222120137,0.009747966568304567,0.00923691973296184,0.008754126918720684,0.008297902629849668,0.007866673251599343,0.007458968498133323,0.007073413633514325,0.0067087223831982234,0.006363690462344446,0.006037189657563183,0.005728162406091711,0.005435616822820177,0.005158622132226592,0.0048963044658316135,0.004647842991079593,0.00441246634159749,0.004189449321018307,0.0039781098562183675,0.0037778061781891803,0.0035879342106263645,0.003407925149157748,0.003237243214702701,0.0030753835667346463,0.00292187036375903,0.0027762549588672553,0.002638114219818223,0.002507048963770679,0.0023826824981703007,0.0022646592593111303,0.002152643541291105,0.002046318308873564,0.0019453840878227088,0.0018495579271449042,0.0017585724280826942,0.0016721748349879315,0.0015901261839229158,0.0015122005047106188,0.0014381840727663991,0.001367874707471059,0.0013010811137111437,0.0012376222637597994,0.0011773268168050015,0.0011200325735332174,0.0010655859636350268,0.001013841563901774,0.0009646616449565278,0.0009179157448972047,0.0008734802679863894,0.0008312381068803151,0.0007910782868343763,0.0007528956306263601,0.0007165904427840087,0.0006820682119493705,0.0006492393303335359,0.0006180188291286543,0.0005883261289543976,0.0005600848044093904,0.0005332223618639345,0.0005076700297622864,0.0004833625606150034,0.00046023804400158533,0.00021911886499428705
0.10740457721865004,0.1880579505830955,0.17017295863960635,0.15564153962000882,0.14324828642135357,0.1324130363283298,0.12279302564192207,0.11416100898551429,0.106354984975503,0.09925352228168283,0.09276219070381142,0.08680546739578854,0.0813216028227528,0.07625920301515698,0.07157486387164558,0.0672314800977607,0.06319700325570743,0.05944350836967649,0.055946478335116456,0.052684245712923294,0.049637550601829616,0.04678918569474788,0.04412370786888298,0.04162720129372055,0.03928708095579614,0.03709192825716934,0.03503135234739829,0.0330958723012621,0.03127681634036916,0.029566235097905458,0.02795682654774201,0.026441870692151426,0.02501517246199758,0.02367101157482082,0.022404098319776966,0.021209534417109543,0.02008277824796989,0.019019613859894757,0.018016123251911875,0.017068661521435102,0.016173834514337126,0.015328478674983048,0.014529642835039103,0.013774571718916884,0.013060690970020217,0.01238559353052493,0.011747027230161328,0.011142883454972025,0.01057118678507668,0.010030085503379887,0.009517842888412398,0.009032829216124583,0.00857351440166379,0.008138461221442322,0.0077263190628849565,0.007335818153157536,0.006965764224592136,0.0066150335786750725,0.00628256851372444,0.005967373086357253,0.0056685091778398145,0.005385092840412831,0.005116290901373638,0.004861317803662987,0.004619432664485487,0.0043899365346721925,0.004172169843908433,0.003965510016979146,0.0037693692482851926,0.0035831924232699736,0.0034064551754949823,0.0032386620696152335,0.0030793449012317398,0.002928061105088184,0.0027843922643434257,0.0026479427134280184,0.0025183382280631397,0.0023952247967690757,0.00227826746795496,0.0021671492676412357,0.0020615701830988056,0.001961246207867244,0.0018659084444157467,0.001775302260366686,0.0016891864948547358,0.0016073327120069009,0.0015295244982771496,0.0014555568009957907,0.0013852353053979381,0.0013183758479267844,0.0012548038633371991,0.0011943538635551705,0.0011368689464610927,0.0010822003326129322,0.0010302069282934478,0.0009807549132539901,0.000933717351642882,0.0008889738248368181,0.000846410084740852,0.0008059177263663904,0.00038369693932299633
0.09718986735309398,0.17017295863960635,0.15398906152828307,0.1408397551680287,0.12962523919652558,0.11982053458429398,0.11111548051569509,0.10330444667188488,0.09624084086926277,0.08981478204489646,0.08394082197658026,0.07855062136797564,0.0735883041441312,0.06900736479398017,0.0647685276932557,0.06083821689346225,0.057187432303486,0.05379090507764972,0.05062645009068101,0.047674460827474174,0.04491750930993621,0.04234002491501454,0.03992803339793227,0.03766894253301156,0.035551364326903756,0.03356496625472449,0.03170034578196157,0.029948923749313794,0.028302853180221965,0.02675494079577867,0.025298579084493844,0.02392768720244509,0.02263665930473646,0.02142031917302689,0.020273880206152284,0.019192910002599928,0.018173298897622037,0.01721123191687296,0.016303163697715117,0.015445796000104539,0.014636057482553255,0.013871085468792899,0.01314820946879769,0.012464936253159115,0.011818936303603866,0.011208031488297326,0.010630183831150997,0.01008348525837785,0.00956614822188348,0.009076497110756782,0.008612960372307743,0.008174063274622612,0.007758421248227648,0.007364733752847824,0.006991778621651262,0.006638406838916283,0.0063035377128550785,0.005986154409091227,0.005685299813232084,0.005400072695481109,0.005129624151134368,0.004873154294420132,0.004629909185578984,0.004399177971952162,0.0041802902263650965,0.0039726134671588115,0.0037755508464076687,0.0035885389928880795,0.0034110459982635843,0.003242569536206996,0.0030826351042690728,0.0029307943796716,0.00278662368086105,0.0026497225271010505,0.002519712289526771,0.0023962349268822694,0.002278951800129589,0.002167542560796751,0.002061704107718103,0.001961149607689207,0.0018656075757688614,0.0017748210111221963,0.0016885465850241116,0.0016065538773305035,0.0015286246583168586,0.0014545522131558832,0.0013841407060786286,0.0013172045818303849,0.001253568001945888,0.0011930643138492805,0.0011355355505394855,0.0010808319590113503,0.0010288115557543498,0.0009793397075340236,0.0009322887359937485,0.000887537544604227,0.0008449712665925015,0.000804480932690959,0.0007659631574080308,0.0007293198427436049,0.00034722894920334157
0.08889050587094327,0.15564153962000882,0.1408397551680287,0.12881339464338293,0.11855658585630247,0.10958918542738871,0.10162752173515166,0.09448352626453982,0.08802312649988253,0.08214582574042595,0.07677347344262331,0.07184356680200255,0.06730500181392074,0.06311524474390162,0.05923837427481993,0.05564368198347425,0.052304644501936615,0.04919815103977532,0.046303911161018174,0.04360399281298233,0.04108245642150088,0.03872506113962915,0.03651902615972491,0.03445283466173221,0.032516071210398234,0.030699285696685008,0.028993878576221044,0.027392003359686945,0.025886483208712008,0.024470739153862386,0.02313872796604599,0.02188488810413275,0.020704092459206014,0.01959160685716338,0.018543053466370918,0.017554378404994853,0.016621822965226185,0.015741897962233575,0.014911360797328854,0.014127194889546058,0.013386591178844776,0.012686931449996885,0.012025773260999018,0.011400836292170285,0.010809989953862897,0.010251242114352577,0.009722728828299082,0.009222704958990663,0.008749535602538216,0.00830168823285879,0.007877725495607779,0.0074762985888382205,0.007096141173309811,0.006736063763045891,0.006394948552596952,0.006071744640709115,0.005765463615401228,0.005475175468893409,0.0052000048135242005,0.0049391273739120695,0.0046917667314384515,0.0044571913004379515,0.004234711517708309,0.004023677227751932,0.0038234752484623408,0.0036335271029449973,0.0034532869051607518,0.003282239387103772,0.003119898056964686,0.0029658034788773713,0.0028195216649294016,0.0026806425713673393,0.0025487786915303415,0.0024235637384497563,0.002304651411099569,0.0021917142380977403,0.0020844424935433786,0.001982543180295518,0.0018857390758031875,0.0017937678363920198,0.0017063811561036507,0.0016233439763333121,0.0015444337431729238,0.001469439709083073,0.001398162276057914,0.001330412377787641,0.0012660108981156874,0.001204788123605631,0.0011465832279539574,0.0010912437864243896,0.0010386253182556524,0.0009885908553511104,0.0009410105357335469,0.000895761220123685,0.0008527261303047443,0.0008117945079264555,0.0007728612924969066,0.000735826817501891,0.0007005965234642888,0.0006670806869584801,0.0003175970823588812
0.0818123286062582,0.14324828642135357,0.12962523919652558,0.11855658585630247,0.10911656067001774,0.1008632582589919,0.09353559826029811,0.08696048970918846,0.0810145374644542,0.07560524826052517,0.07066069536528108,0.06612335361560673,0.061946188858610585,0.05809005468285311,0.054521890486840086,0.051213433412231835,0.04814027236130636,0.04528113703864589,0.042617352892272975,0.040132415933537335,0.03781165597275837,0.035641966262117464,0.033611583816721136,0.031709908976355616,0.029927355752325413,0.02825522660452484,0.026685606819464303,0.02521127476629781,0.02382562513500036,0.022522602871063058,0.021296645994805685,0.020142635853717672,0.019055853630148445,0.018031942148751867,0.01706687219834535,0.016156912718985672,0.015298604317885711,0.014488735661207452,0.013724322363907027,0.0130025880593711,0.012320947375694474,0.011676990587640323,0.011068469745341453,0.01049328611054326,0.009949478751223123,0.009435214167178019,0.008948776836496669,0.008488560584634652,0.00805306069157094,0.0076408666623510035,0.0072506555948958495,0.0068811860878103814,0.006531292635661434,0.0061998804662558304,0.0058859207798463015,0.005588446353172238,0.005306547476127035,0.005039368192007385,0.0047861028147807155,0.004545992700596774,0.004318323251526521,0.004102421132554629,0.003897651684903816,0.0037034165195022756,0.003519151276526175,0.0033443235378454034,0.0031784308810419576,0.0030209990636913334,0.002871580328197544,0.0027297518185293093,0.0025951141002792666,0.0024672897766204877,0.0023459221932879623,0.0022306742260852636,0.0021212271453807663,0.0020172795518862974,0.0019185463788274557,0.0018247579561844127,0.0017356591325030299,0.0016510084505068495,0.0015705773729180958,0.0014941495550309172,0.0014215201611917604,0.0013524952220780422,0.0012868910301656634,0.001224533571088638,0.0011652579884030255,0.0011089080797443591,0.0010553358222950074,0.0010044009258822657,0.000955970411822462,0.0009099182159538546,0.0008661248144627848,0.0008244768709920018,0.000784866903800318,0.0007471929717340654,0.0007113583778583701,0.0006772713897725546,0.0006448449755165741,0.0006139965541619649,0.0002923238801470123
0.07562398312617646,0.1324130363283298,0.11982053458429398,0.10958918542738871,0.1008632582589919,0.09323427825905606,0.08646091605417738,0.08038317518825822,0.07488699548934319,0.06988688090104289,0.06531634601875247,0.06112221751083968,0.05726101939768058,0.053696566723010486,0.05039829994060563,0.04734009429131114,0.044499385385294854,0.04185651202868823,0.03939421239920127,0.037097231031514744,0.034952007529673756,0.032946426662930905,0.03106961530589225,0.02931177565074039,0.027664046875603643,0.026118389394971686,0.02466748722822648,0.023304665044970696,0.022023817210389873,0.02081934671791652,0.019686112334374783,0.018619382615831848,0.017614795705566788,0.01666832403085694,0.015776243172653914,0.01493510430806394,0.014141709729834473,0.01339309102415126,0.012686489557502567,0.012019338978430244,0.011389249481677938,0.010793993621253772,0.010231493488515042,0.00969980909887505,0.009197127849252834,0.00872175492849575,0.008272104579019474,0.007846692118818915,0.007444126645723165,0.00706310435484972,0.006702402408140462,0.0063608733030453,0.006037439691795987,0.005731089609242901,0.005440872072212388,0.005165893016098835,0.0049053115389189605,0.004658336425982235,0.004424222930621821,0.00420226978993625,0.003991816455189645,0.003792240519333162,0.0036029553260046726,0.0034234077450444877,0.0032530761015216875,0.003091468246096858,0.0029381197562472344,0.0027925922579003434,0.002654471858501567,0.0025233676835173594,0.0023989105084452345,0.0022807514794662975,0.0021685609163882083,0.002062027191870368,0.0019608556818142275,0.0018647677816439265,0.0017734999839558938,0.0016868030135435905,0.0016044410156372882,0.001526190793875011,0.001451841094684058,0.0013811919348783903,0.0013140539698412897,0.0012502478994204404,0.0011896039091228126,0.0011319611444864618,0.0010771672163299266,0.0010250777350202661,0.0009755558718337436,0.0009284719458572711,0.0008837030346882449,0.0008411326074933903,0.0008006501791367193,0.0007621509839797966,0.000725535668216544,0.0006907099995968422,0.0006575845934742221,0.0006260746542754679,0.0005960997313820687,0.0005675834885853111,0.00027022674319094903
0.07012970435661292,0.12279302564192207,0.11111548051569509,0.10162752173515166,0.09353559826029811,0.08646091605417738,0.08017968134042075,0.0745435234106191,0.06944666999423155,0.06480983739392165,0.06057137119992628,0.05668196178420137,0.0531012922342744,0.04979580687468366,0.04673716668154626,0.04390114517348631,0.04126681753151318,0.03881595117775094,0.036532538560402616,0.03440243269675214,0.03241305850466836,0.030553181057257794,0.028812717277986732,0.027182581272241157,0.025654556047325694,0.024221186173631004,0.022875687247394194,0.02161186896379763,0.02042406931813695,0.019307097975849452,0.01825618725827538,0.01726694949987634,0.016335339767422796,0.01545762312203397,0.01463034575088934,0.013850309412130724,0.01311454873318657,0.012420310974240761,0.011765037932984473,0.011146349717845588,0.010562030155551877,0.010010013635059462,0.00948837321731441,0.008995309865814066,0.00852914267010596,0.00808829995301441,0.007671311167230022,0.0072767994970192595,0.0069034750926040556,0.0065501288731827645,0.006215626841916247,0.005898904863792256,0.0055989638613383325,0.005314865389209722,0.00504572755330189,0.004790721242593443,0.004549066646109726,0.004320030030111999,0.004102920752741199,0.0038970884965957298,0.003701920700370037,0.0035168401732908333,0.0033413028778454396,0.0031747958669259,0.0030168353633298686,0.0028669649703277067,0.002724754003583532,0.002589795934735392,0.002461706938312526,0.0023401245345723437,0.0022247063209047194,0.0021151287854377435,0.0020110861969547256,0.001912289565550604,0.001818465669282683,0.00172935614192396,0.0016447166176263989,0.0015643159287904579,0.0014879353532830791,0.001415367907773312,0.0013464176841065482,0.0012808992257542819,0.0012186369419006499,0.0011594645565009554,0.0011032245900752767,0.001049767872268504,0.000998953083044339,0.0009506463207895784,0.0009047206955425866,0.0008610559459067968,0.000819538078033432,0.0007800590253388209,0.0007425163277599463,0.0007068128292530198,0.0006728563924799508,0.000640559629620235,0.0006098396483208909,0.0005806178119478773,0.0005528195132022008,0.000526373960323569,0.0002506069876007976
0.06519970401946407,0.11416100898551429,0.10330444667188488,0.09448352626453982,0.08696048970918846,0.08038317518825822,0.0745435234106191,0.06930359531442742,0.06456505526550438,0.06025419384322972,0.05631369143284903,0.052697705262418015,0.04936875301373167,0.046295638234677305,0.043452014350689905,0.04081535818356852,0.03836621608290358,0.036087637352181234,0.03396473988286974,0.031984371321822413,0.030134840698626597,0.028405702973940294,0.02678758397406511,0.025272036597042025,0.023851421551850938,0.022518807566440202,0.021267887216051384,0.02009290540495956,0.018988598193882822,0.017950140151600458,0.016973098786851437,0.016053394903719098,0.015187267941992655,0.014371245540974908,0.013602116700890787,0.012876908024538392,0.012192862611739824,0.011547421245614864,0.010938205569586246,0.010363003001489873,0.009819753167111034,0.009306535669095672,0.008821559032694604,0.008363150693505211,0.007929747908338003,0.007519889487675735,0.007132208261996842,0.006765424203641929,0.006418338136867707,0.006089825976561394,0.005778833442925013,0.00548437120649263,0.005205510421617862,0.004941378612198122,0.0046911558777003315,0.0044540713899289125,0.004229400154868473,0.0040164600164555725,0.003814608881110071,0.003623242144877928,0.0034417903056392085,0.003269716745261164,0.0031065156682115527,0.0029517101837309434,0.0028048505203528695,0.0026655123622752463,0.0025332952985537838,0.0024078213761038678,0.002288733748774273,0.002175695415596819,0.0020683880413761915,0.0019665108537023634,0.0018697796109084924,0.0017779256357953604,0.0016906949107099445,0.001607847229430838,0.0015291554019626237,0.0014544045087956127,0.0013833912010446751,0.0013159230434635037,0.0012518178974714363,0.001190903341438579,0.001133016125961419,0.001078001661651947,0.0010257135373603656,0.0009760130670012288,0.0009287688630005425,0.0008838564347612016,0.0008411578104863815,0.0008005611810227541,0.000761960564221521,0.0007252554885762447,0.0006903506950254202,0.0006571558557155015,0.0006255853087435686,0.0005955578078917067,0.0005669962864352437,0.0005398276342470955,0.0005139824873272615,0.0004893950290348961,0.00023300140119547532
0.06074145710450196,0.106354984975503,0.09624084086926277,0.08802312649988253,0.0810145374644542,0.07488699548934319,0.06944666999423155,0.06456505526550438,0.060150540626514815,0.05613445748060486,0.052463406172572835,0.049094679012152476,0.0459933570079506,0.043130377156401334,0.040481194657478015,0.038024826632474085,0.03574314981101934,0.03362037270409224,0.03164263094359088,0.029797671621897615,0.02807460327277056,0.026463695154063993,0.02495621415474719,0.023544290834842496,0.022220808320693786,0.020979309337623597,0.01981391779464098,0.01871927215721686,0.0176904684582041,0.0167230112500088,0.015812771152830807,0.014955947921291346,0.014149038155121585,0.013388806944460152,0.012672262866717021,0.011996635853024712,0.011359357526067121,0.010758043672996515,0.010190478572936978,0.009654600942794467,0.009148491298580919,0.008670360560787349,0.008218539756108645,0.0077914706899033515,0.007387697478647648,0.007005858847792923,0.006644681113300049,0.006302971773884614,0.005979613651223251,0.0056735595226673485,0.0053838271973739305,0.0051094949933404715,0.00484969757634271,0.004603622127019952,0.004370504806356895,0.004149627492024424,0.003940314761666716,0.003741931101572421,0.003553878321008147,0.0033755931553067775,0.0032065450413650276,0.0030462340514638073,0.00289418897284862,0.0027499655210516047,0.0026131446765100194,0.002483331134703337,0.002360151861396362,0.0022432547445918674,0.002132307335984865,0.002026995675494421,0.001927023192504665,0.0018321096783019755,0.0017419903246062018,0.0016564148233706305,0.001575146523740474,0.0014979616419334603,0.0014246485204109996,0.001355006933132133,0.0012888474335491888,0.0012259907425466246,0.001166267173656376,0.0011095160929835285,0.0010555854117296828,0.0010043311090064677,0.0009556167830014131,0.0009093132287913523,0.0008652980409561938,0.0008234552395003543,0.0007836749175348136,0.0007458529094732155,0.0007098904783426931,0.0006756940210534117,0.0006431747905905928,0.0006122486340073233,0.0005828357453042093,0.0005548604322756605,0.0005282508964676337,0.0005029390255222796,0.0004788601970980976,0.0004559530936925245,0.00021707976388899222
0.05668560966860947,0.09925352228168283,0.08981478204489646,0.08214582574042595,0.07560524826052517,0.06988688090104289,0.06480983739392165,0.06025419384322972,0.05613445748060486,0.05238654550773014,0.04896062438175586,0.045816838496459455,0.042922600800971655,0.040250789158393196,0.037778497901039154,0.035486145410447145,0.03335681870614271,0.031375780867941794,0.029530093399537494,0.02780832164850866,0.026200301484008093,0.024696951983813942,0.02329012323305757,0.0219724713103146,0.020737354602705704,0.01957874704713003,0.018491164951733474,0.01746960481821125,0.01650949015859854,0.015606625722975553,0.014757157882741845,0.013957540163746673,0.013204503113336319,0.012495027839249218,0.011826322676249279,0.011195802530709481,0.010601070531526202,0.010039901673535578,0.009510228191661724,0.00901012644529628,0.00853780512365987,0.008091594612131714,0.007669937381712955,0.007271379284396834,0.0068945616511000285,0.006538214103881529,0.006201148006180657,0.005882250482980619,0.005580478952339235,0.005294856116535268,0.005024465367020087,0.004768446563499423,0.004525992150748989,0.004296343581663642,0.004078788018775037,0.003872655288539431,0.0036773150660806414,0.0034921742702648667,0.00331667465070358,0.0031502905509056267,0.002992526832324892,0.002842916946157431,0.0027010211411647653,0.002566424796307143,0.00243873686843947,0.00231758844594486,0.0022026314004549644,0.0020935371288217444,0.001989995378613607,0.0018917131511412,0.0017984136760698308,0.0017098354524732948,0.0016257313515682797,0.0015458677766256625,0.0014700238762235807,0.0013979908068882732,0.0013295710417340276,0.0012645777221085078,0.00120283404912545,0.0011441727124733118,0.0010884353540111455,0.0010354720637567767,0.000985140906296006,0.0009373074754591426,0.000891844475456656,0.0008486313268828843,0.0008075537958639918,0.000768503644957251,0.0007313783043577139,0.0006960805622491951,0.0006625182729935349,0.0006306040820793345,0.0006002551668632134,0.0005713929920567271,0.0005439430791060566,0.0005178347886057155,0.0004930011149482036,0.00046937849253344405,0.00044690661278077616,0.0004255282513153918,0.00020259455238978274
0.05297822912058181,0.09276219070381142,0.08394082197658026,0.07677347344262331,0.07066069536528108,0.06531634601875247,0.06057137119992628,0.05631369143284903,0.052463406172572835,0.04896062438175586,0.04575877220975033,0.042820601067629305,0.04011565547204088,0.03761858738309165,0.035307989422564856,0.033165560828743446,0.03117549491685856,0.02932401872185275,0.027599040063922775,0.025989872237612177,0.024487015951608793,0.02308198426834379,0.02176716035854681,0.02053568066478295,0.019381337998825188,0.018298500457985534,0.01728204303336872,0.0163272894993699,0.01542996270931063,0.014586141817225062,0.013792225252562185,0.013044898507881209,0.012341105976970468,0.011678026224629823,0.011053050179596569,0.010463761830249857,0.009907921075783394,0.009383448439543834,0.008888411399889745,0.0084210121324928,0.007979576487211981,0.007562544049993958,0.0071684591609800785,0.006795962779263115,0.006443785097706656,0.0061107388253289485,0.005795713065970376,0.0054976677296070114,0.005215628421580534,0.004948681761379345,0.004695971088156656,0.004456692515905913,0.004230091304278219,0.004015458515601034,0.003812127932150869,0.00361947320966112,0.0034369052462109306,0.0032638697476872064,0.0030998449726205232,0.0029443396416478362,0.002796890997346105,0.002657063002151218,0.002524444663404894,0.0023986484750477405,0.002279308966848588,0.0021660813526417425,0.002058640270235307,0.0019566786056671795,0.0018599063955221928,0.0017680498017077079,0.0016808501531330108,0.0015980630494845105,0.0015194575226466674,0.0014448152515600943,0.0013739298269321958,0.001306606062105222,0.0012426593469146117,0.0011819150417397561,0.0011242079088331983,0.0010693815784875577,0.0010172880477142161,0.0009677872091957522,0.0009207464086694837,0.0008760400287294474,0.0008335490973569518,0.0007931609196924656,0.0007547687314381456,0.000718271372588862,0.0006835729801424086,0.0006505826987018883,0.00061921440774961,0.0005893864645843249,0.0005610214620180107,0.0005340459998539118,0.0005083904693486858,0.00048398884985606516,0.0004607785169061778,0.00043870006108860833,0.00041769711703146944,0.0003977162018894611,0.00018935328141363042
0.049576181565360256,0.08680546739578854,0.07855062136797564,0.07184356680200255,0.06612335361560673,0.06112221751083968,0.05668196178420137,0.052697705262418015,0.049094679012152476,0.045816838496459455,0.042820601067629305,0.04007111042340061,0.037539867078528966,0.035203150964394414,0.03304092958389182,0.03103607753293336,0.029173803301377865,0.02744121848236436,0.025827007505186295,0.024321170006336157,0.02291481677431778,0.02160000593259026,0.020369609829915647,0.019217205707791563,0.018136985021458385,0.01712367756388694,0.016172487466542873,0.01527903882107634,0.014439329167261206,0.013649689462245818,0.012906749433236997,0.012207407434056905,0.011548804091981751,0.010928299165842842,0.010343451139528892,0.009791999157523656,0.009271846977474213,0.00878104866532578,0.008317795804089145,0.007880406023400094,0.0074673126843586846,0.0070770555797078916,0.006708272528805931,0.006359691764870223,0.006030125024111127,0.0057184612595543305,0.005423660912850514,0.0051447506845202495,0.00488081875142149,0.004631010386179316,0.004394523938514194,0.004170607143770225,0.003958553726813238,0.0037577002737485543,0.003567423347177384,0.0033871368225164844,0.003216289425865257,0.0030543624558215313,0.0029008676731502037,0.002755345344506166,0.002617362426869864,0.0024865108811999576,0.002362406105049057,0.002244685474333999,0.0021330069857359163,0.0020270479917493603,0.001926504021515181,0.0018310876805836054,0.00174052762372532,0.0016545675955471628,0.0015729655337149984,0.0014954927302842647,0.0014219330469740186,0.001352082180446284,0.0012857469742362272,0.0012227447738753401,0.0011629028222440302,0.0011060576925352866,0.0010520547561027119,0.001000747682908882,0.0009519979723975891,0.0009056745126954785,0.0008616531664189728,0.0008198163812030181,0.0007800528233701896,0.0007422570333487592,0.0007063291013320663,0.0006721743619609918,0.0006397031067667466,0.0006088303133567965,0.0005794753902016656,0.0005515619360791646,0.0005250175133303756,0.0004997734340118128,0.0004757645581979133,0.0004529291036827355,0.0004312084663829815,0.0004105470508509023,0.00039089211023495517,0.00037219359513873326,0.0001772020054488046
0.04644419956130785,0.0813216028227528,0.0735883041441312,0.06730500181392074,0.061946188858610585,0.05726101939768058,0.0531012922342744,0.04936875301373167,0.0459933570079506,0.042922600800971655,0.04011565547204088,0.037539867078528966,0.035168536843956155,0.03297944342425485,0.030953820049991476,0.029075623361799696,0.0273309964284838,0.02570786517557866,0.024195628985955786,0.022784919349017274,0.021467408698636448,0.02023565694681545,0.019082986784517086,0.0180033812572426,0.016991398815565717,0.016042102233330746,0.015150998652195269,0.014313988639206243,0.013527322613596682,0.012787563345375452,0.012091553497197871,0.011436387385533126,0.010819386292624772,0.010238076786809741,0.009690171605402365,0.009173552731632062,0.008686256361164962,0.008226459501088246,0.007792467986887458,0.0073827057367612525,0.006995705088220006,0.006630098085867869,0.006284608607442427,0.005958045232064821,0.00564929476603078,0.00535731635381953,0.005081136111832973,0.0048198422290766235,0.004572580486804909,0.004338550154730975,0.004117000226268264,0.003907225960297855,0.0037085656996426047,0.0035203979404390545,0.003342138629659583,0.0031732386697303078,0.003013181611961388,0.002861481522303498,0.002717681004351387,0.0025813493666676235,0.002452080921928529,0.0023294934071223933,0.002213226515194275,0.0021029405289485423,0.0019983150492229942,0.001899047809858126,0.0018048535730298826,0.001715463098525792,0.0016306221814534477,0.0015500907534695095,0.0014736420426602927,0.0014010617878585235,0.001332147503495345,0.0012667077912980815,0.0012045616956913967,0.0011455380996624812,0.0010894751583136637,0.0010362197676500248,0.0009856270660471358,0.000937559966259497,0.000891888715930593,0.000848490484642455,0.0008072489758896226,0.0007680540622129611,0.0007308014420117966,0.0006953923167309639,0.0006617330870102751,0.0006297350666552501,0.0005993142132460615,0.0005703908744317931,0.0005428895488399626,0.0005167386607173828,0.000491870347510243,0.0004682202595255539,0.0004457273709753042,0.0004243338016996952,0.0004039846489155459,0.00038462782843593207,0.0003662139247406649,0.0003486960493828987,0.000166014853640822
0.04355293011827832,0.07625920301515698,0.06900736479398017,0.06311524474390162,0.05809005468285311,0.053696566723010486,0.04979580687468366,0.046295638234677305,0.043130377156401334,0.040250789158393196,0.03761858738309165,0.035203150964394414,0.03297944342425485,0.030926626944767444,0.02902710319503543,0.027265827690036715,0.02562980624207911,0.024107716516386934,0.022689617895445102,0.021366725155122113,0.020131229204712553,0.018976153175698285,0.01789523548659533,0.01688283379567762,0.01593384534064124,0.015043640282502047,0.014208005483092867,0.013423096734424211,0.012685397898444029,0.011991685740546876,0.01133899949235953,0.0107246143711201,0.010146018428770581,0.009600892222099755,0.009087090885900567,0.008602628263573886,0.008145662809665583,0.007714485023225803,0.0073075062108733935,0.006923248410157817,0.0065603353278183285,0.006217484170005422,0.005893498258565721,0.005587260343326517,0.005297726530980845,0.00502392076275289,0.004764929782247476,0.004519898541168091,0.0042880259979136415,0.0040685612692937245,0.0038608001001667475,0.003664081620518622,0.0034777853620202998,0.003301328509860854,0.0031341633685262604,0.0029757750217794393,0.0028256791696968583,0.002683420127301897,0.0025485689706548006,0.0024207218182772175,0.002299498236191397,0.002184539756474757,0.002075508500322183,0.0019720858969994315,0.0018739714911985075,0.0017808818317843686,0.0016925494359015109,0.0016087218224201463,0.0015291606095541484,0.0014536406720446586,0.0013819493533435909,0.0013138857288441247,0.001249259916500052,0.0011878924313744148,0.0011296135811704328,0.0010742628997072456,0.0010216886157366697,0.0009717471548013473,0.0009243026717381912,0.0008792266118213543,0.0008363972986321147,0.0007956995468161518,0.0007570242982133362,0.0007202682797055986,0.0006853336813934172,0.0006521278538787045,0.0006205630233296709,0.0005905560232573291,0.0005620280418944662,0.0005349043842833769,0.0005091142480689644,0.00048459051216836677,0.000461269537574192,0.0004390909794870588,0.0004179976101221852,0.0003979351515301967,0.00037885211781906163,0.0003606996662575855,0.0003434314566787555,0.00032700351870025915,0.00015568706316999251
0.0408775835597639,0.07157486387164558,0.0647685276932557,0.05923837427481993,0.054521890486840086,0.05039829994060563,0.04673716668154626,0.043452014350689905,0.040481194657478015,0.037778497901039154,0.035307989422564856,0.03304092958389182,0.030953820049991476,0.02902710319503543,0.027244261857350183,0.025591175821603196,0.02405564920649489,0.022627055270647733,0.021296064101891,0.020054430197959494,0.018894824219673256,0.017810697921137764,0.01679617439871023,0.01584595794456678,0.014955259280449218,0.014119732996709322,0.013335424783946837,0.012598726597254362,0.011906338306308495,0.011255234689404647,0.01064263686621525,0.010065987444059815,0.009522928789321261,0.009011283946594839,0.008529039813217176,0.008074332244837529,0.007645432824060577,0.007240737065860953,0.006858753871009066,0.006498096068509623,0.006157471910584494,0.005835677404817705,0.00553158938406996,0.005244159229633283,0.004972407173102766,0.004715417113313622,0.004472331893346351,0.004242348988499192,0.004024716563001587,0.0038187298581515844,0.0036237278788438104,0.0034390903498784375,0.003264234915807143,0.003098614561600155,0.0029417152341147876,0.0027930536458338068,0.0026521752447829297,0.0025186523361167,0.0023920823421019963,0.0022720861891214403,0.0021583068106970082,0.002050407757054999,0.0019480719027783477,0.0018510002444585907,0.00175891078131888,0.0016715374722279241,0.0015886292634440038,0.0015099491814387113,0.0014352734859498749,0.0013643908789409097,0.0012971017651809864,0.0012332175607360947,0.0011725600459378156,0.0011149607595823396,0.0010602604315942434,0.0010083084513038895,0.0009589623688947176,0.000912087427861967,0.0008675561262342577,0.0008252478046749806,0.0007850482596689426,0.0007468493800672962,0.000710548805569278,0.0006760496055877099,0.0006432599771943812,0.0006120929609980189,0.0005824661737118732,0.0005543015564063065,0.0005275251374053883,0.0005020668089886337,0.0004778601169562347,0.00045484206227971655,0.000432952914140923,0.00041213603360427085,0.00039233770730736847,0.0003735069905507118,0.00035559555921094773,0.00033855756999014944,0.0003223495284550692,0.00030693016441338435,0.0001461301571153207
0.03839696769461132,0.0672314800977607,0.06083821689346225,0.05564368198347425,0.051213433412231835,0.04734009429131114,0.04390114517348631,0.04081535818356852,0.038024826632474085,0.035486145410447145,0.033165560828743446,0.03103607753293336,0.029075623361799696,0.027265827690036715,0.025591175821603196,0.024038404528847868,0.022596058124419727,0.02125415482494636,0.020003930967682493,0.01883764148359196,0.017748401861958807,0.01673006127840515,0.01577709950500661,0.014884542235144349,0.014047890855066747,0.01326306367997071,0.01252634638833211,0.011834349907388714,0.011183974390820167,0.010572378216031159,0.009996951150754968,0.00945529100778486,0.008945183235173376,0.008464582993465392,0.008011599351423426,0.0075844812955928875,0.007181605302001265,0.006801464257425283,0.006442657552923947,0.0061038822002865145,0.00578392484321219,0.005481654554840773,0.0051960163282751964,0.004926025180696056,0.004670760801068791,0.004429362681654919,0.004201025681668066,0.003984995976953634,0.003780567356029968,0.003587077827437335,0.003403906507367313,0.0032304707606992666,0.003066223570792344,0.0029106511166964374,0.0027632705389769863,0.0026236278767472337,0.0024912961607934936,0.0023658736491635607,0.0022469821927530165,0.00213426572020204,0.002027388831770935,0.0019260354932907273,0.0018299078222476922,0.0017387249584054146,0.001652222012362127,0.001570149085862546,0.001492270358547057,0.0014183632358308156,0.00134821755335654,0.0012816348339607063,0.0012184275931275898,0.001158418689446418,0.0011014407168468063,0.001047335435562135,0.0009959532392232323,0.0009471526554041959,0.0009007998773251161,0.0008567683246840201,0.0008149382315060759,0.0007751962592413512,0.0007374351334252585,0.000701553302279832,0.0006674546159203647,0.0006350480247087915,0.0006042472955289906,0.0005749707449063928,0.0005471409878042999,0.0005206847011533528,0.000495532401136237,0.0004716182334397953,0.0004488797755898954,0.0004272578506383934,0.00040669635154718525,0.0003871420755603228,0.0003685445679864653,0.0003508559748100319,0.0003340309035904437,0.00031802629219150266,0.0003028012848280146,0.0002883171150041457,0.00013726849748565018
0.03609277849275372,0.06319700325570743,0.057187432303486,0.052304644501936615,0.04814027236130636,0.044499385385294854,0.04126681753151318,0.03836621608290358,0.03574314981101934,0.03335681870614271,0.03117549491685856,0.029173803301377865,0.0273309964284838,0.02562980624207911,0.02405564920649489,0.022596058124419727,0.021240264852710744,0.019978886690445508,0.018803685947332838,0.01770738239213837,0.016683504702379393,0.01572627120704606,0.014830492984052146,0.013991494267196591,0.01320504643276077,0.012467312762540622,0.011774801853059763,0.011124328028725344,0.010512977481534624,0.009938079129111987,0.009397179391829685,0.008888020248700196,0.00840852005255402,0.007956756682980265,0.0075309526906096325,0.0071294621463721675,0.006750758959130521,0.0063934264618808745,0.006056148099861089,0.005737699080179376,0.00543693886247279,0.005152804388720816,0.004884303964457534,0.004630511716748345,0.004390562563133249,0.0041636476353365676,0.003949010109183915,0.0037459413973747746,0.0035537776678269684,0.003371896654645462,0.0031997147325486947,0.0030366842294929086,0.002882290954322242,0.0027360519193885477,0.002597513240464734,0.002466248197589775,0.002341855442638152,0.002223957340802059,0.0021121984342689915,0.0020062440180491983,0.0019057788182408539,0.0018105057643641315,0.0017201448482993958,0.0016344320626890813,0.0015531184125973409,0.0014759689946177122,0.0014027621384305813,0.0013332886058216968,0.0012673508428790517,0.0012047622815513047,0.0011453466867840413,0.0010889375459581657,0.0010353774975991083,0.000984517796489736,0.0009362178127450965,0.0008903445623315957,0.0008467722668732205,0.0008053819408387411,0.0007660610041246522,0.000728702918371453,0.0006932068454284009,0.000659477326442363,0.0006274239803153898,0.0005969612201599233,0.0005680079866003836,0.0005404874969081128,0.0005143270088722625,0.0004894575985195642,0.00046581395076392487,0.00044333416224512194,0.00042195955552519655,0.0004016345039556113,0.00038230626659959376,0.00036392483254308727,0.00034644277405134014,0.000329815108024328,0.00031399916524292235,0.000298954466975275,0.0002846426084613359,0.00027102714887552917,0.00012903675370885218
0.03394906698849831,0.05944350836967649,0.05379090507764972,0.04919815103977532,0.04528113703864589,0.04185651202868823,0.03881595117775094,0.036087637352181234,0.03362037270409224,0.031375780867941794,0.02932401872185275,0.02744121848236436,0.02570786517557866,0.024107716516386934,0.022627055270647733,0.02125415482494636,0.019978886690445508,0.018792425520523848,0.017687022961634435,0.01665583124293496,0.01569276345038928,0.014792381353792128,0.01394980426057929,0.013160634150905681,0.012420893585681575,0.011726973750886271,0.011075590634449406,0.010463747791015415,0.009888704493080158,0.009347948320172828,0.008839171434311899,0.008360249939462078,0.007909225836364109,0.007484291176255098,0.007083774087637634,0.0067061264067410364,0.006349912689131015,0.006013800414528744,0.005696551228079286,0.005397013086021835,0.005114113192429964,0.004846851631197149,0.004594295610725441,0.004355574251116559,0.004129873851975649,0.003916433587966547,0.0037145415864440895,0.003523531346386305,0.003342778463559015,0.0031716976309207473,0.003009739886835408,0.0028563900873326067,0.0027111645806205467,0.0025736090649866594,0.0024432966134596557,0.0023198258498434918,0.00220281926275967,0.0020919216456473863,0.0019867986517002473,0.001887135454290735,0.0017926355037473155,0.0017030193726122259,0.0016180236823591307,0.0015374001048537936,0.0014609144327209812,0.001388345713152675,0.0013194854404564443,0.0012541368026514864,0.0011921139780841916,0.0011332414784729974,0.0010773535348236676,0.0010242935231339102,0.0009739134270360071,0.0009260733346807652,0.000880640967565828,0.0008374912389407241,0.0007965058397591436,0.0007575728503858067,0.0007205863761905462,0.0006854462054659231,0.0006520574881777718,0.000620330434114651,0.0005901800292556093,0.0005615257690665208,0.0005342914076420947,0.0005084047217407892,0.00048379728868036195,0.00046040427725968676,0.00043816425084239677,0.00041701898190561575,0.00039691327727174076,0.0003777948133772066,0.0003596139809991612,0.0003423237388130822,0.00032587947527064256,0.00031023887828349715,0.0002953618122350267,0.0002812102019151977,0.0002677479229249479,0.00025494069817401724,0.00012137800007151148
