0.06134155474840375,0.09299657056493182,0.07582214740516546,0.0631455230803819,0.05322246618243165,0.045219464691819033,0.03864486514296972,0.03317503159669166,0.028582042136657382,0.02469791289817408,0.021394750194982437,0.01857280115401816,0.016152803664097604,0.014070848938840419,0.01227479733788775,0.010721699117611228,0.00937589028026159,0.008207556484857076,0.007191630287117334,0.006306931269534549,0.005535486702610379,0.004861988720129828,0.0042733562878914805,0.003758378687325231,0.003307423150242378,0.002912193502602224,0.0025655297419138745,0.0022612407323696,0.001993963891122795,0.0017590470166611583,0.0015524483893688962,0.0013706520310154055,0.0012105956007924766,0.0010696088715124626,0.0009453610992559772,0.0008358158956885582,0.0007391924508271218,0.0006539321469361849,0.0005786697620463327,0.0005122085906762702,0.0004534989155993343,0.00040161935257927717,0.0003557606631223488,0.0003152116913481542,0.0002793471320381227,0.0002476168799266428,0.00021953674644943286,0.0001946803606577628,0.00017267209694414847,0.00015318089420699593,0.00013591484980699127,0.00012061648766772872,0.00010705861350663844,9.504068192412287e-5,8.438561012483149e-5,7.493698167041927e-5,6.655659111853493e-5,5.912228682094047e-5,5.252607468470829e-5,4.667245051394775e-5,4.147693267552311e-5,3.6864770447067206e-5,3.276980652486749e-5,2.9133474875936947e-5,2.5903917481713405e-5,2.3035205571897692e-5,2.048665274046401e-5,1.8222208886651712e-5,1.620992529176524e-5,1.4421482330712943e-5,1.2831772352517594e-5,1.1418531174629012e-5,1.0162012431370632e-5,9.04469971148758e-6,8.051052032044168e-6,7.1672787278336e-6,6.38114030676945e-6,5.681772233760284e-6,5.059528965200397e-6,4.505845875598744e-6,4.013116996626353e-6,3.5745867338355113e-6,3.1842539436582044e-6,2.8367869417356164e-6,2.527448182153402e-6,2.2520274946184846e-6,2.006782895709281e-6,1.788388105677401e-6,1.5938860026096273e-6,1.4206473354440205e-6,1.2663340952157373e-6,1.1288670137564572e-6,1.0063967202044545e-6,8.972781395348431e-7,8.000477653430682e-7,7.134034811221193e-7,6.361866416768675e-7,5.673661593242252e-7,5.060243685247642e-7,4.5134446852926533e-7,2.0129968322204534e-7
0.09299657056493182,0.14099187557477766,0.11495665635634555,0.09573935021491597,0.08069604224344573,0.06856328980128312,0.058595839489775425,0.05030311833312662,0.04333963615882919,0.03745075654259544,0.0324426115717904,0.028163989142452106,0.024494737125879573,0.021337976127743186,0.018614666652388923,0.016259699520050686,0.014219009583068432,0.012447398918234126,0.010906865270179922,0.00956529866071057,0.00839545164210112,0.007374116474582221,0.006481461147053058,0.005700488956222202,0.005016595324868645,0.004417201938919146,0.003891452931479966,0.003429961266775819,0.0030245960375444372,0.0026683033258610225,0.0023549547615082725,0.0020792190588877282,0.001836452709103216,0.0016226067101713856,0.0014341467786522927,0.0012679849345509676,0.001121420712942526,0.0009920905481622284,0.0008779241156085596,0.0007771066118772135,0.000688046115009229,0.0006093453001530004,0.0005397768967783691,0.0004782623661288097,0.000423853354837923,0.00037571554582645477,0.0003331145823927198,0.00029540378763341993,0.00026201344064885265,0.00023244140430809905,0.00020624492773520416,0.00018303347093139282,0.00016246241961552976,0.00014422757616501828,0.00012806032776843624,0.00011372340597708185,0.00010100716314477435,8.972630097519685e-5,7.971699478118112e-5,7.083436435777299e-5,6.295024862614245e-5,5.5951246685751735e-5,4.973699264129846e-5,4.4218635674620854e-5,3.931750041458594e-5,3.496390576767088e-5,3.109612309125484e-5,2.7659456942867415e-5,2.4605433712865995e-5,2.1891085249433988e-5,1.9478316154574002e-5,1.733334481047007e-5,1.5426209401816333e-5,1.3730331252985537e-5,1.2222128727333337e-5,1.0880675742507798e-5,9.68739967030681e-6,8.625814014438625e-6,7.681281804885711e-6,6.840806131911043e-6,6.0928446654734246e-6,5.427145377314598e-6,4.834601012603226e-6,4.307120143801264e-6,3.837512894992344e-6,3.4193896485499187e-6,3.0470712418079375e-6,2.7155093363351697e-6,2.420215794579702e-6,2.1572000346741004e-6,1.922913452312623e-6,1.7142001045535369e-6,1.528252943122217e-6,1.3625749664717265e-6,1.214944732699845e-6,1.0833857391382524e-6,9.661392311638607e-7,8.616400528465564e-7,7.684951960326814e-7,6.854647438082797e-7,3.0572246945206527e-7
0.07582214740516546,0.11495665635634555,0.0937307436002699,0.07806306095902626,0.06579821436558175,0.055906209210516034,0.0477794923725805,0.04101813256911324,0.03534047352045577,0.030538925097933878,0.026455437150353256,0.022966733639217085,0.019974859478899987,0.017400832224677976,0.015180213119576735,0.013259919925566743,0.011595873965946635,0.01015122554425174,0.00889499125166554,0.007800991408862729,0.006847010586526869,0.006014126813650586,0.005286170277404828,0.0046492827499928085,0.004091556286692832,0.003602734955844386,0.0031739671509895123,0.0027975988273259075,0.0024670000920458054,0.0021764191567257493,0.001920858869813545,0.0016959719822045513,0.0014979720290258375,0.001323557286548021,0.0011698457199357803,0.0010343192032168207,0.0009147755876294204,0.0008092874328681429,0.0007161664107508767,0.0006339325503442097,0.0005612876248866777,0.0004970920896954605,0.00044034507059987314,0.0003901669778926826,0.00034578438375886845,0.00030651685428653794,0.000271765471837309,0.00024100282123717866,0.0002137642453022455,0.00018964020237911437,0.00016826958172128786,0.00014933385229644889,0.0001325519374686954,0.0001176757225118375,0.00010448611432586517,9.278958338928872e-5,8.241512719469875e-5,7.321160234774232e-5,6.5045379346154e-5,5.7798280005222965e-5,5.136576259609808e-5,4.565532423163538e-5,4.0585093890316954e-5,3.6082592814669964e-5,3.2083641941898426e-5,2.853139855995418e-5,2.5375506599519828e-5,2.2571346889508368e-5,2.007937539496744e-5,1.7864538925166677e-5,1.589575907962016e-5,1.4145476325648704e-5,1.2589247084655874e-5,1.1205387563162063e-5,9.974658821708583e-6,8.879988232455064e-6,7.906223059079388e-6,7.039912402095579e-6,6.269114197417924e-6,5.583224350965693e-6,4.972825436833e-6,4.429552689500158e-6,3.94597528937128e-6,3.5154911739796314e-6,3.132233815630238e-6,2.7909895886304872e-6,2.487124508931619e-6,2.2165192716735394e-6,1.97551163622529e-6,1.7608453192503515e-6,1.5696246526616524e-6,1.3992743497361948e-6,1.2475037982828225e-6,1.112275366376059e-6,9.917762655795986e-7,8.843935685522773e-7,7.886920242028377e-7,7.033943543949676e-7,6.273637520797057e-7,5.595883328245029e-7,2.4958365997251603e-7
0.0631455230803819,0.09573935021491597,0.07806306095902626,0.06501530140149092,0.05480122257551123,0.04656312258454298,0.03979507605279364,0.034164048722373885,0.02943549635363052,0.02543655109514731,0.02203559806487143,0.01912997954811041,0.016638123190462484,0.014494255654610821,0.012644714559641945,0.01104529447345301,0.00965928756472581,0.008456005876705863,0.007409646585697066,0.00649840718513392,0.00570378642995488,0.005010025749383321,0.004403658489037052,0.0038731430298359626,0.003408561917284905,0.0030013734785784216,0.0026442055604888187,0.0023306833458685283,0.0020552849448054883,0.0018132197709695708,0.0016003257211627334,0.0014129819546192593,0.0012480346765814977,0.0011027338101488211,0.0009746788207703402,0.0008617722622457843,0.0007621798585654566,0.0006742961344031063,0.0005967147694579972,0.0005282029846708416,0.0004676793776762986,0.0004141947154923612,0.00036691526768994204,0.0003251083261128643,0.0002881296096542141,0.0002554122968504999,0.00022645746625548496,0.00020082575593632652,0.0001781300801267944,0.0001580292636943633,0.0001402224743491682,0.00012444434898932879,0.00011046072460863757,9.806489627770887e-5,8.707433504948178e-5,7.732780751785887e-5,6.868284643213774e-5,6.101352837629601e-5,5.420852021558245e-5,4.816936096784571e-5,4.280895000439999e-5,3.8050216206507535e-5,3.382494591479333e-5,3.0072750295486567e-5,2.674015518034094e-5,2.377979854878263e-5,2.1149722667482263e-5,1.881274949924451e-5,1.6735929401740825e-5,1.4890054359997665e-5,1.324922806263866e-5,1.1790486069580114e-5,1.0493460138104413e-5,9.340081489582675e-6,8.31431842970501e-6,7.4019442828864815e-6,6.590332086946866e-6,5.868272918544201e-6,5.22581509026528e-6,4.654121789267866e-6,4.145345014511882e-6,3.6925139219712273e-6,3.289435911126953e-6,2.930608980177918e-6,2.6111440510213004e-6,2.3266961169839863e-6,2.073403199290753e-6,1.8478322171040518e-6,1.6469309793478435e-6,1.4679855989432167e-6,1.3085827103348607e-6,1.1665759431676004e-6,1.0400561679719698e-6,9.273250852155147e-7,8.268717785711242e-7,7.373518965479743e-7,6.575691651814744e-7,5.864589684981126e-7,5.230737633597679e-7,4.665701220288056e-7,2.0809860965998616e-7
0.05322246618243165,0.08069604224344573,0.06579821436558175,0.05480122257551123,0.0461924200529511,0.039248960132880484,0.033544462624622184,0.028798254473169527,0.02481266680632871,0.021442009594663636,0.018575359481136977,0.016126197308044488,0.014025774040281547,0.012218655628202069,0.010659614845496712,0.00931139458844435,0.008143056607514881,0.007128736130828789,0.006246685541362415,0.005478528681293601,0.0048086717075868785,0.004223832328692764,0.003712659915537486,0.0032654263006495904,0.002873772208389906,0.002530497920075911,0.0022293894371202896,0.001965073364598141,0.001732895202538505,0.0015288168400331738,0.0013493298963086243,0.0011913822090168086,0.0010523152823766202,0.0009298109118740863,0.0008218455227895667,0.0007266510164333842,0.0006426811248396221,0.0005685824419401526,0.0005031694360902485,0.00044540286075934674,0.0003943710723466314,0.00034927384046708025,0.0003094082994660194,0.000274156742868974,0.00024297600666485508,0.00021538822461820116,0.00019097277015801828,0.00016935922583789223,0.00015022124385798965,0.00013327118020527075,0.0001182554012099284,0.00010495017519417116,9.315807371528136e-5,8.270481709040409e-5,7.34365076051006e-5,6.521720129021454e-5,5.7926775619367805e-5,5.145905604753099e-5,4.5720169109758385e-5,4.0627093975467926e-5,3.610638793356553e-5,3.209306442024005e-5,2.8529604907912617e-5,2.5365088322550403e-5,2.255442370725693e-5,2.0057673629979354e-5,1.783945738969894e-5,1.5868424421336066e-5,1.4116789486943104e-5,1.2559922271985005e-5,1.1175984904122601e-5,9.94561170234378e-6,8.851626154831476e-6,7.8787907269704e-6,7.0135856324382096e-6,6.244013162115417e-6,5.559424574748181e-6,4.950366911042847e-6,4.408447405132625e-6,3.92621344469069e-6,3.497046273029527e-6,3.1150668392586014e-6,2.7750523913344617e-6,2.4723625704949415e-6,2.2028739119355983e-6,1.9629217846662826e-6,1.7492489156159223e-6,1.5589597432493453e-6,1.389479933114114e-6,1.2385204656472417e-6,1.1040457742305346e-6,9.84245472168338e-7,8.77509260376262e-7,7.824046543598828e-7,6.976572107916426e-7,6.221329704965353e-7,5.548228671602241e-7,4.948288797565344e-7,4.413517318912981e-7,3.9367996380300035e-7,1.7559011129782386e-7
0.045219464691819033,0.06856328980128312,0.055906209210516034,0.04656312258454298,0.039248960132880484,0.033349626896402085,0.02850289064594813,0.02447030430580238,0.021083936748820586,0.01822001530548356,0.01578430323590363,0.013703296346235239,0.011918587050565477,0.010383079539961981,0.009058349265517102,0.00791274276469156,0.006919974836533949,0.006058070538353416,0.005308552744974174,0.004655808643989803,0.004086589227414894,0.0035896093527571504,0.003155225005441381,0.0027751706137146767,0.00244234362454452,0.002150626659025448,0.00189473982500548,0.0016701174291311738,0.0014728045749758042,0.0012993700750258547,0.001146832825598302,0.0010125993511479643,0.0008944106597036372,0.0007902968944478589,0.0006985385387810669,0.0006176331502128311,0.0005462667741642294,0.0004832893308693298,0.0004276933848224272,0.0003785958013169041,0.00033522187290351436,0.00029689156348917684,0.0002630075716690914,0.00023304495986767315,0.00020654213340648864,0.0001830929853039883,0.00016234004924698753,0.00014396852564244576,0.00012770106476991862,0.00011329320725276138,0.0001005293958647284,8.921948447923275e-5,7.919568001555299e-5,7.030986188984504e-5,6.24312308826942e-5,5.5444245692107914e-5,4.92468109359232e-5,4.3748685098376496e-5,3.887008099258979e-5,3.454043485903507e-5,3.069732326164108e-5,2.7285509608126145e-5,2.4256104420843072e-5,2.156582548001228e-5,1.9176345703624453e-5,1.7053718140627803e-5,1.5167868776561717e-5,1.3492148994335247e-5,1.2002940541733876e-5,1.0679306733447653e-5,9.502684378976089e-6,8.456611599391467e-6,7.5264872827152584e-6,6.699358440044096e-6,5.96373217623812e-6,5.3094093813783785e-6,4.7273375969134344e-6,4.209480814412861e-6,3.7487042301869475e-6,3.338672214704298e-6,2.973757961437077e-6,2.6489634605405955e-6,2.3598486031808035e-6,2.1024683613985007e-6,1.8733171127823973e-6,1.6692792880656837e-6,1.4875856150516004e-6,1.3257743174223636e-6,1.1816567010516254e-6,1.0532866266546194e-6,9.389334251085321e-7,8.370578633502085e-7,7.462908138983712e-7,6.654143208132362e-7,5.933447903714934e-7,5.291180657574096e-7,4.7187617269506174e-7,4.2085554732472476e-7,3.7537657904429103e-7,3.348343201966884e-7,1.4934511567126542e-7
0.03864486514296972,0.058595839489775425,0.0477794923725805,0.03979507605279364,0.033544462624622184,0.02850289064594813,0.0243608219740295,0.0209144959844344,0.0180204096501842,0.015572794415909086,0.01349112090650606,0.011712576240827416,0.010187248002958033,0.008874890026130206,0.007742666017110211,0.006763525818630073,0.005915006665746431,0.00517832909827054,0.004537702710630795,0.003979784805544798,0.0034932526953342924,0.0030684619415204395,0.002697170564338505,0.0023723145682224764,0.0020878238527600942,0.0018384702361631464,0.0016197412488096266,0.0014277347767392735,0.0012590706983946348,0.0011108164620878581,0.0009804241680300314,0.000865677195052001,0.0007646447840958578,0.0006756432838896202,0.0005972029969225998,0.0005280397501241079,0.00046703046482127024,0.0004131921219814802,0.0003656636180896797,0.00032369008827470326,0.0002866093401921394,0.0002538400976240269,0.0002248717987903097,0.00019925573280591032,0.00017659732979863297,0.00015654944728042946,0.00013880651812524757,0.00012309944470706826,0.00010919114008360988,9.687263095298779e-5,8.595964890218224e-5,7.628964654198944e-5,6.77191837089139e-5,6.012163630957621e-5,5.338518671033337e-5,4.741106000754095e-5,4.211197520987602e-5,3.741078440701827e-5,3.3239276483188244e-5,2.9537124966429293e-5,2.6250962203893942e-5,2.3333564330881723e-5,2.0743133466744534e-5,1.8442665276260863e-5,1.639939152419897e-5,1.458428854328724e-5,1.2971643666124383e-5,1.1538672648884058e-5,1.0265181976924466e-5,9.13327069128122e-6,8.127067027617125e-6,7.2324957332274185e-6,6.437072429208877e-6,5.729721822828084e-6,5.100616961175821e-6,4.541037052573489e-6,4.043241679396387e-6,3.6003594858111473e-6,3.206289650719814e-6,2.8556146576422267e-6,2.5435230490865248e-6,2.265741007477573e-6,2.0184717418229528e-6,1.7983417781721551e-6,1.602353358244638e-6,1.4278422436396439e-6,1.2724403044934411e-6,1.134042344235055e-6,1.0107766754033993e-6,9.009790180891403e-7,8.031693417152844e-7,7.160313149581945e-7,6.38394067197586e-7,5.69215998877905e-7,5.07570408480605e-7,4.5263273032694927e-7,4.0366920104606464e-7,3.600267933831029e-7,3.2112427433197333e-7,2.8644426095700277e-7,1.2776308083996803e-7
0.03317503159669166,0.05030311833312662,0.04101813256911324,0.034164048722373885,0.028798254473169527,0.02447030430580238,0.0209144959844344,0.017955924416674596,0.015471408292514477,0.013370156727679272,0.011583043596189668,0.010056150240136785,0.00874663151265448,0.007619939610702731,0.006647887261233748,0.005807253946970056,0.005078756935157289,0.004446275230630153,0.003896253647167766,0.0034172381269327867,0.0029995086116613376,0.0026347856807386744,0.002315993815951871,0.0020370687144441804,0.0017927992674918805,0.0015786971038731362,0.0013908882536875326,0.0012260227093587733,0.0010811985733475936,0.0009538981723887126,0.0008419340471228082,0.0007434031348270628,0.0006566477822157971,0.0005802224770695141,0.000512865387196134,0.00045347395512889375,0.00040108392586881564,0.00035485128921087725,0.0003140367034673965,0.00027799203715684045,0.0002461487226454685,0.00021800766332860655,0.00019313047545345885,0.00017113187868053256,0.0001516730770188988,0.00013445599501329822,0.00011921825359870446,0.00010572878651940931,9.378401222901486e-5,8.320448806947733e-5,7.383198364940683e-5,6.55269189909595e-5,5.8166120384876884e-5,5.1640853241332555e-5,4.585509665564315e-5,4.072402907149934e-5,3.6172698455616266e-5,3.213485386826631e-5,2.855191830516545e-5,2.5372085289364073e-5,2.2549523923236247e-5,2.0043679065817816e-5,1.7818654987956895e-5,1.584267232186134e-5,1.4087589400014176e-5,1.252848018802854e-5,1.1143261986383784e-5,9.91236691502188e-6,8.818451935037146e-6,7.846142804611173e-6,6.9818079266114426e-6,6.213358538092556e-6,5.530072122502438e-6,4.92243630137741e-6,4.382010793755239e-6,3.9013053194762194e-6,3.47367157771e-6,3.09320765512868e-6,2.754673412870376e-6,2.4534155743888305e-6,2.185301387243152e-6,1.9466598645513037e-6,1.7342297295557527e-6,1.5451132888182336e-6,1.3767355508492787e-6,1.2268079868635338e-6,1.0932964002895572e-6,9.743924341604355e-7,8.684882998739197e-7,7.741543594117947e-7,6.901192353121452e-7,6.15252160545086e-7,5.485473135768742e-7,4.891099130969869e-7,4.361438729164751e-7,3.8894084031861707e-7,3.4687046142165926e-7,3.093717350092111e-7,2.759453320069159e-7,2.4614677184998444e-7,1.0979017968125954e-7
0.028582042136657382,0.04333963615882919,0.03534047352045577,0.02943549635363052,0.02481266680632871,0.021083936748820586,0.0180204096501842,0.015471408292514477,0.013330814079260123,0.011520411873078784,0.009980650138174757,0.008665078175691843,0.0075367848457084385,0.006566006985411543,0.005728460904543278,0.005004141692200384,0.004376436789393576,0.0038314574473537477,0.0033575253515390757,0.002944772311295543,0.0025848239869499037,0.002270547164523587,0.0019958458124082826,0.0017554950841177017,0.0015450051845527953,0.0013605089823429603,0.001198668678343378,0.0010565978921051773,0.0009317963144697544,0.0008220946690927593,0.000725608181464537,0.000640697106185386,0.0005659331382906162,0.0005000707513238781,0.0004420226769299689,0.0003908388784861997,0.0003456884823367194,0.0003058442199853611,0.0002706690080634148,0.00023960435297985892,0.00021216031662652218,0.0001879068205159068,0.00016646609977069397,0.00014750614680842126,0.00013073500828837204,0.00011589581891088396,0.00010276247249074721,9.113584492486011e-5,8.084049575189656e-5,7.17217852378505e-5,6.364335264147261e-5,5.648490876491172e-5,5.014030224439071e-5,4.451582450473691e-5,3.9528722980863916e-5,3.510589622709819e-5,3.118274800829098e-5,2.7702180456686595e-5,2.4613708955381207e-5,2.1872683651990308e-5,1.9439604428632526e-5,1.7279517838840908e-5,1.5361485975647668e-5,1.3658118496534142e-5,1.2145160132376217e-5,1.0801126963520786e-5,9.60698558219965e-6,8.545869983393262e-6,7.602831664066688e-6,6.7646189646452495e-6,6.01948216933206e-6,5.3570013064960725e-6,4.7679339613461175e-6,4.244080737066821e-6,3.778166286178949e-6,3.363734081993422e-6,2.9950533198935182e-6,2.6670365304049624e-6,2.3751666537990813e-6,2.1154324750054357e-6,1.8842714476873776e-6,1.6785190506553955e-6,1.4953639212371379e-6,1.3323080981749092e-6,1.187131785288039e-6,1.0578621159754952e-6,9.42745458901641e-7,8.402228590652292e-7,7.489082552974099e-7,6.675691571172073e-7,5.951095002422342e-7,5.305544326763799e-7,4.730368118505822e-7,4.217852184478258e-7,3.761133149792136e-7,3.35410396803361e-7,2.991330007576359e-7,2.667974519927386e-7,2.37973243152386e-7,2.122771521623472e-7,9.468400777975654e-8
0.02469791289817408,0.03745075654259544,0.030538925097933878,0.02543655109514731,0.021442009594663636,0.01822001530548356,0.015572794415909086,0.013370156727679272,0.011520411873078784,0.009955978808796173,0.008625402343217958,0.007488546772226129,0.006513518851399475,0.005674601414565175,0.00495081174801261,0.004324864164080136,0.00378240410697972,0.0033114305163040314,0.002901852256730064,0.0025451422386147393,0.002234064148539064,0.0019624540862304626,0.001725044350078364,0.0015173200088592007,0.0013354012762072098,0.0011759464022689098,0.0010360710303772627,0.0009132808752969034,0.0008054152589961928,0.000710599553690865,0.0006272049756874364,0.0005538144778527345,0.0004891937261705635,0.00043226633325417485,0.0003820926703561253,0.00033785169843318554,0.0002988253547688228,0.0002643851092366629,0.00023398036775983556,0.00020712845244108373,0.0001834059305771069,0.00016244110020030436,0.00014390746920350111,0.00012751808966294294,0.0001130206294726317,0.00010019308070389728,8.884001864710011e-5,7.87893377604688e-5,6.988940118668376e-5,6.20065493423473e-5,5.502292062015157e-5,4.8834543681949274e-5,4.3349666307297024e-5,3.848729048765403e-5,3.417588749963737e-5,3.0352270162458577e-5,2.6960602485647227e-5,2.3951529496840933e-5,2.12814122660729e-5,1.891165508097881e-5,1.6808113388586978e-5,1.4940572574952257e-5,1.3282288910012056e-5,1.1809585075089066e-5,1.0501493642250124e-5,9.339442700854924e-6,8.306978549112046e-6,7.389520993157639e-6,6.574147347343035e-6,5.849401708115561e-6,5.205126491039568e-6,4.632313587460719e-6,4.122972817913843e-6,3.6700156393401753e-6,3.267152309982112e-6,2.908800930238432e-6,2.5900069677727475e-6,2.306372041292611e-6,2.0539908824212827e-6,1.8293955238806887e-6,1.6295058746229065e-6,1.4515859413484197e-6,1.293205043523189e-6,1.15220344501992e-6,1.02666189349729e-6,9.148746181265581e-7,8.153253883628179e-7,7.266662830059537e-7,6.476988592855602e-7,5.773574479030312e-7,5.146943313984089e-7,4.588665914073047e-7,4.0912443505322654e-7,3.6480083246323463e-7,3.253023167866408e-7,2.90100815059887e-7,2.5872639336630965e-7,2.3076081307061165e-7,2.058318066202299e-7,1.8360799188427329e-7,8.18971766102806e-8
0.021394750194982437,0.0324426115717904,0.026455437150353256,0.02203559806487143,0.018575359481136977,0.01578430323590363,0.01349112090650606,0.011583043596189668,0.009980650138174757,0.008625402343217958,0.007472729894284075,0.006487867186885404,0.005643188082693304,0.004916416061546913,0.004289375521507793,0.0037470931860155987,0.0032771347049952992,0.002869104319558495,0.0025142606510489066,0.0022052171071369336,0.0019357051805659609,0.001700385306242655,0.0014946942262668676,0.001314720753497995,0.001157103884803494,0.0010189486858055742,0.0008977564372718468,0.0007913663203947575,0.0006979065066821406,0.0006157529632069402,0.0005434946250459389,0.00047990385030942904,0.0004239112789945938,0.0003745843792211847,0.00033110909318349,0.00029277409824014517,0.00025895728166769674,0.0002291140948018442,0.00020276750726740036,0.00017949932696964196,0.00015894268853869874,0.00014077554360698722,0.00012471501177613786,0.00011051247240296408,9.794929508891615e-5,8.683312174319292e-5,7.699462568672676e-5,6.828468389081534e-5,6.057190748348499e-5,5.374048331782634e-5,4.7688285923130815e-5,4.232522473667237e-5,3.75717962663465e-5,3.335781492781417e-5,2.9621299802141195e-5,2.6307497567225747e-5,2.3368024455884214e-5,2.076011233153631e-5,1.8445945901271606e-5,1.6392079764865287e-5,1.4568925437378978e-5,1.2950299743910698e-5,1.1513027073201262e-5,1.0236588921081364e-5,9.102814979259705e-6,8.09561074061613e-6,7.2007172180462505e-6,6.405498915081656e-6,5.69875666399257e-6,5.070562361784151e-6,4.51211299589377e-6,4.015601669300151e-6,3.574103612500771e-6,3.1814754123583205e-6,2.8322659016349823e-6,2.5216373387909334e-6,2.24529567224182e-6,1.999428827195073e-6,1.7806520788122112e-6,1.5859596870323902e-6,1.4126820657905753e-6,1.2584478449640997e-6,1.1211502593426897e-6,9.9891736477535e-7,8.900856405542151e-7,7.931765886438074e-7,7.068759854944788e-7,6.300154825100739e-7,5.615562863211846e-7,5.005746813802965e-7,4.462491846316407e-7,3.978491464410636e-7,3.5472463335588774e-7,3.16297447104166e-7,2.8205315104573577e-7,2.515339899859722e-7,2.2433260235248346e-7,2.0008643528629547e-7,1.7847278334824417e-7,1.5920438062108384e-7,7.101274198860158e-8
0.01857280115401816,0.028163989142452106,0.022966733639217085,0.01912997954811041,0.016126197308044488,0.013703296346235239,0.011712576240827416,0.010056150240136785,0.008665078175691843,0.007488546772226129,0.006487867186885404,0.005632861301371167,0.004899548235841808,0.004268590726806992,0.003724211232074101,0.003253411935064579,0.002845398901531425,0.0024911477781429797,0.002183070288821899,0.0019147541799820894,0.0016807577575500485,0.0014764457053704737,0.00129785659309593,0.001141595034495315,0.0010047432457017356,0.0008847880294814217,0.000779560138928246,0.0006871836571995041,0.0006060335407125274,0.0005346998595085837,0.00047195756455244153,0.00041674084051898826,0.00036812128128096717,0.00032528926621246384,0.00028753802720073943,0.0002542499857402531,0.00022488501161806087,0.0001989703130285429,0.00017609171567629619,0.00015588612746206525,0.00013803501747973847,0.00012225876469054752,0.00010831175375465227,9.597811396601895e-5,8.506801264807746e-5,7.54144273758875e-5,6.687033232510614e-5,5.930624327236717e-5,5.260807361817015e-5,4.667526045362474e-5,4.1419125357808556e-5,3.676143945364205e-5,3.2633166375544646e-5,2.8973360355487483e-5,2.572819967434567e-5,2.2850138336010656e-5,2.0297161078370923e-5,1.803212877809796e-5,1.602220298059238e-5,1.4238339743787162e-5,1.2654844233765921e-5,1.1248978604774714e-5,1.000061664083846e-5,8.891939455939874e-6,7.907167265501502e-6,7.032322863200608e-6,6.2550229805027955e-6,5.56429417611812e-6,4.95041031711004e-6,4.404749073419416e-6,3.919665161313129e-6,3.488378347264086e-6,3.1048744648999897e-6,2.763817908232794e-6,2.4604742500139345e-6,2.1906417953362068e-6,1.9505910235241683e-6,1.737010996313493e-6,1.5469619193903274e-6,1.37783314124647e-6,1.227305957869212e-6,1.0933206661069671e-6,9.740473745048092e-7,8.678601375852721e-7,7.733140306964942e-7,6.891248273075003e-7,6.1415097981557e-7,5.473776399499592e-7,4.879024853164867e-7,4.349231458620003e-7,3.877260476868394e-7,3.456765128486875e-7,3.0820997236976295e-7,2.7482416601802327e-7,2.4507221702364567e-7,2.185564826554089e-7,1.9492309294747998e-7,1.738570998980066e-7,1.550781682737818e-7,1.383367470400384e-7,6.170533368608012e-8
0.016152803664097604,0.024494737125879573,0.019974859478899987,0.016638123190462484,0.014025774040281547,0.011918587050565477,0.010187248002958033,0.00874663151265448,0.0075367848457084385,0.006513518851399475,0.005643188082693304,0.004899548235841808,0.004261744293660705,0.0037129594635842006,0.0032394726003091567,0.002829979905401507,0.0024750941616922123,0.0021669670550341635,0.0018989991515415763,0.0016656137472437008,0.0014620781916825192,0.0012843611105158928,0.001129017185864261,0.000993093373127453,0.0008740519883819915,0.0007697072105850387,0.0006781723492240554,0.0005978158221803462,0.00052722423277584,0.000465171270891733,0.00041059142050642143,0.0003625576549519975,0.0003202624565558391,0.0002830016198620989,0.0002501603948315079,0.00022120160423165936,0.00019565543215990452,0.00017311063136438458,0.00015320693852756547,0.00013562852062310327,0.00012009830340039629,0.00010637305621629886,9.423912666437937e-5,8.350873451035351e-5,7.401674784476191e-5,6.561787567626568e-5,5.818422069813205e-5,5.160314398223098e-5,4.577540017857817e-5,4.061350758180276e-5,3.604032235285815e-5,3.198779039445792e-5,2.839585396635061e-5,2.5211493216795557e-5,2.238788545065796e-5,1.9883667224864226e-5,1.76622863245358e-5,1.5691432362770663e-5,1.3942536203261611e-5,1.2390329672402206e-5,1.1012458114000533e-5,9.789139291737525e-6,8.702862966059044e-6,7.738126185144717e-6,6.881199952131056e-6,6.119923471124101e-6,5.4435226471132595e-6,4.842449923519819e-6,4.308242901650847e-6,3.83339949946758e-6,3.411267679966136e-6,3.0359480195203152e-6,2.702207596268669e-6,2.405403861780723e-6,2.1414173207008085e-6,1.9065919833435963e-6,1.6976826805306167e-6,1.5118084386458135e-6,1.3464112077610795e-6,1.1992193199545076e-6,1.0682151285004432e-6,9.516063432584782e-7,8.47800634957509e-7,7.553831308104657e-7,6.730964683854278e-7,5.998231135924767e-7,5.345696827316356e-7,4.764530390097189e-7,4.2468796043131837e-7,3.785761996599113e-7,3.374967770178167e-7,3.008973662488421e-7,2.682866488208396e-7,2.3922752677593076e-7,2.1333109682927942e-7,1.9025129952037146e-7,1.6968016710868025e-7,1.5134360263182487e-7,1.349976302113064e-7,1.2042506355035342e-7,5.371627280203682e-8
0.014070848938840419,0.021337976127743186,0.017400832224677976,0.014494255654610821,0.012218655628202069,0.010383079539961981,0.008874890026130206,0.007619939610702731,0.006566006985411543,0.005674601414565175,0.004916416061546913,0.004268590726806992,0.0037129594635842006,0.0032348737653915133,0.0028223815551255207,0.002465636366566208,0.002156461163298533,0.0018880193698216502,0.0016545622527330203,0.0014512319363293204,0.0012739057691575073,0.001119071959476057,0.0009837292142005835,0.0008653050495728183,0.0007615887965667402,0.0006706762909810104,0.0005909239405694853,0.0005209103790594118,0.0004594043038151016,0.00040533738649636657,0.00035778137031232914,0.0003159286407618672,0.0002790756920794087,0.000246609018329182,0.0002179930427570944,0.00019275976678669862,0.00017049987468470982,0.00015085507410266723,0.00013351148884781748,0.00011819394980442689,0.00010466105426632216,9.270088411889878e-5,8.212729005960284e-5,7.277666303312806e-5,6.450512573160619e-5,5.71860868635388e-5,5.070810917814721e-5,4.49730492191315e-5,3.98944327256413e-5,3.539603463585878e-5,3.1410636940279e-5,2.787894129905894e-5,2.4748616462905355e-5,2.197346322879457e-5,1.9512681964994525e-5,1.7330229717505026e-5,1.53942556196034e-5,1.3676604798032953e-5,1.215238223787975e-5,1.0799569172274527e-5,9.598685509494423e-6,8.532492639350136e-6,7.585731676423065e-6,6.744892818785742e-6,5.998012043150703e-6,5.334491828121795e-6,4.744943008902445e-6,4.221045222789352e-6,3.7554237188626433e-6,3.341540578081817e-6,2.973598627726389e-6,2.646456543250119e-6,2.3555538133325553e-6,2.0968444034725675e-6,1.8667380941353023e-6,1.662048591672778e-6,1.4799476185424362e-6,1.317924284040856e-6,1.173749119423859e-6,1.0454422347056334e-6,9.312451185139686e-7,8.295956587031972e-7,7.391060114092924e-7,6.585429895674186e-7,5.8681068067508e-7,5.229350375057401e-7,4.660502151762269e-7,4.1538645451292553e-7,3.702593347485744e-7,3.300602392234836e-7,2.9424789569001365e-7,2.623408688995342e-7,2.3391089722574575e-7,2.0857697747787293e-7,1.860001131170861e-7,1.6587865076425223e-7,1.4794413850282344e-7,1.3195764708450378e-7,1.1770650182591845e-7,1.0500137896177115e-7,4.683686273963363e-8
0.01227479733788775,0.018614666652388923,0.015180213119576735,0.012644714559641945,0.010659614845496712,0.009058349265517102,0.007742666017110211,0.006647887261233748,0.005728460904543278,0.00495081174801261,0.004289375521507793,0.003724211232074101,0.0032394726003091567,0.0028223815551255207,0.0024625120858730795,0.0021512748855786606,0.0018815368804137589,0.0016473342774911484,0.001443652210745553,0.0012662529151758438,0.001111539970374928,0.0009764498190715336,0.0008583642232678559,0.000755039007239033,0.000664545618391783,0.0005852228804083624,0.0005156369257858055,0.00045454774627771456,0.00040088113723263374,0.00035370506704117486,0.0003122096985107934,0.0002756904401425564,0.00024353352332577398,0.00021520369455842268,0.00019023368565266674,0.00016821518400459388,0.0001487910726672547,0.0001316487485038165,0.00011651435822724026,0.00010314781792431687,9.133850289271299e-5,8.090151221999231e-5,7.167442714490048e-5,6.351449444205889e-5,5.6296176254247475e-5,4.990901639156031e-5,4.4255780341835083e-5,3.9250832331756474e-5,3.481871796280969e-5,3.089292534059378e-5,2.7414801359647713e-5,2.4332603004977233e-5,2.1600666257533935e-5,1.9178677539043003e-5,1.7031034640684723e-5,1.512628580530663e-5,1.343663712416118e-5,1.1937519693114312e-5,1.0607209079857663e-5,9.426490616807557e-6,8.37836486000906e-6,7.4477882778241984e-6,6.621444857517742e-6,5.8875448596616676e-6,5.235647423380938e-6,4.6565041361192885e-6,4.141921040755803e-6,3.684636863448819e-6,3.278215519595976e-6,2.916951193289014e-6,2.595784493042689e-6,2.3102283690276643e-6,2.056302636442384e-6,1.8304760888671086e-6,1.6296153081667644e-6,1.450939384130353e-6,1.2919798515259587e-6,1.1505452348658462e-6,1.0246896632904544e-6,9.126850820375918e-7,8.129966428767053e-7,7.24260905030372e-7,6.452665217153553e-7,5.749371252461081e-7,5.123161574649874e-7,4.565534218606256e-7,4.0689315964864823e-7,3.6266347524751457e-7,3.23266956726257e-7,2.8817235481235154e-7,2.5690719968819436e-7,2.2905124883597094e-7,2.0423067147183343e-7,1.8211288592981598e-7,1.6240197600668425e-7,1.4483462072089416e-7,1.2917647945697966e-7,1.1521898110177472e-7,1.027764716084572e-7,9.168367964027018e-8,4.08967322675937e-8
0.010721699117611228,0.016259699520050686,0.013259919925566743,0.01104529447345301,0.00931139458844435,0.00791274276469156,0.006763525818630073,0.005807253946970056,0.005004141692200384,0.004324864164080136,0.0037470931860155987,0.003253411935064579,0.002829979905401507,0.002465636366566208,0.0021512748855786606,0.0018793932183219994,0.001643761009278176,0.0014391691692050117,0.0012612374188490268,0.0011062642167802457,0.0009711081897325682,0.00085309338463729,0.0007499328073338699,0.0006596661860711703,0.000580608930022564,0.0005113099896768714,0.0004505168610768849,0.00039714637011997386,0.00035026016789124585,0.0003090440909024345,0.0002727907109494297,0.0002408845313177435,0.00021278938916056284,0.00018803770517901962,0.00016622128623478786,0.0001469834381594248,0.00013001218765028256,0.00011503444580119801,0.00010181097335359903,9.013203027970706e-5,7.981361085226458e-5,7.069418072720951e-5,6.263184532719242e-5,5.550188947004548e-5,4.9194637080176716e-5,4.3613587327868595e-5,3.8673789851933343e-5,3.4300427044630256e-5,3.0427575906195967e-5,2.6997125814452348e-5,2.3957831824725705e-5,2.1264485909459484e-5,1.8877190927912358e-5,1.6760724167306032e-5,1.4883979051624426e-5,1.3219475121108116e-5,1.1742927688084768e-5,1.0432869696256524e-5,9.270319277120825e-6,8.238487338490917e-6,7.322520241244488e-6,6.509273252364124e-6,5.787111007676932e-6,5.14573169096474e-6,4.576012049370607e-6,4.069870723735712e-6,3.6201476862240316e-6,3.2204978488581805e-6,2.8652971459458567e-6,2.5495596012669894e-6,2.2688640720639464e-6,2.0192895212536058e-6,1.7973578085300073e-6,1.5999831126306335e-6,1.4244272042465589e-6,1.2682598821969277e-6,1.1293239680335883e-6,1.0057043264131287e-6,8.957004415710645e-7,7.978021361938684e-7,7.106680678303313e-7,6.33106680914735e-7,5.640593305731422e-7,5.025853274158067e-7,4.478486820663205e-7,3.9910635403517483e-7,3.556978321838176e-7,3.170358942577882e-7,2.8259841056657484e-7,2.5192107262357747e-7,2.2459094122412704e-7,2.0024072069832585e-7,1.7854367680524214e-7,1.5920912518801597e-7,1.419784257411721e-7,1.2662142561736831e-7,1.129333001694014e-7,1.0073174692059682e-7,8.985449275008014e-8,8.01570790367815e-8,3.575544675798765e-8
0.00937589028026159,0.014219009583068432,0.011595873965946635,0.00965928756472581,0.008143056607514881,0.006919974836533949,0.005915006665746431,0.005078756935157289,0.004376436789393576,0.00378240410697972,0.0032771347049952992,0.002845398901531425,0.0024750941616922123,0.002156461163298533,0.0018815368804137589,0.001643761009278176,0.0014376854054220234,0.0012587549395915928,0.0011031392137513564,0.0009676013375243472,0.0008493942502452514,0.0007461778725739859,0.0006559522478927406,0.000577003121806266,0.0005078573105346054,0.00044724585309921516,0.0003940734100981967,0.00034739271658855257,0.0003063831543247877,0.0002703327035067692,0.0002386226835699697,0.0002107148079848447,0.0001861401681772846,0.00016448983277430555,0.0001454068047775049,0.00012857912441537663,0.00011373394182238568,0.00010063241312325936,8.906529757956552e-5,7.884915315223501e-5,6.982304404740255e-5,6.184568725421387e-5,5.479297624189192e-5,4.855582930117389e-5,4.3038317792100486e-5,3.815603612433943e-5,3.383468081418709e-5,3.000881061731111e-5,2.6620763696064923e-5,2.3619711136344207e-5,2.096082898814819e-5,1.860457344729147e-5,1.651604587776719e-5,1.466443616771854e-5,1.3022534446486373e-5,1.1566302507867759e-5,1.0274497423779904e-5,9.128340813222843e-6,8.111228076651848e-6,7.208472641559953e-6,6.407080895709776e-6,5.695554037071909e-6,5.063713546428258e-6,4.502547402462001e-6,4.0040745205511315e-6,3.56122521017473e-6,3.16773572019682e-6,2.818055178520904e-6,2.5072634419308083e-6,2.2309985537418133e-6,1.9853926653274202e-6,1.7670154169695251e-6,1.57282389526161e-6,1.4001183906436395e-6,1.246503272408263e-6,1.109852379974904e-6,9.88278401421079e-7,8.801057733805312e-7,7.838466915144354e-7,6.981798697058394e-7,6.219317288479018e-7,5.540597336446512e-7,4.936376291650323e-7,4.398423577812166e-7,3.9194246296561045e-7,3.492878090366015e-7,3.1130046574360534e-7,2.774666242785827e-7,2.473294266942002e-7,2.2048260447255105e-7,1.9656483394029696e-7,1.7525472694864442e-7,1.5626638462190442e-7,1.3934545024673561e-7,1.242656047496093e-7,1.1082545466170645e-7,9.884576821621936e-8,8.816702029399864e-8,7.864721138888768e-8,7.015992975053217e-8,3.129631468508426e-8
0.008207556484857076,0.012447398918234126,0.01015122554425174,0.008456005876705863,0.007128736130828789,0.006058070538353416,0.00517832909827054,0.004446275230630153,0.0038314574473537477,0.0033114305163040314,0.002869104319558495,0.0024911477781429797,0.0021669670550341635,0.0018880193698216502,0.0016473342774911484,0.0014391691692050117,0.0012587549395915928,0.0011021041674325709,0.0009658638145064978,0.0008472003636629394,0.0007437090677402305,0.000653341430731055,0.0005743466849179625,0.0005052241551800479,0.00044468419160857003,0.0003916159153624062,0.0003450604322442017,0.00030418847021397404,0.00026828162264948795,0.00023671654976197606,0.00020895162132827678,0.00018451558493937786,0.00016299792286956832,0.0001440406228972531,0.00012733113777409688,0.0001125963475576636,9.95973708809942e-5,8.812509699314733e-5,7.799633148088516e-5,6.905046582222755e-5,6.114659511459713e-5,5.416102008556694e-5,4.798507926151766e-5,4.252326532556397e-5,3.7691586503338804e-5,3.341613956100791e-5,2.9631865829912447e-5,2.6281465746807618e-5,2.331445086479133e-5,2.0686315227763717e-5,1.8357810504025264e-5,1.6294311413342464e-5,1.446525980433117e-5,1.2843677308921255e-5,1.14057378439126e-5,1.0130392383072499e-5,8.999039420319805e-6,7.995235403024338e-6,7.1044401543315125e-6,6.31379294743786e-6,5.611915446796206e-6,4.988738214991347e-6,4.435347901504298e-6,3.943852591885641e-6,3.507263112227378e-6,3.1193883584347478e-6,2.774742959979262e-6,2.468465795489213e-6,2.1962480607850925e-6,1.954269749129238e-6,1.7391435421665747e-6,1.547865232057744e-6,1.3777699019202223e-6,1.2264931847996786e-6,1.0919370034783781e-6,9.722392647421981e-7,8.65747044931743e-7,7.709928588646708e-7,6.866736524534594e-7,6.116322021939425e-7,5.448406421023158e-7,4.853858715525041e-7,4.3245662664049125e-7,3.8533202299640197e-7,3.433714005923043e-7,3.060053208950046e-7,2.7272758404932956e-7,2.430881492720733e-7,2.1668685511446998e-7,1.931678483022772e-7,1.722146403274591e-7,1.5354572035414461e-7,1.369106612192667e-7,1.2208666254812833e-7,1.0887548146320656e-7,9.710070701368595e-8,8.660533948440283e-8,7.7249640183174e-8,6.890922120684415e-8,6.147334817708733e-8,2.742171600429694e-8
