0.06134155474831959,0.09815719786343213,0.08322329998920575,0.0718034139212127,0.06257202582974375,0.054895750439349245,0.04839992980278496,0.04283659625841019,0.038029744302436996,0.03384835667042896,0.030191500360020607,0.02697938894839802,0.02414768082943941,0.021643661255544344,0.019423584215038536,0.017450761668750925,0.015694152898172498,0.014127299345165711,0.012727504717093496,0.011475193350473673,0.010353400815886288,0.009347364410252773,0.008444190305939736,0.00763258036792247,0.006902606005666306,0.0062455195210479875,0.005653595655009738,0.005119997679337851,0.004638663605459323,0.004204209004341028,0.003811843637868892,0.003457299645678591,0.003136769454541291,0.0028468519114892704,0.0025845054059237607,0.0023470069573989713,0.002131916416655222,0.0019370450648509285,0.0017604280094546468,0.001600299867959877,0.0014550733068270545,0.001323320066927907,0.0012037541597893844,0.001095216963656817,0.0009966639855127982,0.0009071530872011152,0.0008258340007496999,0.0007519389807014807,0.0006847744610377297,0.0006237136010452844,0.0005681896189250104,0.000517689824495458,0.00047175027298963085,0.0004299509714199533,0.0003919115771164935,0.0003572875350413554,0.00032576660673124674,0.00029706574912218356,0.00027092830620334407,0.0002471214806936571,0.00022543405648318363,0.00020567434587723948,0.00018766833851845046,0.00017125803133406867,0.000156299921103976,0.00014266364319594216,0.0001302307417878415,0.00011889355839389028,0.00010855422692470761,9.912376473662776e-5,9.052125019106197e-5,8.267307823183628e-5,7.551228635607277e-5,6.897794411918996e-5,6.301460002215969e-5,5.75717802267779e-5,5.260353411336185e-5,4.806802219500632e-5,4.392714233178571e-5,4.014619060025055e-5,3.669355352821217e-5,3.354042872216159e-5,3.066057121444462e-5,2.803006310360932e-5,2.562710430411674e-5,2.3431822433453236e-5,2.1426100046337596e-5,1.959341760417963e-5,1.791871071632066e-5,1.6388240334411816e-5,1.498947469971186e-5,1.3710981960961277e-5,1.2542332482340531e-5,1.1474009950334616e-5,1.0497330474732775e-5,9.6043689523335e-6,8.787892030867394e-6,8.041297073086155e-6,7.358556574439375e-6,6.734167540057423e-6,3.08155268637882e-6
0.09815719786343213,0.15707220454932447,0.1331769973698882,0.11490416583920782,0.10013292738442336,0.08784988493309176,0.0774555968799926,0.06855332171495387,0.06086145473746973,0.05417037069742503,0.04831857797258732,0.04317841862478866,0.03864694581632955,0.0346398152448435,0.03108703226968923,0.02792989478183039,0.02511873623003602,0.022611221417303706,0.020371034709789404,0.018366853450098253,0.016571532949420653,0.014961451293863781,0.013515976797293328,0.01221703091957091,0.011048726437556972,0.009997065607549649,0.009049686643915644,0.008195649468496269,0.007425253646105967,0.006729882896889056,0.006101871706330156,0.005534390423425406,0.005021345914505593,0.004557295374710363,0.004137371321585356,0.003757216133580349,0.003412924769622322,0.0031009945257275545,0.0028182808662278805,0.0025619585155011865,0.0023294871180773724,0.002118580877177964,0.0019271816665806865,0.0017534351822512742,0.001595669759569554,0.0014523775331951212,0.001322197659727152,0.0012039013596554862,0.0010963785667396815,0.000998625999778846,0.0009097364948474837,0.000828889456162895,0.0007553423007787934,0.0006884227874637393,0.0006275221331298007,0.0005720888313738119,0.0005216230976915238,0.0004756718745683626,0.00043382433715896673,0.00039570784706247607,0.0003609843073778809,0.00032934687749731385,0.00030051701063482303,0.00027424178104354727,0.00025029147147138334,0.0002284573945269975,0.0002085499244653434,0.00019039671829750504,0.00017384110739033284,0.00015874064268237833,0.00014496577834733704,0.0001323986803157093,0.0001209321474537426,0.00011046863442279236,0.00010091936637448033,9.22035365932617e-5,8.424757910799243e-5,7.698450909371466e-5,7.035332457175423e-5,6.429846357546118e-5,5.876931151642005e-5,5.371975399378996e-5,4.910777076916925e-5,4.489506702347237e-5,4.1046738400840783e-5,3.753096668361914e-5,3.431874323311262e-5,3.1383617616455436e-5,2.870146907734902e-5,2.6250298740212487e-5,2.4010040626793903e-5,2.1962389752943072e-5,2.0090645736246e-5,1.8379570488149567e-5,1.6815258702500117e-5,1.5385019969788494e-5,1.4077271456736573e-5,1.2881440190779946e-5,1.178787407458501e-5,1.0787760839442613e-5,4.93652710999459e-6
0.08322329998920575,0.1331769973698882,0.11291827461016535,0.09742612147730267,0.08490258310790155,0.07448852306324771,0.06567574731439363,0.05812790635344611,0.051606260934419,0.04593309423632319,0.04097149593546312,0.036613239063795766,0.03277104611541126,0.02937341036659946,0.026360990405560836,0.023684018382843064,0.0213003866130137,0.01917420279965293,0.01727467793643972,0.01557525599607662,0.014052922989331196,0.012687651509590225,0.01146194925324126,0.010360488472557466,0.009369799225445341,0.008478013483991492,0.007674650203921718,0.00695043368657261,0.006297139227226217,0.005707461294496258,0.00517490044345334,0.004693665902491775,0.0042585913478613985,0.0038650618329259395,0.0035089501973646214,0.0031865615683394355,0.0028945847974225225,0.002630049863409617,0.0023902904251074317,0.0021729108339185177,0.0019757570194582144,0.001796890748068103,0.001634566826008911,0.001487212879773367,0.0013534113963046927,0.0012318837493258301,0.001121475974532566,0.0010211460872123872,0.0009299527626744561,0.000847045222618293,0.0007716541901624848,0.000703083793287082,0.000640704310879852,0.0005839456684321592,0.0005322916014573308,0.0004852744141966188,0.00044247026965408935,0.0004034949543294756,0.00036800006738351657,0.00033566958973099865,0.00030621679336976983,0.0002793814557249868,0.0002549273476365405,0.00023263996697099002,0.00021232449288898208,0.0001938039384459119,0.00017691748160889986,0.0001615189568044172,0.00014747549102736872,0.00013466627020516453,0.0001229814229555307,0.00011232101021598677,0.00010259411040002085,9.371799077279291e-5,8.561735669917678e-5,7.822367122767857e-5,7.14745382453016e-5,6.531314311641065e-5,5.968774530099746e-5,5.4551218006719136e-5,4.986063041023561e-5,4.5576868413945435e-5,4.1664290310984846e-5,3.809041406550157e-5,3.482563324464351e-5,3.184295892615129e-5,2.9117785151911964e-5,2.6627675740013086e-5,2.435217046913821e-5,2.227260884570041e-5,2.0371969824776407e-5,1.863472601587818e-5,1.7046711042809917e-5,1.5594998848048286e-5,1.4267793849356304e-5,1.3054330955858178e-5,1.1944784544369662e-5,1.0930185581509692e-5,1.0002346149685443e-5,9.153790706022629e-6,4.188846732867599e-6
0.0718034139212127,0.11490416583920782,0.09742612147730267,0.08406026589671645,0.0732554884282115,0.06427060511721638,0.05666719269949505,0.05015507933647978,0.044528302141163545,0.03963354259602225,0.03535268614938103,0.031592363518772815,0.02827727862830154,0.02534574094397657,0.022746555025005,0.020436784616174875,0.018380101956042227,0.016545541367532668,0.014906539848673628,0.013440186253826591,0.012126625217486114,0.010948577961310407,0.009890952800956726,0.00894052547324281,0.00808567450073669,0.00731616043212821,0.00662294041950276,0.005998011517013693,0.005434277519471814,0.0049254352384665995,0.004465876940095509,0.004050606304457929,0.003675165762188501,0.003335573454224014,0.003028268369977813,0.002750062466518842,0.002498098771302734,0.002269814631747545,0.0020629094077688204,0.0018753160118604034,0.0017051757905183276,0.0015508163155406839,0.0014107317157792398,0.001283565232248339,0.0011680937229276468,0.001063213881054282,0.0009679299622288619,0.00088134284223872,0.0008026402506420699,0.0007310880447766299,0.000666022405759548,0.0006068428527393945,0.000553005984115262,0.0005040198655287386,0.0004594389939475002,0.0004188597753484024,0.00038191646082041605,0.0003482774922294457,0.00031764221407873123,0.00028973791316831525,0.0002643171518093542,0.0002411553642063819,0.00022004868894087704,0.00020081201338261433,0.00018327720848629065,0.0001672915347143344,0.00015271620190210073,0.0001394250676339222,0.00012730346035206685,0.00011624711485509667,0.00010616120908899396,9.695949228981588e-5,8.856349555218094e-5,8.090181679329682e-5,7.390947291043199e-5,6.75273126292536e-5,6.170148420608034e-5,5.638295273206078e-5,5.1527062289741504e-5,4.709313869473387e-5,4.304412897035209e-5,3.934627407457499e-5,3.5968811749656254e-5,3.288370665299365e-5,3.006540521212006e-5,2.749061289468468e-5,2.513809179695238e-5,2.2988476663308804e-5,2.102410762295137e-5,1.9228878099538326e-5,1.758809648819582e-5,1.6088360332317518e-5,1.4717441851848216e-5,1.3464183779309023e-5,1.231840456100957e-5,1.1270812066769642e-5,1.0312925032199553e-5,9.437001530708636e-6,8.63597383502106e-6,7.903389089229554e-6,3.61667763313999e-6
0.06257202582974375,0.10013292738442336,0.08490258310790155,0.0732554884282115,0.06384005672934667,0.05601044497156793,0.04938462557286649,0.043709752120723366,0.038806354908567986,0.03454083664248564,0.030810275487090477,0.02753331173450002,0.024644334015404057,0.022089586344717305,0.01982445779618519,0.01781153421974291,0.016019159893753188,0.014420351453264868,0.012991961898812632,0.01171402636254415,0.010569242710652044,0.00954255399297213,0.00862080905319862,0.0077924839775556365,0.007047451500724999,0.0063767886432491705,0.00577261514000009,0.005227956895255556,0.004736629949472659,0.004293141383124505,0.003892604303109823,0.0035306646114975915,0.003203437687790342,0.002907453456522234,0.0026396085812344858,0.002397124741467728,0.0021775121236346576,0.001978537396703596,0.0017981955593582843,0.0016346851398153159,0.0014863863072155717,0.0013518415186263046,0.0012297383797520746,0.0011188944430500294,0.0010182437047888786,0.0009268245952310655,0.0008437692835900484,0.000768294142574677,0.0006996912374958395,0.0006373207220063282,0.00058060403727417,0.0005290178241927224,0.00048208846908348764,0.00043938721301136144,0.00040052576312146586,0.0003651523515423435,0.0003329481937721611,0.0003036243039731693,0.0002769186293848239,0.00025259347039669443,0.00023043315644031247,0.00021024195122045213,0.00019184216369948605,0.00017507244376949562,0.00015978624383944677,0.00014585042955449603,0.00013314402467290822,0.00012155707665296523,0.00011098963094318716,0.00010135080321919043,9.255793989699753e-5,8.453585825949077e-5,7.721615841762663e-5,7.053660010828918e-5,6.444053805243683e-5,5.887641020668592e-5,5.3797273821588843e-5,4.916038472959619e-5,4.4926815723548424e-5,4.1061110306800266e-5,3.753096845786352e-5,3.4306961376191444e-5,3.136227248158119e-5,2.8672462190894484e-5,2.621525424351687e-5,2.3970341563111564e-5,2.1919209828537376e-5,2.004497710891422e-5,1.833224806918561e-5,1.67669814003253e-5,1.533636924914896e-5,1.4028727542985731e-5,1.283339620840009e-5,1.1740648374281666e-5,1.0741607737810202e-5,9.828173346639941e-6,8.992951121009898e-6,8.22919150320688e-6,7.530732676377201e-6,6.8919488480630804e-6,3.1538515703934534e-6
0.054895750439349245,0.08784988493309176,0.07448852306324771,0.06427060511721638,0.05601044497156793,0.04914147374116651,0.043328555794722834,0.038349880137081294,0.03404800569254429,0.03030573306061668,0.027032772943663685,0.02415775145848087,0.02162310998285616,0.01938169005965834,0.017394355764546843,0.01562828457657478,0.014055705589320011,0.012652946755960293,0.011399701517157412,0.010278454875167625,0.009274027752713743,0.008373210696933753,0.007564466149422799,0.006837684086549806,0.006183979730063252,0.005595524796084411,0.00506540575542834,0.004587504048413682,0.0041563942934849385,0.0037672573538235637,0.0034158057578667356,0.003098219455867343,0.0028110902730898654,0.002551373719054187,0.002316347048416656,0.0021035726582070424,0.0019108660589777018,0.0017362677802926912,0.0015780186725123171,0.0014345381497415065,0.0013044049870032,0.0011863403418230882,0.0010791927178377403,0.0009819246280377593,0.000893600748455594,0.0008133773817409311,0.0007404930741669105,0.0006742602499267662,0.0006140577442691648,0.0005593241320173189,0.0005095517609381463,0.00046428141065946345,0.00042309750735342044,0.0003856238328819959,0.00035151967437242835,0.00032047636644995554,0.00029221418394526945,0.00026647954772636775,0.00024304251050239877,0.00022169449324626472,0.000202246246056699,0.00018452601022934164,0.00016837786084442563,0.00015366021139029537,0.00014024446395327454,0.00012801379024996286,0.00011686203036452092,0.00010669269739305631,9.741807746131009e-5,8.895841567848933e-5,8.124117954326146e-5,7.420039220122718e-5,6.777602872957977e-5,6.191346930916404e-5,5.656300377735444e-5,5.167938258992307e-5,4.722140972897055e-5,4.315157354122694e-5,3.9435711875145086e-5,3.6042708253926446e-5,3.2944216139023375e-5,3.011440862268021e-5,2.752975115642329e-5,2.5168795142809018e-5,2.3011990435087867e-5,2.1041514979058167e-5,1.9241119993979462e-5,1.7595989249186985e-5,1.609261112585857e-5,1.4718662283054018e-5,1.346290185314853e-5,1.2315075197323892e-5,1.1265826342973399e-5,1.0306618304829773e-5,9.429660569002337e-6,8.627843084771603e-6,7.894676170725032e-6,7.224235797727573e-6,6.6111137590973924e-6,6.050372285197934e-6,2.7687513504221913e-6
0.04839992980278496,0.0774555968799926,0.06567574731439363,0.05666719269949505,0.04938462557286649,0.043328555794722834,0.03820352591415199,0.03381398594425622,0.030021134636604163,0.026721647916958635,0.023835925724302987,0.021301043872136605,0.019066257743737214,0.017089991539873728,0.015337742157165823,0.013780572419797299,0.012393998687069835,0.011157150905320184,0.010052126067573303,0.009063482240758008,0.008177836872519911,0.00738354386441184,0.006670431092733825,0.006029584980421068,0.005453172157941583,0.004934290691511467,0.00446684512439785,0.004045440873226752,0.003665294487584708,0.003322157008390225,0.003012248217453675,0.0027321999992871923,0.0024790073698763154,0.002249985990559221,0.0020427351933730575,0.0018551057109603072,0.0016851714388695926,0.0015312046664073056,0.0013916543017018813,0.0012651266897390594,0.0011503686822429242,0.0010462526686400957,0.0009517633191533301,0.0008659858263347746,0.0007880954606157599,0.0007173482806932877,0.0006530728608195591,0.0005946629149721945,0.0005415707134765416,0.000493301200872891,0.0004494067352125951,0.0004094823788689389,0.0003731616793416371,0.0003401128860077646,0.0003100355551828443,0.00028265750137442414,0.00025773205753849317,0.00023503561140938555,0.00021436538867468467,0.00019553745711609364,0.00017838492863536887,0.00016275633868420092,0.0001485141848545364,0.0001355336083356264,0.00012370120371731639,0.0001129139441580179,0.00010307821033453098,9.410891277180288e-5,8.592869826527685e-5,7.84672320752551e-5,7.166054841309367e-5,6.545046251780454e-5,5.978403830613995e-5,5.461310618273081e-5,4.9893826155135044e-5,4.558629187010482e-5,4.1654171636076355e-5,3.806438289119529e-5,3.478679691484984e-5,3.179397090578276e-5,2.906090482969275e-5,2.6564820689662467e-5,2.428496210933281e-5,2.220241231308675e-5,2.029992877912738e-5,1.8561793008524353e-5,1.697367399666733e-5,1.5522504134432298e-5,1.4196366383469907e-5,1.2984391684356454e-5,1.1876665649810032e-5,1.0864143688234267e-5,9.938573783262384e-6,9.092426225465878e-6,8.318829660623376e-6,7.611512876840829e-6,6.964751807248817e-6,6.373321274301543e-6,5.832451043919141e-6,5.337785799014542e-6,2.4426743391337487e-6
0.04283659625841019,0.06855332171495387,0.05812790635344611,0.05015507933647978,0.043709752120723366,0.038349880137081294,0.03381398594425622,0.029929009246769223,0.026572111797232623,0.023651852261849238,0.02109778479269092,0.018854221502515867,0.016876253288183263,0.015127085352689473,0.013576182165212614,0.012197933991881876,0.010970672444163665,0.009875927136827112,0.008897853508991221,0.008022785045351283,0.007238877783209863,0.006535824526469947,0.005904622554786174,0.005337382972089161,0.004827172878243316,0.004367883707268885,0.003954120639737435,0.003581109144019365,0.003244615556285968,0.002940879252715918,0.0026665544602404237,0.0024186601315021664,0.002194536604977246,0.001991808004342857,0.001808349515438297,0.0016422588267226285,0.0014918311383753102,0.001355537241048494,0.0012320042444905616,0.0011199986009486178,0.0010184111214596135,0.0009262437277095248,0.000842597719139776,0.0007666633661881032,0.0006977106664513445,0.000635081122897143,0.0005781804220544671,0.0005264719059635495,0.000479470745466214,0.0004367387341183259,0.0003978796320869109,0.0003625349981577078,0.0003303804554064512,0.0003011223427015182,0.00027449470987936115,0.00025025661931780355,0.0002281897209937163,0.000208096071881869,0.00018979617382702168,0.00017312720698555708,0.00015794143840935177,0.0001441047876453599,0.00013149553320471576,0.000120003145480736,0.00010952723326452087,9.997659236883833e-5,9.126834610887098e-5,8.332716843354555e-5,7.60845814875735e-5,6.947832023996019e-5,6.345175755851349e-5,5.7953383799101135e-5,5.2936335584214235e-5,4.8357968979531444e-5,4.417947277126082e-5,4.0365517964303065e-5,3.6883940018405596e-5,3.370545068845333e-5,3.080337663477451e-5,2.8153422257082327e-5,2.573345445333803e-5,2.3523307226468886e-5,2.150460427128182e-5,1.9660597845895847e-5,1.7976022401640498e-5,1.643696159333522e-5,1.5030727418753511e-5,1.3745750360759596e-5,1.2571479509251979e-5,1.149829174124545e-5,1.0517409120141229e-5,9.620823757610579e-6,8.801229452683456e-6,8.051959485031135e-6,7.366929999822754e-6,6.740588472781362e-6,6.1678667922462525e-6,5.644138538687035e-6,5.165180079478126e-6,4.727135133303904e-6,2.1632412453552824e-6
0.038029744302436996,0.06086145473746973,0.051606260934419,0.044528302141163545,0.038806354908567986,0.03404800569254429,0.030021134636604163,0.026572111797232623,0.023591890451111652,0.02099929559080993,0.018731790346570132,0.01673993880181973,0.014983873596173147,0.013430930615440206,0.012054002237019107,0.0108303535843369,0.0097407486111111,0.008768790223149553,0.007900412344721913,0.007123482417135646,0.00642748582096811,0.005803272178296501,0.005242849143421643,0.004739213157504654,0.00428620934079843,0.00387841461333549,0.003511039523481793,0.003179845282039462,0.0028810732587772683,0.0026113847695539705,0.0023678094197411154,0.00214770060639715,0.0019486970437636655,0.0017686893836103001,0.001605791165528378,0.001458313463260634,0.0013247426990076437,0.0012037211827491887,0.0010940300039355977,0.000994573960327979,0.0009043682559944644,0.000822526740034274,0.0007482514904468187,0.0006808235752663698,0.0006195948460750306,0.0005639806388376568,0.000513453273694009,0.0004675362594141388,0.00042579912047400505,0.0003878527750950239,0.00035334540154032586,0.0003219587377396686,0.0002934047659084501,0.0002674227396981402,0.00024377651645195696,0.00022225216147511804,0.00020265579510068878,0.00018481165667902756,0.00016856036252639942,0.00015375733749975863,0.00014027140206311108,0.0001279834987533094,0.00011678554371116973,0.00010657939047568812,9.727589463224455e-5,8.879406911481078e-5,8.10603210611013e-5,7.400776204745927e-5,6.75755844059163e-5,6.170849708550964e-5,5.635621518018663e-5,5.147299785752176e-5,4.701722996027814e-5,4.295104302703338e-5,3.923997191673161e-5,3.585264359246248e-5,3.27604949723223e-5,2.993751706504178e-5,2.7360022874151828e-5,2.5006436809920534e-5,2.285710356817155e-5,2.089411463187217e-5,1.9101150737287336e-5,1.7463338799194813e-5,1.596712194023626e-5,1.4600141400863216e-5,1.3351129218974159e-5,1.2209810679054896e-5,1.1166815622637932e-5,1.0213597801753973e-5,9.342361530485094e-6,8.545994962864479e-6,7.818009388554101e-6,7.152483993130664e-6,6.544015583428276e-6,5.987672823884696e-6,5.478954572618003e-6,5.01375194470339e-6,4.588313763295975e-6,4.199215091705343e-6,1.9216642840355044e-6
0.03384835667042896,0.05417037069742503,0.04593309423632319,0.03963354259602225,0.03454083664248564,0.03030573306061668,0.026721647916958635,0.023651852261849238,0.02099929559080993,0.01869173282344644,0.016673506546255046,0.014900618999243997,0.013337588296928549,0.011955343340533026,0.010729758233962494,0.009640598770680853,0.008670744664101171,0.007805602267739936,0.007032652523335542,0.006341097191584072,0.005721577993357388,0.00516595082289989,0.004667102224825581,0.004218798768239981,0.00381556235271871,0.003452566187130565,0.0031255474180756915,0.00283073329095343,0.0025647784023429543,0.0023247111108137125,0.002107887562684173,0.0019119520889442423,0.0017348029628358116,0.001574562691771829,0.0014295521628510284,0.0012982680778004484,0.0011793632073849036,0.0010716290710573208,0.0009739807102036209,0.0008854432744420764,0.0008051401824684945,0.0007322826541504169,0.000666160439804905,0.0006061335972498694,0.0005516251876811658,0.0005021147790769676,0.00045713266068582274,0.0004162546846776319,0.00037909766193969675,0.0003453152482440656,0.0003145942649768899,0.0002866514055437138,0.0002612302844328543,0.00023809879114479026,0.00021704671567796766,0.00019788361611993398,0.00018043690233849686,0.00016455011274638803,0.0001500813637005851,0.00013690195343949536,0.00012489510441768097,0.0001139548297156485,0.00010398491076688433,9.489797500763716e-5,8.661466329492272e-5,7.906287801428364e-5,7.217710377694915e-5,6.589779343180017e-5,6.01708128969234e-5,5.494693899161726e-5,5.0181405037355055e-5,4.5833489540819455e-5,4.1866143750782215e-5,3.824565430264192e-5,3.494133755486202e-5,3.192526255122981e-5,2.9171999856666465e-5,2.665839379007828e-5,2.4363355814559576e-5,2.2267677072649813e-5,2.035385825003834e-5,1.8605955126261002e-5,1.7009438336403916e-5,1.555106600373854e-5,1.4218768037245813e-5,1.3001541004921315e-5,1.1889352594020178e-5,1.0873054767935984e-5,9.944304811309045e-6,9.095493534936586e-6,8.319679977421903e-6,7.610532005601671e-6,6.962272272029526e-6,6.369629037108175e-6,5.82779141118646e-6,5.33236861243823e-6,4.879352874418452e-6,4.465085671679229e-6,4.086226961358888e-6,3.7397271675502537e-6,1.7114008303319633e-6
0.030191500360020607,0.04831857797258732,0.04097149593546312,0.03535268614938103,0.030810275487090477,0.027032772943663685,0.023835925724302987,0.02109778479269092,0.018731790346570132,0.016673506546255046,0.014873292090002266,0.013291904918576458,0.011897698280997265,0.010664743209750527,0.009571521369418134,0.008599985431033852,0.007734865381648359,0.0069631447312676065,0.006273657329190913,0.005656771838241606,0.005104141237529045,0.00460850144363352,0.004163507626643026,0.003763599866945369,0.003403891940488457,0.0030800785420263127,0.0027883573580587614,0.00252536320944749,0.0022881120863168167,0.0020739533513163266,0.001880528734627164,0.001705737011391588,0.001547703460304195,0.0014047533663781135,0.0012753889607371414,0.0011582692942572956,0.001052192625903406,0.0009560809741533637,0.0008689665357168586,0.0007899797213365041,0.0007183385959466711,0.0006533395418702979,0.0005943489898050294,0.0005407960843401196,0.0004921661689954639,0.00044799499151523814,0.00040786354339788014,0.0003713934588128161,0.0003382429077787635,0.0003081029267231507,0.00028069413664555225,0.0002557638052829714,0.00023308321490858163,0.00021244530205636637,0.00019366253946211023,0.00017656503395253702,0.00016099881708770943,0.00014682430801860828,0.00013391493032978517,0.00012215586672587432,0.00011144293716571418,0.00010168158766927018,9.2785978418018e-5,8.467816098547683e-5,7.728733564049358e-5,7.054918062567917e-5,6.440524618579985e-5,5.88024068574099e-5,5.369236622622311e-5,4.903120896168904e-5,4.47789954624207e-5,4.0899394931852035e-5,3.735935313045884e-5,3.412879142730761e-5,3.118033412194865e-5,2.8489061301714062e-5,2.6032284779402585e-5,2.378934490229078e-5,2.1741426234656057e-5,1.987139031880584e-5,1.8163623894182108e-5,1.660390111032082e-5,1.5179258417056456e-5,1.3877880936583422e-5,1.2688999241542765e-5,1.1602795567613268e-5,1.0610318578516142e-5,9.70340588924131e-6,8.874613626356809e-6,8.117152375604597e-6,7.424828925292219e-6,6.791993272060084e-6,6.213490405773339e-6,5.684616434274009e-6,5.20107865130218e-6,4.758959187021704e-6,4.354681914554886e-6,3.984982316692636e-6,3.646880043290735e-6,3.3376539156360888e-6,1.5274095783671606e-6
0.02697938894839802,0.04317841862478866,0.036613239063795766,0.031592363518772815,0.02753331173450002,0.02415775145848087,0.021301043872136605,0.018854221502515867,0.01673993880181973,0.014900618999243997,0.013291904918576458,0.011878731580373558,0.010632820760408723,0.009531003338046268,0.008554051299364707,0.0076858381410516985,0.006912719028280501,0.006223062763266049,0.005606891523466759,0.005055598925789828,0.004561726196477975,0.0041187822303087734,0.003721097331664716,0.0033637031727420386,0.0030422334179673396,0.0027528408234877913,0.0024921276054554325,0.002257086593052328,0.0020450512206740476,0.0018536528188812726,0.0016807839740599281,0.001524566965570455,0.0013833264750759862,0.0012555659095242096,0.0011399467952727706,0.0010352707937510627,0.0009404639641281895,0.0008545629588121335,0.0007767028874775764,0.0007061066260476995,0.0006420753805517054,0.000583980343841323,0.0005312553064447546,0.00048339010248570763,0.0004399247879017694,0.00040044446226196635,0.0003645746573217668,0.0003319772254336516,0.0003023466696202952,0.00027540686448451496,0.00025090812347724166,0.00022862457356233237,0.00020835180299360462,0.00018990475208420813,0.00017311582042079136,0.00015783316704995115,0.0001439191829106113,0.0001312491171599848,0.00011970984110304048,0.00010919873530194609,9.962268700123471e-5,9.08971864532033e-5,8.294551197508392e-5,7.569799465606867e-5,6.909135462050751e-5,6.306810161123386e-5,5.7575993436526866e-5,5.256754648234473e-5,4.799959311264533e-5,4.383288131946982e-5,4.0031712452815544e-5,3.6563613294394526e-5,3.339903912089287e-5,3.0511104738720402e-5,2.7875340783439784e-5,2.5469472839817833e-5,2.3273221188590588e-5,2.1268119205812986e-5,1.943734862944039e-5,1.776559008902776e-5,1.623888745042371e-5,1.4844524666941155e-5,1.3570913960388132e-5,1.2407494263676135e-5,1.134463896355182e-5,1.037357207523044e-5,9.486292060611519e-6,8.675502580318299e-6,7.934549535083287e-6,7.25736381575621e-6,6.6384092333180225e-6,6.072635152178877e-6,5.555433394873846e-6,5.082599025576582e-6,4.650294657902249e-6,4.255017964752914e-6,3.893572098316676e-6,3.5630387558260288e-6,3.2607536502206194e-6,2.984284167895856e-6,1.365704507987858e-6
0.02414768082943941,0.03864694581632955,0.03277104611541126,0.02827727862830154,0.024644334015404057,0.02162310998285616,0.019066257743737214,0.016876253288183263,0.014983873596173147,0.013337588296928549,0.011897698280997265,0.010632820760408723,0.00951764695220017,0.008531440617368796,0.007656992730261047,0.006879870059594839,0.006187860424401143,0.005570553817025009,0.005019019977394512,0.004525556067143957,0.004083486346861759,0.003687001133145601,0.0033310259000529086,0.0030111138441970137,0.002723356945549482,0.00246431177299411,0.0022309371650996723,0.0020205415629522896,0.0018307382538065367,0.0016594071469498498,0.001504661980912772,0.001364822074912675,0.0012383879038019852,0.0011240199071600662,0.0010205200469980726,0.0009268157116914186,0.000841945630945886,0.0007650475206196945,0.0006953472208577095,0.0006321491274446471,0.0005748277462618249,0.0005228202258464806,0.0004756197439011161,0.0004327696411856041,0.00039385821081879165,0.0003585140636046015,0.00032640200059266475,0.000297219333015109,0.00027069259751762425,0.0002465746211961642,0.00022464189663113938,0.00020469223204915878,0.0001865426459275979,0.00017002747908479452,0.00015499670049572102,0.00014131438582515787,0.00012885735012811575,0.00011751391829194994,0.00010718281864034425,9.77721867898699e-5,8.919866824534401e-5,8.138660951686745e-5,7.426732865751422e-5,6.777845709307335e-5,6.186334549974004e-5,5.6470527253224675e-5,5.155323367047118e-5,4.7068955854185995e-5,4.2979048506362294e-5,3.924837155925621e-5,3.584496589146538e-5,3.273975978525744e-5,2.9906303122765286e-5,2.7320526619730302e-5,2.4960523674008974e-5,2.280635264123533e-5,2.0839857573910737e-5,1.904450565692764e-5,1.7405239741473107e-5,1.590834454149009e-5,1.4541325196492695e-5,1.3292797029478042e-5,1.215238544675145e-5,1.1110635023427797e-5,1.0158926914013148e-5,9.289403810899593e-6,8.494901745139365e-6,7.768888094175576e-6,7.105405219638803e-6,6.499019215388646e-6,5.94477329261398e-6,5.43814537526014e-6,4.975009519183089e-6,4.551600803612716e-6,4.1644833775676915e-6,3.8105213727608476e-6,3.4868524217074933e-6,3.190863544359258e-6,2.9201691876576437e-6,2.67259122302198e-6,1.223070362458903e-6
0.021643661255544344,0.0346398152448435,0.02937341036659946,0.02534574094397657,0.022089586344717305,0.01938169005965834,0.017089991539873728,0.015127085352689473,0.013430930615440206,0.011955343340533026,0.010664743209750527,0.009531003338046268,0.008531440617368796,0.007647470046623056,0.006863667864798001,0.006167098099763971,0.005546815385052223,0.004993489546060312,0.004499116629621117,0.004056792759729394,0.0036605346004143086,0.0033051350226248194,0.002986045787620198,0.002699281259328258,0.0024413386932199965,0.0022091317399606167,0.0019999345920591535,0.001811334781044685,0.001641193064608741,0.0014876091681613399,0.0013488923941661762,0.001223536304195312,0.0011101968277621097,0.0010076732697276124,0.0009148917811316326,0.0008308909328171576,0.0007548090914358731,0.0006858733458335164,0.000623389771816335,0.000566734855967645,0.0005153479260509627,0.00046872445804410114,0.0004264101485339008,0.00038799565696160266,0.0003531119352885286,0.0003214260739337355,0.000292637602330891,0.00026647519045644094,0.000242693704650708,0.00022107157696259726,0.00020140845233970837,0.00018352308241145233,0.00016725143836368757,0.00015244501874415355,0.00013896933090338983,0.00012670252724232165,0.0001155341796405026,0.00010536417734324484,9.610173524007685e-5,8.766450096421249e-5,7.997775049343949e-5,7.297366309497069e-5,6.659066745711697e-5,6.077285172218145e-5,5.54694309277176e-5,5.0634266051256035e-5,4.622542947893126e-5,4.220481224636566e-5,3.853776889847717e-5,3.519279624713504e-5,3.214124268128963e-5,2.935704503241761e-5,2.6816490304171756e-5,2.449799984497017e-5,2.2381933791903747e-5,2.0450413825132726e-5,1.868716247260615e-5,1.707735738126656e-5,1.560749912233358e-5,1.4265291243662067e-5,1.3039531407314916e-5,1.192001256248551e-5,1.0897433209731814e-5,9.963315899383704e-6,9.109933192708258e-6,8.330240389200268e-6,7.617814387481027e-6,6.966798110311876e-6,6.371849976604641e-6,5.828097954465027e-6,5.331097771106146e-6,4.8767948971091665e-6,4.461489958480915e-6,4.081807261493699e-6,3.734666145823915e-6,3.4172549074068938e-6,3.127007056784748e-6,2.8615797007822556e-6,2.618833854235627e-6,2.3968165069814546e-6,1.0968721437840119e-6
0.019423584215038536,0.03108703226968923,0.026360990405560836,0.022746555025005,0.01982445779618519,0.017394355764546843,0.015337742157165823,0.013576182165212614,0.012054002237019107,0.010729758233962494,0.009571521369418134,0.008554051299364707,0.007656992730261047,0.006863667864798001,0.0061602356929828656,0.005535087662820376,0.00497840152730511,0.004481804462659014,0.004038113757488582,0.003641133879652661,0.003285495366512667,0.0029665253058319754,0.0026801420601761036,0.002422768861837628,0.0021912622828372877,0.001982852563315103,0.0017950934905064803,0.0016258200403440268,0.001473112381305649,0.0013352651317780975,0.001210760985573215,0.001098247992146091,0.0009965199118754653,0.0009044991724193041,0.0008212220356619247,0.0007458256516380424,0.0006775367298568827,0.0006156616018912157,0.0005595774849924684,0.0005087247858079243,0.00046260030738520634,0.0004207512428470381,0.00038276985588653854,0.0003482887623758712,0.00031697673911816604,0.0002885349958964868,0.0002626938554947918,0.00023920979354867186,0.0002178627963380633,0.00019845399993659394,0.00018080357870078065,0.0001647488550537931,0.00015014260588450167,0.00013685154388035038,0.00012475495468391995,0.00011374347297640709,0.00010371798256798284,9.45886272837519e-5,8.627392091854801e-5,7.869994587733219e-5,7.179963124034883e-5,6.551210203507634e-5,5.9782092394668716e-5,5.455941606467905e-5,4.9798488431277614e-5,4.5457894861514365e-5,4.150000070737012e-5,3.789059879907462e-5,3.459859070036476e-5,3.1595698386254574e-5,2.8856203341055538e-5,2.6356710386865926e-5,2.4075933827402208e-5,2.199450373421277e-5,2.0094790426338654e-5,1.836074538366601e-5,1.6777757014283987e-5,1.5332519854413594e-5,1.4012915915362204e-5,1.2807907022455124e-5,1.1707437103199462e-5,1.0702343482447285e-5,9.784276337295806e-6,8.945625542454942e-6,8.179454213738728e-6,7.479438324457013e-6,6.8398118270198815e-6,6.255316768633419e-6,5.7211579369663564e-6,5.232961617578717e-6,4.786738082419189e-6,4.378847466067121e-6,4.005968718681172e-6,3.665071352919639e-6,3.3533897294974873e-6,3.0683996492927363e-6,2.8077970417757215e-6,2.5694785593336153e-6,2.351523904014889e-6,2.1521797298077602e-6,9.849224890772556e-7
0.017450761668750925,0.02792989478183039,0.023684018382843064,0.020436784616174875,0.01781153421974291,0.01562828457657478,0.013780572419797299,0.012197933991881876,0.0108303535843369,0.009640598770680853,0.008599985431033852,0.0076858381410516985,0.006879870059594839,0.006167098099763971,0.005535087662820376,0.0049734097282947975,0.004473240044727392,0.004027056486180264,0.0036284060959114323,0.0032717227778904096,0.0029521825610093963,0.0026655872432359493,0.002408269815274082,0.0021770168368345708,0.001969004176143402,0.001781743402604244,0.001613036759366547,0.0014609391095623987,0.0013237255981633778,0.0011998640334156575,0.0010879911924768816,0.0009868924103182061,0.0008954839311652238,0.0008127975966661614,0.0007379675199916703,0.0006702184551431161,0.0006088556192916893,0.0005532557649968513,0.0005028593314003755,0.00045716352982771644,0.00041571624088679836,0.00037811061829964767,0.0003439803097647831,0.000312995217853905,0.00028485773449016,0.00025929939165039283,0.00023607787858869432,0.00021497438233152033,0.00019579121381321134,0.00017834968678443397,0.00016248822073017428,0.00014806064260186472,0.0001349346651920648,0.00012299052267331035,0.00011211974613273105,0.00010222406392244691,9.321441342161497e-5,8.501005234112379e-5,7.753775903553205e-5,7.073111249391792e-5,6.452984368957872e-5,5.887925090547388e-5,5.372967245871499e-5,4.903601095006705e-5,4.4757303803522465e-5,4.085633541565275e-5,3.729928673860397e-5,3.405541854620427e-5,3.109678503441409e-5,2.8397974755851982e-5,2.5935876191016485e-5,2.3689465539587047e-5,2.163961456192804e-5,1.9768916518481908e-5,1.8061528456022582e-5,1.650302825968584e-5,1.5080285051484747e-5,1.3781341658194069e-5,1.2595307993569515e-5,1.151226431712012e-5,1.0523173432541895e-5,9.619800979230903e-6,8.794643055618775e-6,8.040860483144493e-6,7.3522190887935685e-6,6.723035444439304e-6,6.148127552914922e-6,5.622770021567771e-6,5.1426533062766026e-6,4.703846650163415e-6,4.302764374937071e-6,3.93613521638301e-6,3.600974424521194e-6,3.294558374384828e-6,3.0144014579905237e-6,2.7582350489594725e-6,2.5239883508904105e-6,2.3097709583752595e-6,2.1138569747796915e-6,1.934670545816564e-6,8.853863405242685e-7
0.015694152898172498,0.02511873623003602,0.0213003866130137,0.018380101956042227,0.016019159893753188,0.014055705589320011,0.012393998687069835,0.010970672444163665,0.0097407486111111,0.008670744664101171,0.007734865381648359,0.006912719028280501,0.006187860424401143,0.005546815385052223,0.00497840152730511,0.004473240044727392,0.004023395269596719,0.003622102513204273,0.0032635585740752038,0.002942757792488121,0.0026553618931288714,0.002397595349061303,0.0021661603314148195,0.001958166904084374,0.001771075235618709,0.0016026473911929864,0.0014509068402525395,0.0013141042353850517,0.0011906883310955421,0.0010792811467727308,0.0009786566585896113,0.0008877224439627178,0.00080550381029737,0.0007311300250990912,0.0006638223319916266,0.0006028834912027922,0.000547688626735111,0.0004976771975329,0.0004523459389570248,0.0004112426445609975,0.0003739606776388968,0.0003401341183328476,0.0003094334656333613,0.0002815618250311767,0.00025625152206123353,0.0002332610901581494,0.00021237258812650643,0.0001933892083321345,0.0001761331417732548,0.00016044367047409,0.00014617546133438531,0.00013319703877674727,0.000121389416253032,0.00011064486909290574,0.00010086583325504082,9.196391632954092e-5,8.385900873718105e-5,7.647848445157656e-5,6.975648176966152e-5,6.363325574138424e-5,5.805459477623465e-5,5.297129478682165e-5,4.833868495493347e-5,4.411619983738435e-5,4.02669931037176e-5,3.675758869661565e-5,3.3557565659263384e-5,3.06392732566551e-5,2.797757337915502e-5,2.5549607530019926e-5,2.333458597099657e-5,2.1313596852595576e-5,1.9469433377539733e-5,1.7786437241556325e-5,1.6250356776689398e-5,1.4848218375156639e-5,1.3568209917275826e-5,1.2399575054846854e-5,1.1332517311180105e-5,1.035811306439549e-5,9.46823257136974e-6,8.655468270914114e-6,7.913069681515376e-6,7.234884271981599e-6,6.615303745502671e-6,6.0492152318669386e-6,5.531956929069579e-6,5.059277781254996e-6,4.627300817917147e-6,4.232489816382329e-6,3.871618979911371e-6,3.541745353959324e-6,3.2401837292192736e-6,2.9644838029478185e-6,2.7124093922141704e-6,2.481919511499486e-6,2.2711511447403112e-6,2.078403557910365e-6,1.9021240119337682e-6,1.7408947491300526e-6,7.967105690903031e-7
0.014127299345165711,0.022611221417303706,0.01917420279965293,0.016545541367532668,0.014420351453264868,0.012652946755960293,0.011157150905320184,0.009875927136827112,0.008768790223149553,0.007805602267739936,0.0069631447312676065,0.006223062763266049,0.005570553817025009,0.004993489546060312,0.004481804462659014,0.004027056486180264,0.003622102513204273,0.0032608534467903627,0.0029380856330813165,0.0026492932940675173,0.0023905713729815287,0.002158521351365468,0.0019501746951829796,0.001762930022916949,0.0015945010902964282,0.0014428733980239306,0.0013062677443521284,0.0011831094223736065,0.001072002043723208,0.000971705182468155,0.0008811151953870971,0.0007992486998458712,0.0007252282877807208,0.0006582701311252277,0.000597673194737464,0.0005428098215080803,0.0004931174936238566,0.0004480916055497573,0.00040727911039497265,0.0003702729226445333,0.00033670697776924923,0.0003062518639135488,0.0002786109530531237,0.00025351696929817955,0.0002307289405526292,0.00021002948710134757,0.0001912224068936568,0.00017413052251441996,0.00015859375938198986,0.00014446742856804402,0.00013162069095642688,0.00011993518234608511,0.00010930378155082259,9.962950572854623e-5,9.082451904250319e-5,8.28092423665128e-5,7.551155318365243e-5,6.886606607048188e-5,6.281348523836522e-5,5.730002158054869e-5,5.2276867489776816e-5,4.769972346969583e-5,4.3528371216044375e-5,3.9726288412414304e-5,3.626030100271709e-5,3.310026915144559e-5,3.02188035109605e-5,2.759100875952933e-5,2.5194251699087655e-5,2.30079514837984e-5,2.101338979568955e-5,1.9193539010911294e-5,1.7532906599914452e-5,1.601739418096603e-5,1.4634169809368087e-5,1.3371552222318794e-5,1.2218905890339858e-5,1.1166545841283828e-5,1.0205651321779335e-5,9.328187455880153e-6,8.526834142377667e-6,7.794921505335323e-6,7.126371281492434e-6,6.515643584903999e-6,5.957688545147599e-6,5.447902364245693e-6,4.982087379306726e-6,4.556415759032482e-6,4.167396496431515e-6,3.811845393475528e-6,3.486857760723886e-6,3.1897835821286934e-6,2.9182049187182396e-6,2.6699153454455966e-6,2.442901235424242e-6,2.2353247226826773e-6,2.0455081904751325e-6,1.87192014658971e-6,1.713162359426639e-6,1.5679581406904998e-6,7.17570835576333e-7
