0.06134155474884073,0.10807360921974185,0.09823658689207493,0.09020893332433988,0.08333669892840301,0.07730754790884942,0.07193700475912723,0.06710278756178156,0.06271772622516925,0.058716476470412005,0.055048214839951815,0.05167228222472331,0.04855542120240908,0.045669937487543555,0.04299242774479639,0.04050287051772772,0.03818395883534287,0.03602059882027775,0.0339995254443467,0.032109002910777895,0.03033858743319362,0.028678936864816484,0.027121656068492817,0.0256591699514207,0.024284618195788754,0.022991767199802893,0.02177493582185891,0.020628932301584246,0.01954900031603446,0.01853077255937463,0.01757023056925111,0.016663669777524093,0.015807668955666987,0.014999063382279021,0.014234921180034887,0.013512522365275559,0.012829340233373343,0.012183024761155986,0.011571387760980573,0.010992389563150573,0.010444127034668238,0.009924822772335529,0.009432815330548072,0.008966550365350268,0.008524572589936386,0.008105518452361071,0.007708109458521684,0.007331146071396205,0.006973502127447656,0.006634119717915721,0.006312004488675527,0.006006221318759983,0.005715890340636506,0.005440183270484317,0.005178320020582092,0.004929565567745084,0.004693227055357754,0.004468651108717317,0.00425522134506047,0.004052356062497334,0.0038595060923302116,0.0036761528015269718,0.003501806233614582,0.003336003376584684,0.0031783065480207595,0.003028301888198026,0.0028855979533293705,0.002749824400942638,0.0026206307606163534,0.00249768528409159,0.0023806738686798154,0.002269299048792889,0.0021632790507870314,0.0020623469065341044,0.0019662496219047393,0.0018747473960877628,0.0017876128883235406,0.0017046305290717573,0.0016255958723876696,0.0015503149868836587,0.0014786038827487961,0.0014102879723654448,0.001345201562571001,0.001283187376316823,0.0012240961018895428,0.001167785968112383,0.001114122343720568,0.001062977359513273,0.0010142295517815182,0.0009677635258601124,0.0009234696384245074,0.0008812436974339477,0.000840986678753184,0.0008026044583455925,0.0007660075591759338,0.0007311109119318357,0.0006978336287343043,0.0006660987891607319,0.0006358332377708227,0.0006069673924888087,0.0002897175316460207
0.10807360921974185,0.19040806979589364,0.1730770778989963,0.15893383610016798,0.14682621546231367,0.13620394240927736,0.12674200780199207,0.11822497524424902,0.11049926839014601,0.10344976362885827,0.09698692014191646,0.09103910466457421,0.08554772422567258,0.08046398698895074,0.07574666091367344,0.07136047215250008,0.06727492923754363,0.06346343972823565,0.059902633249513615,0.05657183362534424,0.0534526409428675,0.05052859615727834,0.04778490866487917,0.045208232615814414,0.04278648145064712,0.04050867275819403,0.03836479745172927,0.0363457086365897,0.034443026572082536,0.03264905688826203,0.03095671980811332,0.029359488574006165,0.02785133561666675,0.026426685281756956,0.025080372140363405,0.023807604078608935,0.022603929502426123,0.021465208095979627,0.020387584666138214,0.019367465679579365,0.0184014981542438,0.01748655061975296,0.016619695900746134,0.015798195514481528,0.01501948549804294,0.014281163507929184,0.013580977056481924,0.012916812763560437,0.012286686519355106,0.011688734466240885,0.011121204718058414,0.010582449746523948,0.010070919369742054,0.009585154286874786,0.009123780109833307,0.008685501846075472,0.00826909879295254,0.007873419807865878,0.007497378921416081,0.0071399512657506214,0.0068001692907623534,0.006477119244830909,0.006169937899431363,0.005877809497514014,0.005599962908403686,0.0053356689729269074,0.005084238024975166,0.004845017575385788,0.004617390146207559,0.004400771244810947,0.004194607467132128,0.0039983747209336035,0.0038115765606128588,0.0036337426254759997,0.0034644271747561878,0.0033032077121950415,0.003149683694158481,0.0030034753160373268,0.002864222371249482,0.0027315831782216346,0.0026052335708986046,0.002484865948443951,0.00237018838069359,0.002260923765401497,0.002156809034045047,0.00205759440340246,0.001963042669720326,0.0018729285430091266,0.0017870380188230867,0.0017051677854948433,0.0016271246643951784,0.001552725081282319,0.001481794567035774,0.0014141672858242402,0.0013496855891891035,0.0012881995944741959,0.0012295667861397484,0.0011736516387688793,0.0011203252603400986,0.0010694650546267497,0.0005104772008772216
0.09823658689207493,0.1730770778989963,0.1573237134848786,0.14446790811980392,0.13346241547545334,0.12380705536753078,0.11520640543163951,0.10746464124591215,0.10044216709079601,0.09403433948525186,0.08815976884133825,0.08275334293054071,0.07776180270832045,0.07314079802820217,0.06885285034009314,0.06486589688821498,0.061152221936169315,0.05768765382991248,0.054450949662558035,0.05142331546180401,0.04858802630055559,0.0459301214342861,0.043436156674317994,0.04109400106381078,0.03889266829792282,0.03682217570494928,0.034873425332032526,0.033038102929669355,0.03130859156539423,0.029677897285672494,0.028139584781331828,0.026687721419354493,0.025316828312348827,0.02402183734865798,0.022798053298046683,0.021641120261445046,0.02054699186122766,0.01951190466163638,0.01853235439431361,0.017605074631343254,0.016727017598312133,0.01589533686798783,0.015107371710962936,0.014360632913610949,0.01365278989550106,0.012981658983364897,0.012345192718408532,0.011741470086448408,0.01116868757623976,0.01062515098228331,0.010109267877927902,0.00961954069486981,0.009154560349941165,0.00871300036833697,0.00829361145861629,0.00789521649774444,0.007516705890217912,0.00715703326878761,0.00681521150695058,0.006490309017945839,0.006181446315397132,0.005887792814414872,0.0056085638543671296,0.005343017925048293,0.005090454080569268,0.004850209526156543,0.004621657365326895,0.004404204494602784,0.004197289634922344,0.004000381490163907,0.0038129770230482113,0.0036345998401325214,0.0034647986781975726,0.003303145984681191,0.0031492365860496113,0.0030026864375788664,0.0028631314490660045,0.002730226381699022,0.002603643810919029,0.0024830731510739057,0.002368219737816521,0.002258803964305993,0.002154560468086694,0.002055237365044843,0.0019605955275042025,0.0018704079039273958,0.001784458877330114,0.001702543660170898,0.001624467723312685,0.0015500462572120913,0.0014791036631273506,0.0014114730725858782,0.0013469958935615964,0.0012855213815890117,0.0012269062344339304,0.0011710142088942263,0.0011177157584017702,0.0010668876903423379,0.001018412841796712,0.0009721797726677979,0.0004640412376564068
0.09020893332433988,0.15893383610016798,0.14446790811980392,0.13266272729493434,0.12255663723667531,0.1136903367112243,0.10579254778079417,0.09868345046671556,0.09223485800467857,0.08635067927243711,0.08095617653195752,0.0759915590772271,0.07140792064013524,0.06716453573685599,0.0632269888720507,0.05956583771761115,0.05615563168737214,0.05297417462319198,0.0500019597504231,0.0472217290799245,0.044618124566680684,0.04217740816331106,0.03988723443168074,0.03773646383640328,0.03571500794291438,0.033813699923991636,0.032024185364256996,0.030338829500626496,0.028750637896301612,0.027253188178280707,0.02584057096082515,0.024507338451509375,0.02324845951976201,0.022059280238886703,0.020935489088833914,0.019873086147991215,0.018868355719797836,0.017917841925501332,0.01701832687276511,0.0161668110717485,0.015360495816303887,0.014596767292086477,0.013873182206208257,0.013187454764278739,0.012537444840700018,0.011921147210989191,0.011336681732990767,0.01078228437548892,0.010256299007326414,0.009757169870153709,0.009283434666691404,0.008833718205828484,0.00840672655027952,0.008001241620107125,0.007616116211094398,0.007250269389646374,0.00690268223120008,0.006572393872314702,0.0062584978490488885,0.005960138698426945,0.005676508800167138,0.005406845439217101,0.005150428071840962,0.004906575778481248,0.0046746448889993936,0.004454026766693986,0.004244145739587021,0.0040444571671928164,0.0038544456328094695,0.00367362325253609,0.0035015280920747544,0.0033377226837084245,0.0031817926363850446,0.0030333453321623113,0.002892008703402879,0.0027574300847265573,0.002629275134686769,0.002507226822789879,0.0023909844771138333,0.002280262888668047,0.0021747914687786016,0.0020743134558795923,0.001978585168840384,0.0018873753035229812,0.0018004642698714116,0.0017176435672063561,0.001638715195068946,0.0015634910975591484,0.0014917926389615248,0.0014234501089647918,0.0013583022554469783,0.0012961958432106298,0.0012369852372449662,0.0011805320088870107,0.0011267045636140748,0.001075377789157967,0.0010264327227202837,0.000979756236294392,0.0009352407389032237,0.0008927838948022057,0.00042614417841924275
0.08333669892840301,0.14682621546231367,0.13346241547545334,0.12255663723667531,0.11322049452189287,0.10502968095552356,0.09773358769063445,0.0911660955203244,0.08520878443619062,0.0797728846525736,0.07478935281758403,0.070202953770792,0.06596850748460503,0.062048391406451575,0.058410812202078555,0.05502857078904988,0.05187815568802523,0.04893906188617525,0.046193268844488156,0.043624833469827484,0.041219567852497474,0.03896478064947517,0.0368490670212408,0.03486213615086964,0.032994668236825286,0.0312381948658903,0.029584998137540564,0.02802802497197099,0.026560813828134022,0.02517743164234143,0.02387241925292305,0.02264074392211224,0.021477757828031074,0.020379161613115482,0.019340972238177545,0.018359494521551112,0.017431295851353223,0.01655318363789038,0.015722185145652712,0.01493552940153925,0.014190630918473612,0.013485075014352421,0.012816604536607601,0.0121831078314934,0.011582607815711077,0.011013252029140802,0.010473303564164982,0.00996113277782626,0.009475209706545529,0.009014097112383407,0.008576444097916358,0.00816098023552253,0.007766510160934659,0.0073919085879236845,0.0070361157062255875,0.006698132927306671,0.006377018947465812,0.0060718861007157815,0.0057818969761392475,0.005506261278288446,0.005244232909540125,0.004995107256434567,0.004758218664056471,0.0045329380829606525,0.004318670875341879,0.004114854767885132,0.003920957940663106,0.003736477241194039,0.0035609365144579908,0.0033938850407456284,0.0032348960730793214,0.0030835654671778623,0.002939510397433398,0.0028023681526692518,0.0026717950064957113,0.00254746515672704,0.0024290697292105035,0.002316315842019828,0.002208925725630695,0.0021066358955147343,0.002009196373718679,0.0019163699560853578,0.0018279315224653953,0.0017436673868650165,0.0016633746850381048,0.0015868607973724622,0.0015139428046171029,0.0014444469745519169,0.001378208277561327,0.0013150699295468374,0.0012548829603052196,0.0011975058058795417,0.0011428039235687228,0.0010906494280911692,0.0010409207477321478,0.0009935022992643497,0.0009482841805144443,0.0009051618796568767,0.0008640360001347172,0.0008248120003292864,0.0003936999736158034
0.07730754790884942,0.13620394240927736,0.12380705536753078,0.1136903367112243,0.10502968095552356,0.09743148311071859,0.09066326755674559,0.08457093492813184,0.07904463370137282,0.07400201718185628,0.06937903776692056,0.06512445692786284,0.06119636371029746,0.05755985779876904,0.05418544631119526,0.05104789819067168,0.048125403159064994,0.045398939865420096,0.04285179166311459,0.040469169033285346,0.03823791064039139,0.03614624342824024,0.034183587756420386,0.03234039739965755,0.030608026888234274,0.028978620536834532,0.027445018868024307,0.02600067912073878,0.024639607270824593,0.023356299532615254,0.02214569173253056,0.021003115266366668,0.019924258594704036,0.01890513342888278,0.01794204491106821,0.017031565212757893,0.01617051007680198,0.015355917901299032,0.014585031030897033,0.013855278974094276,0.0131642633045721,0.012509744042425275,0.011889627339299075,0.01130195431818562,0.010744890935793089,0.010216718755033355,0.009715826530670907,0.009240702521162852,0.00878992745222254,0.008362168066229497,0.00795617119911074,0.007570758334408928,0.007204820588024907,0.006857314083619392,0.006527255683525635,0.006213719042332991,0.005915830954845019,0.005632767972849256,0.0053637532672245886,0.005108053715506183,0.004864977195346065,0.004633870067197399,0.004414114831434834,0.004205127945534667,0.004006357788976539,0.003817282764212601,0.003637409523839605,0.003466271313875127,0.003303426424602268,0.0031484567414439696,0.003000966388205399,0.0028605804561635945,0.002726943812945838,0.0025997199854164293,0.0024785901117637954,0.002363251957651795,0.0022534189921225647,0.0021488195194960327,0.0020491958632010976,0.0019543035982322876,0.0018639108290475215,0.0017777975098052304,0.0016957548044815862,0.001617584484034422,0.0015430983583020752,0.001472117740642806,0.0014044729430391055,0.0013400027999056173,0.0012785542187096974,0.0012199817559529307,0.001164147216775685,0.0011109192768001541,0.0010601731249923196,0.0010117901261477782,0.0009656575019151743,0.0009216680292346846,0.0008797197551458288,0.0008397157271122294,0.0008015637378427989,0.0007651760837947448,0.00036523466833259573
0.07193700475912723,0.12674200780199207,0.11520640543163951,0.10579254778079417,0.09773358769063445,0.09066326755674559,0.08436526400448963,0.07869618439057668,0.07355380960387947,0.06886151434400323,0.06455970099213504,0.06060069103560983,0.056945485460529355,0.05356160879560057,0.050421617296379395,0.047502032933335436,0.0447825607809621,0.04224550106697256,0.039875298593092356,0.03765819139239812,0.03558193255547237,0.03363556699491865,0.031809250120893084,0.0300940989572972,0.02848206869938541,0.0269658494528906,0.02553877915920888,0.024194769626969148,0.022928243275798232,0.021734078702377424,0.020607563571575782,0.01954435363383794,0.01854043689589907,0.017592102156167577,0.016695911256685958,0.015848674516018846,0.015047428901139082,0.01428941856457705,0.013572077435604513,0.012893013603599013,0.012249995268431596,0.011640938067929207,0.011063893618647014,0.010517039131072964,0.009998667976357706,0.009507181099925238,0.009041079191748097,0.008598955532354957,0.008179489445281879,0.007781440294663433,0.007403641973646818,0.007044997836837097,0.006704476033494278,0.006381105204244675,0.0060739705086039625,0.005782209952750486,0.005505010991220666,0.005241607378738397,0.004991276250336338,0.004753335411269613,0.004527140818519626,0.004312084238374564,0.004107591066325536,0.00391311829590231,0.0037281526249664937,0.0035522086886183163,0.0033848274095380215,0.0032255744563643995,0.003074038802167979,0.0029298313760040204,0.0027925838004158182,0.0026619472088207086,0.0025375911371413873,0.0024192024843032803,0.0023064845371245507,0.0021991560548194553,0.002096950409101267,0.0019996147763918504,0.0019069093783546029,0.0018186067676744591,0.0017344911561220436,0.0016543577820153713,0.0015780123147910718,0.0015052702940484032,0.0014359566009147888,0.0013699049598774535,0.0013069574689632338,0.0012469641566277764,0.001189782563594692,0.001135277348293589,0.0010833199142799357,0.0010337880583484518,0.0009865656382051328,0.0009415422583997357,0.0008986129735080173,0.0008576780075191769,0.0008186424884552915,0.0007814161974297774,0.0007459133311951503,0.0007120522774220171,0.00033987770103221637
0.06710278756178156,0.11822497524424902,0.10746464124591215,0.09868345046671556,0.0911660955203244,0.08457093492813184,0.07869618439057668,0.07340808867569049,0.06861129881387917,0.06423433948700086,0.06022161862760189,0.056528662190297396,0.05311909227818834,0.04996261608846131,0.0470336343616099,0.04431024701624542,0.041773523137588975,0.03940695254295179,0.03719602548607037,0.03512790492829143,0.03319116706089342,0.0313755930733528,0.029672000015782185,0.028072101921680304,0.026568394662175976,0.025154059625383307,0.023822882493942155,0.022569184248058705,0.02138776216076954,0.02027383902254548,0.01922301919864905,0.018231250400996213,0.017294790266987548,0.016410177009652194,0.01557420353457839,0.014783894523974939,0.014036486075642951,0.013329407548236638,0.012660265322506636,0.01202682823426826,0.01142701446907246,0.010858879741396293,0.010320606605595,0.009810494769073308,0.009326952293027851,0.008868487583151397,0.008433702086144246,0.008021283616542363,0.007630000249228386,0.007258694720443493,0.006906279286632844,0.006571730997479347,0.0062540873427534005,0.005952442238244718,0.005665942320272316,0.005393783520263998,0.005135207894847463,0.004889500689263901,0.004655987613729665,0.004434032315489972,0.004223034029585945,0.004022425393863965,0.003831670415391661,0.003650262575802643,0.003477723064860813,0.0033135991321278924,0.0031574625481733953,0.0030089081665599093,0.00286755257919636,0.0027330328585146862,0.002605005379820391,0.002483144718156957,0.0023671426144254368,0.002256707005741751,0.0021515611158590825,0.00205144260119651,0.001956102748731099,0.0018653057224942288,0.0017788278551436679,0.0016964569817417632,0.0016179918129758664,0.001543241345128659,0.0014720243046638104,0.001404168624967634,0.0013395109532400445,0.0012778961858041574,0.0012191770298587076,0.0011632135901450472,0.0011098729788870006,0.001059028947743939,0.0010105615402681706,0.0009643567636651723,0.0009203062787980637,0.0008783071072253103,0.0008382613543289306,0.0008000759475587961,0.0007636623888853597,0.0007289365207209606,0.00069581830442394,0.0006642316106783841,0.0003170520105740104
0.06271772622516925,0.11049926839014601,0.10044216709079601,0.09223485800467857,0.08520878443619062,0.07904463370137282,0.07355380960387947,0.06861129881387917,0.06412798412904253,0.06003706167662215,0.05628657274437798,0.05283494999496807,0.04964819309431878,0.04669798909469802,0.0439604118322755,0.04141499255124581,0.03904403760415576,0.036832115861803016,0.034765665887154684,0.03283268962617192,0.031022509889039873,0.029325575728030073,0.027733304354427668,0.026237951338026755,0.024832502987080896,0.02351058632299391,0.022266393166414433,0.02109461564979287,0.019990391069091895,0.01894925442698192,0.017967097362214746,0.017040132420011678,0.01616486181524529,0.015338050000841097,0.014556699476381163,0.013818029369912,0.013119456407677643,0.012458577945943405,0.011833156793573468,0.011241107597074751,0.010680484591806566,0.010149470553756534,0.009646366809107021,0.009169584180517165,0.008717634762965998,0.008289124437925288,0.007882746047210759,0.007497273155951167,0.007131554344269708,0.006784507974230247,0.006455117384694564,0.00614242647329627,0.005845535627798881,0.005563597974374668,0.005295815914292318,0.005041437922370259,0.004799755584240853,0.004570100851688311,0.004351843497015853,0.004144388750315781,0.003947175103771738,0.003759672269468897,0.0035813792787156573,0.0034118227112131666,0.003250555044064893,0.0030971531111702866,0.002951216665001158,0.002812367032567667,0.0026802458586490385,0.0025545139301740363,0.002434850075534886,0.002320950133545191,0.0022125259871266997,0.0021093046570355503,0.002011027451727737,0.0019174491691968804,0.001828337347285533,0.0017434715594244893,0.0016626427525015183,0.0015856526241782506,0.0015123130370710454,0.0014424454672803122,0.0013758804852727312,0.0013124572668179527,0.0012520231321042456,0.0011944331114153786,0.0011395495355223141,0.001087241649361078,0.0010373852474627014,0.0009898623299575103,0.0009445607777438733,0.0009013740456982194,0.0008602008729370302,0.0008209450089988191,0.0007835149550651371,0.0007478237193097696,0.0007137885855277963,0.0006813308943530577,0.0006503758362361185,0.0006208522555217946,0.00029634623253199655
0.058716476470412005,0.10344976362885827,0.09403433948525186,0.08635067927243711,0.0797728846525736,0.07400201718185628,0.06886151434400323,0.06423433948700086,0.06003706167662215,0.05620713956950785,0.05269592976214876,0.049464517186074364,0.04648107094979348,0.043719084653934925,0.0411561587759528,0.038773130594704774,0.03655343542613576,0.0344826267399434,0.032548008398511796,0.030738347892399154,0.029043649295967255,0.027454971063514688,0.02596427803303092,0.02456431990789859,0.023248530503779397,0.022010943467576982,0.020846121207392654,0.01974909451985629,0.018715310960705445,0.01774059041607623,0.016821086652488604,0.015953253867049377,0.015133817443776176,0.014359748272339157,0.013628240100255984,0.01293668948134008,0.012282677959704974,0.011663956184283286,0.01107842969983569,0.01052414620072789,0.009999284063702235,0.009502142004609637,0.00903112972543696,0.008584759438280354,0.008161638165946089,0.007760460733772068,0.007380003379032135,0.007019117911870765,0.006676726371211833,0.006351816125608034,0.006043435374696496,0.0057506890130700344,0.00547273482123968,0.005208779953295287,0.00495807769457271,0.00471992446438374,0.004493657042319202,0.004278649998710693,0.004074313311422426,0.0038800901538749016,0.0036954548394434877,0.0035199109095695874,0.003352989354353797,0.0031942469547122238,0.0030432647367255733,0.002899646529329447,0.0027630176178546906,0.002633023485747045,0.0025093286379839624,0.0023916155004629416,0.002279583389542268,0.002172947546781899,0.0020714382342833376,0.001974799886237895,0.0018827903130322413,0.0017951799540101704,0.0017117511756151171,0.0016322976120618782,0.0015566235454499977,0.0014845433228080074,0.001415880807649917,0.0013504688636882568,0.0012881488688359227,0.0012287702573448682,0.0011721900883258259,0.0011182726391345543,0.0010668890218960073,0.0010179168218289493,0.0009712397559347788,0.0009267473509480158,0.0008843346392284866,0.0008439018715437722,0.0008053542458155254,0.0007686016507702353,0.0007335584236693518,0.0007001431212663011,0.0006682783031960304,0.0006378903271498527,0.0006089091550604189,0.0005812681696781216,0.0002774520005062722
0.055048214839951815,0.09698692014191646,0.08815976884133825,0.08095617653195752,0.07478935281758403,0.06937903776692056,0.06455970099213504,0.06022161862760189,0.05628657274437798,0.05269592976214876,0.04940408565615262,0.04637455688106795,0.04357750142752914,0.040988069087489865,0.03858525991912898,0.03635110853635215,0.03427008525642328,0.032328646201229105,0.030514888515090877,0.02881828151821808,0.02722945384881692,0.025740022643925498,0.024342454790475143,0.023029952999871595,0.02179636135028734,0.02063608627180058,0.019544029917059835,0.018515533560917452,0.017546329197002164,0.01663249788507798,0.015770433703527653,0.014956812389623098,0.014188563923101138,0.013462848449566633,0.01277703504780442,0.012128682931123153,0.011515524744567796,0.010935451672021118,0.010386500115041442,0.009866839743069039,0.009374762742709736,0.008908674120750665,0.008467082935592146,0.0080485943508313,0.007651902416946854,0.007275783501012462,0.006919090295405855,0.006580746343585103,0.006259741029911364,0.005955124986610591,0.005666005876309874,0.005391544514344329,0.0051309512977169985,0.0048834829122185175,0.004648439292681522,0.00442516081298594,0.004213025685667393,0.004011447552927927,0.003819873252333947,0.0036377807430469505,0.003464677178658296,0.0033000971147567892,0.0031436008407006583,0.002994772825356408,0.002853220268020956,0.002718571746227527,0.002590475953412559,0.0024686005192524133,0.002352630906592497,0.002242269379600953,0.0021372340376915253,0.0020372579105726457,0.001942088110109312,0.001851485034881098,0.00176522162401372,0.0016830826566267207,0.0016048640938263053,0.0015303724605701952,0.001459424264509842,0.0013918454494557982,0.0013274708811992324,0.0012661438634806385,0.0012077156823550282,0.0011520451769358696,0.0010989983348718042,0.00104844791113623,0.0010002730685091561,0.0009543590384974085,0.0009105968013467421,0.0008688827841120683,0.0008291185755485431,0.0007912106568374842,0.0007550701472789009,0.0007206125639571681,0.0006877575946064481,0.0006564288828766057,0.0006265538252549149,0.0005980633790367441,0.0005708918806184675,0.0005449768735326186,0.00026012947286585975
0.05167228222472331,0.09103910466457421,0.08275334293054071,0.0759915590772271,0.070202953770792,0.06512445692786284,0.06060069103560983,0.056528662190297396,0.05283494999496807,0.049464517186074364,0.04637455688106795,0.04353082326702873,0.040905304704251466,0.03847467517886993,0.03621922278441103,0.03412208404336381,0.03216868178579402,0.03034630284544937,0.028643774425037738,0.027051211739596126,0.02555981821441322,0.024161725143212964,0.02284986144951101,0.021617846748925917,0.020459902685132814,0.019370778761464202,0.01834568979836071,0.01738026280465288,0.016470491543015553,0.01561269743214272,0.014803495710249304,0.014039765998829834,0.013318626567854985,0.012637411735943016,0.011993651940005123,0.011385056089627671,0.01080949588877117,0.010264991856344441,0.009749700822111906,0.009261904709853275,0.008800000446054307,0.008362490857695914,0.007947976441515264,0.007555147904989318,0.00718277939076048,0.006829722309343589,0.006494899715314056,0.006177301168848584,0.005875978032849366,0.005590039161620819,0.00531864694208492,0.005061013653926638,0.004816398117583234,0.0045841026033319465,0.004363469977986256,0.004153881067250509,0.003954752214821833,0.0037655330211541632,0.0035857042461947125,0.0034147758628071817,0.0032522852478064357,0.00309779549946234,0.0029508938715894356,0.0028111903146138054,0.0026783161153710808,0.0025519226278461135,0.00243168008826207,0.00231727650776848,0.0022084166370240424,0.0021048209976353774,0.0020062249753310807,0.00191237797051267,0.0018230426021337703,0.0017379939610434325,0.0016570189095808027,0.0015799154239879362,0.001506491976758468,0.001436566956412734,0.0013699681219821735,0.0013065320899935465,0.001246103851824578,0.00118853631935786,0.0011336898972895623,0.0010814320801990733,0.0010316370728343273,0.000984185432280401,0.0009389637304896802,0.0008958642359970619,0.0008547846135559742,0.0008156276407250834,0.0007783009402441282,0.0007427167272734646,0.0007087915706822899,0.0006764461674529914,0.0006456051294757657,0.0006161967819831426,0.0005881529729254639,0.000561408892717729,0.0005359029036755784,0.0005115763785960396,0.0002441867740098783
0.04855542120240908,0.08554772422567258,0.07776180270832045,0.07140792064013524,0.06596850748460503,0.06119636371029746,0.056945485460529355,0.05311909227818834,0.04964819309431878,0.04648107094979348,0.04357750142752914,0.040905304704251466,0.03843815903175618,0.036154145610803545,0.03403474171563903,0.032064101207729956,0.03022852632630524,0.02851607086142982,0.026916236043705744,0.025419733411971124,0.024018297065018845,0.022704532992999737,0.02147179669591953,0.020314092697375608,0.01922599122951474,0.01820255853913344,0.017239298118256308,0.016332100780620196,0.015477201968151444,0.01467114501187533,0.013910749336742245,0.013193082801248035,0.012515437515189132,0.011875308603259416,0.011270375477076877,0.010698485254109574,0.010157638025231286,0.009645973718661438,0.009161760350230974,0.008703383483242927,0.00826933674596042,0.007858213278521847,0.007468697998752383,0.007099560593140347,0.006749649150023851,0.006417884364362025,0.006103254253198673,0.005804809327198082,0.005521658171485283,0.0052529633944172205,0.0049979379076234565,0.004755841505736644,0.004525977716601043,0.00430769089682756,0.004100363550622932,0.003903413851266302,0.003716293347463817,0.0035384848385260903,0.003369500403626241,0.0032088795726537694,0.003056187626377438,0.002911014015448396,0.0027729708889549926,0.002641691723501219,0.0025168300450600714,0.002398058236282141,0.002285066423064773,0.0021775614340390215,0.0020752658276140257,0.001977916981843894,0.0018852662423056374,0.001797078123892723,0.0017131295627193302,0.0016332092145050492,0.001557116796420472,0.0014846624691680216,0.0014156662565892146,0.0013499575004407363,0.0012873743477857871,0.0012277632689247017,0.0011709786038647321,0.0011168821353810775,0.0010653426871245868,0.0010162357449967907,0.0009694431003401185,0.0009248525136911351,0.0008823573976671981,0.0008418565178806986,0.000803253710693088,0.0007664576168970733,0.000731381430235413,0.0006979426598868275,0.000666062906153073,0.0006356676484709951,0.0006066860450673426,0.0005790507435513986,0.0005526977017885331,0.0005275660185194882,0.0005035977730843879,0.00048073787373978036,0.00022946695706677674
0.045669937487543555,0.08046398698895074,0.07314079802820217,0.06716453573685599,0.062048391406451575,0.05755985779876904,0.05356160879560057,0.04996261608846131,0.04669798909469802,0.043719084653934925,0.040988069087489865,0.03847467517886993,0.036154145610803545,0.03400586432463337,0.03201240948857931,0.030158876774248444,0.02843238254140501,0.02682169059655415,0.02531692615752823,0.02390935281522838,0.022591195944240083,0.021355500989292953,0.020196018357565237,0.019107108904877712,0.01808366557253177,0.017121047835711722,0.016215026427064627,0.015361736380424706,0.01455763687481143,0.013799476678955924,0.013084264245899146,0.012409241696628326,0.011771862075123762,0.01116976937415895,0.010600780920439257,0.010062871779037308,0.009554160896582453,0.00907289874595299,0.008617456274895269,0.00818631499234479,0.007778058049513176,0.007391362195160817,0.007024990501093564,0.006677785769723804,0.00634866454567079,0.006036611664972838,0.00574067528463848,0.005459962341162292,0.005193634394018057,0.004940903815214059,0.004701030290428745,0.004473317602023616,0.004257110666458064,0.004051792802468368,0.003856783209249967,0.00367153463524314,0.003495531220807674,0.0033282864996867223,0.003169341545393209,0.0030182632507760113,0.002874642729209849,0.002738093827561884,0.0026082517421989262,0.0024847717295434016,0.0023673279038902775,0.0022556121156000267,0.0021493329038414777,0.0020482145179184785,0.0019519960021386132,0.0018604303397708674,0.0017732836515661488,0.0016903344449892277,0.0016113729105829422,0.0015362002620503794,0.0014646281172148619,0.0013964779168238253,0.0013315803786488369,0.0012697749846641536,0.0012109094989021726,0.001154839514033043,0.0011014280247873473,0.0010505450263895433,0.0010020671365495414,0.0009558772393387822,0.0009118641495849365,0.0008699222966075289,0.0008299514259498472,0.0007918563180670593,0.000755546522853201,0.0007209361091498057,0.0006879434282093533,0.0006564908902956662,0.0006265047537010755,0.0005979149253558975,0.0005706547723889118,0.0005446609439754956,0.0005198732028557536,0.0004962342660191684,0.0004736896539528808,0.00045218754797235645,0.00021583932761254278
0.04299242774479639,0.07574666091367344,0.06885285034009314,0.0632269888720507,0.058410812202078555,0.05418544631119526,0.050421617296379395,0.0470336343616099,0.0439604118322755,0.0411561587759528,0.03858525991912898,0.03621922278441103,0.03403474171563903,0.03201240948857931,0.030135825809168737,0.028390960270292198,0.026765684667765743,0.025249421644294556,0.023832875426035238,0.022507821862424893,0.021266942191314808,0.02010368963496889,0.019012181041850706,0.017987107914754386,0.017023662642569937,0.016117476792393726,0.015264569074318002,0.01446130113850419,0.013704339773787322,0.012990624378414084,0.01231733880818861,0.011681886885618942,0.011081870988648379,0.010515073247673562,0.009979438963557213,0.009473061926532855,0.008994171371909498,0.00854112034923446,0.008112375318927223,0.007706506819901648,0.007322181073626005,0.006958152411108448,0.006613256424942787,0.006286403763425319,0.005976574493291004,0.005682812968538065,0.0054042231514260936,0.0051399643372853215,0.004889247241729497,0.004651330413638938,0.004425516941453739,0.004211151424815832,0.004007617185695797,0.0038143336967523256,0.0036307542073811955,0.003456363549191502,0.003290676105173876,0.0031332339283481614,0.002983604996834699,0.0028413815942969975,0.0027061788048763843,0.002577633113348826,0.0024554011022808672,0.002339158238190149,0.002228597739850277,0.002123429522258795,0.002023379210783764,0.0019281872198727568,0.001837607891577872,0.0017514086897052056,0.0016693694453278063,0.0015912816500364343,0.0015169477935592542,0.0014461807425357534,0.0013788031577719392,0.0013146469471202182,0.0012535527515859582,0.001195369462573058,0.0011399537680075941,0.0010871697255015848,0.0010368883607856962,0.0009889872896864417,0.000943350362280073,0.0008998673276478866,0.0008584335179470798,0.0008189495506884213,0.0007813210479552107,0.0007454583715840561,0.0007112763732560583,0.0006786941586910331,0.0006476348649784823,0.0006180254502752575,0.0005897964951919101,0.0005628820150917827,0.0005372192826989149,0.0005127486603905343,0.0004894134415925361,0.00046715970080402243,0.0004459361516834532,0.00042569401274325513,0.00020319344013380175
0.04050287051772772,0.07136047215250008,0.06486589688821498,0.05956583771761115,0.05502857078904988,0.05104789819067168,0.047502032933335436,0.04431024701624542,0.04141499255124581,0.038773130594704774,0.03635110853635215,0.03412208404336381,0.032064101207729956,0.030158876774248444,0.028390960270292198,0.0267471338571168,0.02521597173191581,0.02378750912069072,0.022452988609320768,0.021204662343335345,0.020035635420626752,0.01893974021362016,0.01791143428669334,0.016945716577174863,0.016038057899449343,0.015184342810927842,0.014380820590498722,0.013624063595649938,0.012910931650374102,0.012238541399868214,0.011604239789119258,0.01100558099046095,0.010440306232358865,0.00990632608542033,0.009401704840768604,0.008924646679216358,0.008473483382442276,0.00804666337576404,0.007642741927291474,0.007260372356040795,0.00689829812225215,0.00655534569297081,0.006230418090697035,0.0059224890469194436,0.0056305976913366695,0.005353843717855633,0.005091382976575506,0.004842423446195815,0.004606221547838504,0.00438207876577329,0.004169338544465481,0.003967383435604641,0.0037756324707480943,0.0035935387386156065,0.00342058714862431,0.003256292363458896,0.00310019688585398,0.002951869286197867,0.0028109025586595046,0.002676912595425407,0.0025495367687978984,0.0024284326124213856,0.0023132765938900235,0.0022037629712052045,0.002099602726619937,0.002000522571764335,0.0019062640188852592,0.0018165825129091984,0.0017312466198570672,0.001650037267661747,0.0015727470353746123,0.0014991794873450044,0.0014291485491991045,0.0013624779225896479,0.001299000536198136,0.0012385580302987642,0.0011810002726246292,0.0011261849035695305,0.0010739769085955676,0.0010242482161146732,0.000976877319175843,0.0009317489193332272,0.0008887535914066727,0.0008477874676504835,0.0008087519401192081,0.0007715533801858823,0.0007361028740202804,0.0007023159731048157,0.0006701124587971726,0.0006394161201793841,0.0006101545442828166,0.0005822589179637072,0.0005556638407904612,0.0005303071482117474,0.0005061297444364145,0.00048307544443714455,0.00046109082452993645,0.0004401250810829871,0.00042012989682026214,0.0004010593142929793,0.00019143480807798374
0.03818395883534287,0.06727492923754363,0.061152221936169315,0.05615563168737214,0.05187815568802523,0.048125403159064994,0.0447825607809621,0.041773523137588975,0.03904403760415576,0.03655343542613576,0.03427008525642328,0.03216868178579402,0.03022852632630524,0.02843238254140501,0.026765684667765743,0.02521597173191581,0.02377247218155054,0.02242579183235044,0.021167674724515417,0.019990816648885024,0.018888717507237363,0.01785556283097811,0.016886127543985052,0.01597569694322848,0.015120001182336695,0.014315160466427945,0.013557638837627395,0.01284420491674032,0.012171898330375491,0.011538000820453614,0.01094001124146321,0.01037562380919102,0.009842709084550955,0.009339297273933178,0.008863563502103128,0.008413814773356149,0.007988478386375925,0.007586091604439682,0.007205292415786213,0.0068448112451704735,0.006503463497103207,0.006180142829962015,0.00587381507405621,0.005583512719938705,0.0053083299117309135,0.005047417889923092,0.004799980835767617,0.004565272074311927,0.004342590599295745,0.004131277887377369,0.003930714972859364,0.00374031975808109,0.003559544536506226,0.0033878737087432442,0.003224821674141315,0.003069930881742053,0.002922770026613293,0.0027829323789399438,0.002650034234279272,0.002523713475162302,0.0024036282343805337,0.002289455651724351,0.0021808907168701097,0.002077645191315862,0.0019794466032723793,0.001886037309753931,0.0017971736209971834,0.0017126249822207243,0.0016321732085095367,0.0015556117691017425,0.0014827451172934741,0.001413388062741515,0.00134736518317179,0.001284510272638869,0.0012246658239619262,0.001167682542800759,0.0011134188912417624,0.0010617406590395992,0.0010125205605070707,0.0009656378554200873,0.0009209779923654189,0.0008784322729990905,0.000837897536001081,0.0007992758593268687,0.0007624742796140758,0.0007274045277594621,0.0006939827795420933,0.0006621294204230792,0.0006317688235878225,0.0006028291405139295,0.0005752421032063949,0.0005489428374163084,0.0005238696862407688,0.0004999640434149872,0.000477170195760138,0.0004554351742325335,0.00043470861305762616,0.00041494261652795343,0.00039609163296091057,0.0003781123354140905,0.0001804817544079
0.03602059882027775,0.06346343972823565,0.05768765382991248,0.05297417462319198,0.04893906188617525,0.045398939865420096,0.04224550106697256,0.03940695254295179,0.036832115861803016,0.0344826267399434,0.032328646201229105,0.03034630284544937,0.02851607086142982,0.02682169059655415,0.025249421644294556,0.02378750912069072,0.02242579183235044,0.021155407905644907,0.019968569194229624,0.018858385371657127,0.017818724657646,0.016844102050494858,0.015929588543192374,0.0150707365816658,0.014263518260833719,0.013504273624973417,0.012789667071983368,0.012116650319633993,0.011482430735100635,0.010884444081556643,0.01032033093221324,0.00978791615158936,0.009285190956895173,0.008810297164669717,0.008361513298194012,0.007937242287493235,0.0075360005406693575,0.007156408199444908,0.006797180423095739,0.00645711956967035,0.006135108161766961,0.005830102541766677,0.005541127134530477,0.005267269248029491,0.005007674350372179,0.004761541770836666,0.0045281207797396306,0.0043067070066224455,0.004096639162062904,0.0038972960324208106,0.0037080937203222974,0.003528483107455904,0.0033579475180119667,0.0031960005641218092,0.0030421841569235747,0.0028960666679538477,0.0027572412276831715,0.002625324149286158,0.0024999534667097256,0.0023807875777785495,0.002267503983223458,0.0021597981138663028,0.002057382239071759,0.0019599844497684635,0.0018673477102917058,0.0017792289736176942,0.001695398355394423,0.0016156383620637219,0.0015397431690982663,0.0014675179458413616,0.001398778223379811,0.0013333493024124503,0.0012710656982913952,0.0012117706205432045,0.0011553154846301317,0.0011015594535583456,0.0010503690073241818,0.0010016175384489207,0.0009551849717085031,0.0009109574065175839,0.0008688267804846835,0.0008286905526931794,0.0007904514055624909,0.0007540169639694543,0.0007192995305526813,0.0006862158362711049,0.0006546868051560961,0.0006246373324369087,0.0005959960751583272,0.0005686952546142127,0.0005426704697872944,0.0005178605211500938,0.0004942072442589273,0.0004716553524908851,0.0004501522884177815,0.0004296480832941419,0.0004100952241718886,0.0003914485282447439,0.00037366502394680593,0.0003567038384257931,0.00017026304553400878
