0.06134155474795122,0.07811032664797168,0.05604948672063714,0.04153341815190437,0.03132286720927935,0.023895374165928074,0.018379791455903405,0.014225976168007526,0.011065484368948608,0.008641875349505695,0.006771798851116534,0.005321557557445983,0.00419219445204283,0.0033096073844327556,0.002617787185692201,0.002074077498445112,0.0016457863833871586,0.0013077257435143916,0.0010404013132574164,0.0008286668993934716,0.0006607147964031272,0.0005273126362043152,0.000421222771108511,0.00033675805945326733,0.00026944035854270347,0.0002157368626306104,0.00017285578032001474,0.00013858747195385481,0.00011118056789434722,8.92451094856076e-5,7.167663779283841e-5,5.759657150328332e-5,4.630528691883934e-5,3.724512796236595e-5,2.997119689731925e-5,2.4128254401583075e-5,1.9432425817298088e-5,1.565669498262794e-5,1.2619387740448373e-5,1.0175018810673224e-5,8.207009488520929e-6,6.62188816903531e-6,5.344667564271787e-6,4.3151567169064895e-6,3.4850164096012555e-6,2.815406335369031e-6,2.275103753855565e-6,1.8389981268154571e-6,1.4868858160501862e-6,1.2025044395156673e-6,9.72758779995084e-7,7.870999022268764e-7,6.37026889911651e-7,5.156867824197265e-7,4.1755320091600736e-7,3.381680655622868e-7,2.7393392483840916e-7,2.2194690729425454e-7,1.7986229385069094e-7,1.457862975363202e-7,1.1818890784158958e-7,9.583367356043476e-8,7.772111192899688e-8,6.30430839883663e-8,5.114599884015167e-8,4.1501128712858174e-8,3.36806531842319e-8,2.7338320970498825e-8,2.2193834647754947e-8,1.802023798630852e-8,1.4633725715517191e-8,1.1885408247125278e-8,9.654654570241484e-9,7.843709517687165e-9,6.37334037762668e-9,5.179315160964808e-9,4.209552982516184e-9,3.4218177601199954e-9,2.7818512259400236e-9,2.2618612417135994e-9,1.8392975424633578e-9,1.4958600532971103e-9,1.2166954363243651e-9,9.89746011939617e-10,8.052220559334576e-10,6.551740134809983e-10,5.331456478986997e-10,4.338927616448225e-10,3.5315505317958355e-10,2.8747104038381855e-10,2.3402789568454376e-10,1.9053958747952327e-10,1.5514797624755628e-10,1.263425287364751e-10,1.0289513550285888e-10,8.380718258990001e-11,6.826656727677877e-11,5.5612784590789487e-11,4.530856518642401e-11,3.6916832066596563e-11,1.504098807146371e-11
0.07811032664797168,0.09946538440380048,0.07137439190593908,0.052890193849411515,0.039888289461695536,0.030430142382925296,0.023406520383083385,0.01811692120048658,0.014092197582084243,0.011005815202691893,0.008624305842783953,0.006777424836272389,0.0053391630113332755,0.004215159648621472,0.003334092581430692,0.002641642503387387,0.0020961784714096307,0.0016656247892037138,0.0013251562526121093,0.0010554845286160144,0.0008415725895310859,0.0006716629375697857,0.0005365382548750373,0.0004289557409854518,0.00034321223313173166,0.00027480845180778354,0.00022018880790113798,0.00017653909819232306,0.00014162874567762163,0.00011368745105938332,9.130851979307535e-5,7.337293248896467e-5,5.8989590908739e-5,4.7448209569474036e-5,3.8182115989557905e-5,3.073883120965914e-5,2.475677105861823e-5,1.9946771023376345e-5,1.6077418610104075e-5,1.2963395592828519e-5,1.0456202900746575e-5,8.436774019447208e-6,6.809587034837741e-6,5.497967253430364e-6,4.440336638354079e-6,3.5872169425865534e-6,2.898833358069799e-6,2.3431970427332323e-6,1.8945698362517313e-6,1.532234231436491e-6,1.2395073314899046e-6,1.0029499555183158e-6,8.117319321969424e-7,6.571224776862493e-7,5.320808073197074e-7,4.309271130341972e-7,3.490780115648911e-7,2.8283373896296577e-7,2.2920689885552837e-7,1.8578459549942175e-7,1.5061740068821247e-7,1.2212989856989297e-7,9.904858919335962e-8,8.034376225027921e-8,6.518261834066868e-8,5.28914491308892e-8,4.292511631950495e-8,3.4842413344995545e-8,2.828617013608233e-8,2.2967183259553552e-8,1.865123233763061e-8,1.5148587188055803e-8,1.2305525664688831e-8,9.997475155786097e-9,8.123465571900571e-9,6.601641960001298e-9,5.365633479226759e-9,4.361614643860963e-9,3.54592632170091e-9,2.8831494531546507e-9,2.3445450100525368e-9,1.9067903013899772e-9,1.550955126683307e-9,1.2616720910034824e-9,1.0264641324812215e-9,8.351993711170545e-10,6.796490917828845e-10,5.531292861587851e-10,4.502099067061896e-10,3.6647900184687206e-10,2.983513408821733e-10,2.4291311149068073e-10,1.9779587024942503e-10,1.6107421997616968e-10,1.3118273497217348e-10,1.068485032828733e-10,8.703634211758069e-11,7.090429912743153e-11,5.7767503235596714e-11,4.706879428075801e-11,1.9177428523392503e-11
0.05604948672063714,0.07137439190593908,0.051217485088211445,0.037953859084053465,0.028624040554045327,0.021837057898970447,0.016796992390471832,0.013001202692271285,0.010113052766206387,0.007898236669852149,0.006189227150821944,0.004863862642644073,0.003831722679573324,0.003025096231249823,0.0023928037575228975,0.0018958663386716285,0.0015044098208554998,0.001195416644417191,0.0009510720538138534,0.0007575344706955579,0.0006040130160563685,0.0004820701924891889,0.0003850913441983215,0.00030787874785627445,0.0002463395483773851,0.00019724482380852233,0.00015804287115811716,0.00012671403166415046,0.00010165748070337186,8.160271078556697e-5,6.554015679198022e-5,5.26667066587474e-5,4.234281977206231e-5,3.405872000759901e-5,2.7407699392971723e-5,2.2065005084915222e-5,1.7771118779084363e-5,1.4318497714212977e-5,1.1541048094365679e-5,9.305758553463647e-6,7.506043532511965e-6,6.056441970177955e-6,4.888391520642659e-6,3.946857216993155e-6,3.1876396454986452e-6,2.5752240382178904e-6,2.0810603515738184e-6,1.6821870352342396e-6,1.3601290999925478e-6,1.1000152712795917e-6,8.898702558208274e-7,7.200470710408719e-7,5.827714755836173e-7,4.7177617751097406e-7,3.820069846996304e-7,3.093866377932096e-7,2.5062491749623875e-7,2.0306589348691653e-7,1.6456499935521752e-7,1.333900703568563e-7,1.0814164204616831e-7,8.768873730225644e-8,7.111711337710434e-8,5.7687536781178456e-8,4.680213173952257e-8,3.797723125841534e-8,3.0821467434457e-8,2.5018084561333214e-8,2.031065695680921e-8,1.649155281731112e-8,1.339261354366846e-8,1.0877621042315306e-8,8.836208429085795e-9,7.178936303353674e-9,5.8333105058556295e-9,4.740560561001443e-9,3.8530328896397485e-9,3.132080995608525e-9,2.5463575003836678e-9,2.0704311886370628e-9,1.6836669818406858e-9,1.3693186649411884e-9,1.113793805730492e-9,9.060580690772312e-10,7.371524000246988e-10,5.998016165653688e-10,4.88097047746556e-10,3.972391635675251e-10,3.2332881970187343e-10,2.631979053224538e-10,2.1427193354847872e-10,1.7445853141776906e-10,1.420569332440117e-10,1.1568450975346894e-10,9.421711727555337e-11,7.674066010319712e-11,6.251175238596522e-11,5.092576550204528e-11,4.149087065170001e-11,3.380694887976467e-11,1.3774226739440884e-11
0.04153341815190437,0.052890193849411515,0.037953859084053465,0.0281253670507966,0.02121180226968683,0.016182477513781435,0.012447627590615296,0.009634800044699354,0.007494549302649228,0.005853254747804487,0.004586777896285865,0.0036045958008831674,0.002839705490333286,0.0022419316549871574,0.00177334887444789,0.001405072488466972,0.0011149645897865733,0.0008859681351566576,0.0007048814843395122,0.0005614472390346945,0.00044766867672534766,0.00035729302714702666,0.00028541833099945176,0.00022819265059370857,0.00018258282036833634,0.00014619590501188315,0.00011714083627482929,9.392083146097922e-5,7.534949861788e-5,6.048524012862997e-5,4.857984144927016e-5,3.9038090619734726e-5,3.1385999667221166e-5,2.524575082373361e-5,2.0315912149576057e-5,1.635579076600033e-5,1.317304119918453e-5,1.0613839036961845e-5,8.555079537530007e-6,6.898177024156294e-6,5.564131489418572e-6,4.489599624863953e-6,3.6237629324870047e-6,2.9258290777167545e-6,2.3630368414815164e-6,1.909061960907147e-6,1.5427423875207273e-6,1.24705826743199e-6,1.0083152166171832e-6,8.154899715725733e-7,6.597058261853659e-7,5.338118778525104e-7,4.3204535942094335e-7,3.497605120691623e-7,2.8321078036422144e-7,2.2937376087465848e-7,1.858104490043945e-7,1.5055201516484234e-7,1.2200868815644404e-7,9.889640006474178e-8,8.017770765979485e-8,6.501419416130307e-8,5.272810674528929e-8,4.277142704610532e-8,3.4700926130217165e-8,2.8158039519939252e-8,2.2852625829744915e-8,1.8549855596840346e-8,1.5059623918277192e-8,1.2227998644461512e-8,9.930310855514893e-9,8.065570737813491e-9,6.551953442760989e-9,5.323148980271331e-9,4.325410037823382e-9,3.515163702624442e-9,2.8570789231255453e-9,2.322502388364878e-9,1.888192308810033e-9,1.5352931390967307e-9,1.248505220099021e-9,1.0154121448783071e-9,8.25935780256148e-10,6.718946300870905e-10,5.466458756305009e-10,4.447951844791131e-10,3.6196141506483365e-10,2.945857981268435e-10,2.397771607396301e-10,1.9518636366189212e-10,1.5890442102943845e-10,1.293798221837397e-10,1.0535142572417377e-10,8.579398424688663e-11,6.987391564854502e-11,5.691338824911752e-11,4.636115266854513e-11,3.7768849635394823e-11,3.077176296393803e-11,2.5073181525802776e-11,1.0215845885281847e-11
0.03132286720927935,0.039888289461695536,0.028624040554045327,0.02121180226968683,0.01599783190900722,0.012204855614182802,0.009388111040449731,0.00726671752005334,0.00565255752874734,0.004414695562015777,0.0034595123127262734,0.002718739233892646,0.0021418451815825093,0.0016909895303991035,0.0013375699189550339,0.001059802125731757,0.0008409900643562805,0.000668269461974156,0.0005316836789657099,0.0004234965535945632,0.00033767688497870606,0.0002695087392881549,0.00021529495513697688,0.0001721302963100576,0.00013772704838079224,0.00011028036531457669,8.836391743703514e-5,7.084875402106811e-5,5.684002979049066e-5,4.562753171484968e-5,3.664690403377968e-5,2.9449192588322753e-5,2.3676876666048547e-5,1.904497271161559e-5,1.5326112260711112e-5,1.2338740511272882e-5,9.937769959252561e-6,8.00716885474348e-6,6.454076936977083e-6,5.204128538802404e-6,4.197731472775607e-6,3.387103502077392e-6,2.733910012613959e-6,2.207379312987481e-6,1.7827977813643847e-6,1.4403073907557867e-6,1.163944163335045e-6,9.408687569961492e-7,7.607503949815221e-7,6.152732742755721e-7,4.977408717328292e-7,4.027585541314468e-7,3.259788608445722e-7,2.6389697952730964e-7,2.1368644398734164e-7,1.7306708233369276e-7,1.4019883749819118e-7,1.1359635428438048e-7,9.20602429383949e-8,7.462174118339839e-8,6.049814587215281e-8,4.905690503314031e-8,3.978667709826861e-8,3.2273997416105575e-8,2.618445935278479e-8,2.1247531588711032e-8,1.7244305195735934e-8,1.3997602138090275e-8,1.1363987752322647e-8,9.22731887882598e-9,7.493530963874515e-9,6.0864250776068516e-9,4.94426216052732e-9,4.017009130372434e-9,3.264111534543052e-9,2.6526916390813375e-9,2.1560903528162533e-9,1.7526871086655379e-9,1.4249445020121185e-9,1.1586347134184362e-9,9.422129940328294e-10,7.663101514184564e-10,6.233213505011415e-10,5.070728856008924e-10,4.125520871519756e-10,3.356883604628533e-10,2.7317564405648555e-10,2.2232842684848677e-10,1.809649604389185e-10,1.4731251384237657e-10,1.1993049748941727e-10,9.764807611898323e-11,7.951353172045097e-11,6.475315705889111e-11,5.2737880887388434e-11,4.295616651616985e-11,3.499200131898603e-11,2.85070182781063e-11,2.3225971799168155e-11,1.8924936850924603e-11,7.71085974829832e-12
0.023895374165928074,0.030430142382925296,0.021837057898970447,0.016182477513781435,0.012204855614182802,0.009311252991643038,0.007162383770993902,0.005543977792508217,0.004312528587104805,0.0033681506987797982,0.0026394252483365674,0.002074272211820334,0.0016341426301266226,0.0012901686212497716,0.001020529837825336,0.0008086072747654181,0.0006416635285731633,0.0005098844027570902,0.0004056738859832213,0.00032312994448053557,0.00025765124915161884,0.00020563988768792629,0.00016427517461292717,0.0001313405927713925,0.00010509074260390324,8.414861560766427e-5,6.742598402872512e-5,5.4061500578100885e-5,4.337242630369077e-5,3.4816886599392115e-5,2.7964288867312888e-5,2.2472087002453416e-5,1.8067495254208007e-5,1.4533071482375037e-5,1.1695332423352397e-5,9.415749766673122e-6,7.583619273783619e-6,6.110406039994129e-6,4.925254980292493e-6,3.971422473810892e-6,3.203437224211456e-6,2.5848391255905537e-6,2.0863768231664474e-6,1.6845696895198754e-6,1.3605596146663748e-6,1.0991935051605789e-6,8.882896089132117e-7,7.180504355177403e-7,5.805926771220164e-7,4.695705811391197e-7,3.7987401993383714e-7,3.073863076654708e-7,2.487898377145836e-7,2.0141001877748309e-7,1.6308990184223734e-7,1.3208941540320484e-7,1.0700434247197805e-7,8.670114351491426e-8,7.026450453131706e-8,5.695510900503153e-8,4.617562781795735e-8,3.7443317692629493e-8,3.036793615738804e-8,2.4633935356651597e-8,1.9986100909719205e-8,1.6217965545225737e-8,1.3162458464051251e-8,1.0684356729112712e-8,8.674189612467435e-9,7.043314832163674e-9,5.7199402822573134e-9,4.645908832657406e-9,3.7740991572472e-9,3.066324026500438e-9,2.4916304342411825e-9,2.0249243995411884e-9,1.6458581710743458e-9,1.3379295598758665e-9,1.0877528011573218e-9,8.844681505192239e-10,7.1926371652097e-10,5.849881135473782e-10,4.75836622274521e-10,3.870968580466615e-10,3.1494262432790516e-10,2.5626679097977885e-10,2.0854578489807626e-10,1.697296937108878e-10,1.381531257226851e-10,1.1246289353549618e-10,9.155933632348865e-11,7.454870078395972e-11,6.070449040767074e-11,4.943608909923975e-11,4.026328616071749e-11,3.279558957590391e-11,2.671542511333282e-11,2.176448936260479e-11,1.7732663062681465e-11,1.4449003142089995e-11,5.887211362878568e-12
0.018379791455903405,0.023406520383083385,0.016796992390471832,0.012447627590615296,0.009388111040449731,0.007162383770993902,0.0055094832000155,0.004264602123646724,0.00331736106997757,0.0025909316641401295,0.0020303806749315534,0.001595649467649278,0.0012570869581687155,0.0009924883971678296,0.0007850697754910908,0.000622047815725571,0.0004936248822045748,0.00039225181983644324,0.0003120856748485062,0.00024858648953849424,0.00019821480640754528,0.00015820300020147294,0.00012638129596858564,0.000101044654167375,8.085042868545425e-5,6.473934954177797e-5,5.187428618214974e-5,4.1592633094057665e-5,3.336917808783636e-5,2.678706878780034e-5,2.1515057082836396e-5,1.7289625598075923e-5,1.39009212885118e-5,1.1181665439369027e-5,8.998395958693755e-6,7.244541057134561e-6,5.834933735472661e-6,4.7014617797885285e-6,3.7896140993212268e-6,3.0557356662058407e-6,2.464843409114306e-6,1.9888867445105448e-6,1.6053609669170919e-6,1.296200974310689e-6,1.0468979411915795e-6,8.457934725686552e-7,6.835151732961009e-7,5.525249927668929e-7,4.4675757834495815e-7,3.6133052201148895e-7,2.9231207239686744e-7,2.3653481144732948e-7,1.9144612066209515e-7,1.549881116749353e-7,1.255011684541599e-7,1.0164642166406891e-7,8.23434113424195e-8,6.671994070555139e-8,5.407172016600231e-8,4.382987724756652e-8,3.5534789166193485e-8,2.881499986347315e-8,2.3370227483202445e-8,1.8957663944388954e-8,1.538092511687026e-8,1.248113591124779e-8,1.0129735552899767e-8,8.222669357774512e-9,6.67569844000298e-9,5.4206110996731705e-9,4.402161701313492e-9,3.575596685573481e-9,2.9046545786741896e-9,2.3599487746326664e-9,1.917659510079262e-9,1.5584756633160032e-9,1.266738462867864e-9,1.0297484226444953e-9,8.372042647016457e-10,6.807485956891637e-10,5.535999478636706e-10,4.502547057878299e-10,3.662455971261656e-10,2.979459751249127e-10,2.424111800686201e-10,1.9724993102307002e-10,1.6052004402615228e-10,1.3064386027631318e-10,1.0633964697877137e-10,8.656594469819702e-11,7.047641029158456e-11,5.738317007315763e-11,4.672707462406709e-11,3.8053551681146246e-11,3.099300053761336e-11,2.524487140421063e-11,2.056473522502159e-11,1.6753780720857716e-11,1.3650281816150883e-11,1.1122664840685211e-11,4.5319373993895244e-12
0.014225976168007526,0.01811692120048658,0.013001202692271285,0.009634800044699354,0.00726671752005334,0.005543977792508217,0.004264602123646724,0.0033010331266641185,0.0025678389071241564,0.0020055552222241965,0.0015716641453347377,0.0012351603798990349,0.000973093897110526,0.0007682780355238363,0.0006077217405894252,0.0004815305086499355,0.0003821207255800445,0.00030364911453244475,0.00024159301730505758,0.00019243831583918994,0.00015344530082427466,0.0001224716819326786,9.783792437263782e-5,7.82242162111666e-5,6.259125381532387e-5,5.011908061469065e-5,4.0159688137280346e-5,3.2200160857252455e-5,2.583393478244856e-5,2.073832421720242e-5,1.6656907822149524e-5,1.3385693505054308e-5,1.0762230158267651e-5,8.657023255676595e-6,6.966755750828252e-6,5.608926562617814e-6,4.51760432785944e-6,3.6400601073555746e-6,2.934093921866557e-6,2.365909797811553e-6,1.9084250354806367e-6,1.5399236642753413e-6,1.2429830425756486e-6,1.0036174638033442e-6,8.105943465636241e-7,6.548878139964081e-7,5.292417445372787e-7,4.2782012414894746e-7,3.459270764809215e-7,2.797825477054113e-7,2.2634247734744072e-7,1.8315455223343984e-7,1.4824244097422968e-7,1.2001283835030646e-7,9.718078883165493e-8,7.870966669987823e-8,6.376291450899339e-8,5.166521962193437e-8,4.1871270148918283e-8,3.394060056393146e-8,2.751733228552224e-8,2.2313850635142185e-8,1.809764863564124e-8,1.4680719585263222e-8,1.1911001771253181e-8,9.665476081178268e-9,7.84459542863e-9,6.3677876552181966e-9,5.169823979437067e-9,4.197885567070256e-9,3.409193362001301e-9,2.7690925088858996e-9,2.2495037745605244e-9,1.8276713383025827e-9,1.4851499819272464e-9,1.2069857137860626e-9,9.810527284079226e-10,7.975167511232606e-10,6.484005803338493e-10,5.272322894949038e-10,4.2876030194882074e-10,3.4872257927297517e-10,2.8365960836611227e-10,2.3076284623852295e-10,1.8775187624258707e-10,1.5277481789035324e-10,1.2432757370104207e-10,1.0118833847351696e-10,8.236447706923562e-11,6.70494274645465e-11,5.4587731231371185e-11,4.44466541078254e-11,3.619315105290706e-11,2.947516636454542e-11,2.4006450698500062e-11,1.955423170456734e-11,1.5929200475145747e-11,1.2977377656288634e-11,1.0573505449301163e-11,8.615678507950513e-12,3.510490432676925e-12
0.011065484368948608,0.014092197582084243,0.010113052766206387,0.007494549302649228,0.00565255752874734,0.004312528587104805,0.00331736106997757,0.0025678389071241564,0.001997511526720494,0.001560126230565128,0.0012226113646758678,0.000960849972020044,0.0007569906339457925,0.0005976648104756115,0.00047276741869181974,0.0003746019713193995,0.00029726947542067957,0.00023622464460796872,0.00018794943118551587,0.00014971028219402634,0.0001193760239863906,9.528019269712334e-5,7.611628712250024e-5,6.085762488861751e-5,4.8695725111596276e-5,3.899273358651213e-5,3.124455283512733e-5,2.5052173611056646e-5,2.0099317680772786e-5,1.6134956338233327e-5,1.2959608774066147e-5,1.0414579866951452e-5,8.373490240536665e-6,6.735598437142325e-6,5.4205274013268605e-6,4.36409368576943e-6,3.515004214294396e-6,2.8322367805358887e-6,2.28296027887425e-6,1.8408816256874894e-6,1.4849304683340426e-6,1.198211643925751e-6,9.671701241477669e-7,7.809247758497657e-7,6.307363810510366e-7,5.095825377687585e-7,4.1181772386154605e-7,3.329012773325986e-7,2.691795831962974e-7,2.1771155771120353e-7,1.7612874139374143e-7,1.4252307484276852e-7,1.1535683189799171e-7,9.339029861469455e-8,7.562367327915153e-8,6.1250369243562e-8,4.96194658021346e-8,4.020550198726751e-8,3.258416726192045e-8,2.6412730114172087e-8,2.1414275068716e-8,1.7365002331031094e-8,1.4083991356737352e-8,1.142494748237595e-8,9.269545224464386e-9,7.522057625968228e-9,6.105021836955939e-9,4.955739932554014e-9,4.023453190006733e-9,3.267059559636165e-9,2.6532694002917637e-9,2.1551149285380226e-9,1.750745228287888e-9,1.4224518657189268e-9,1.1558807831284725e-9,9.393947063765412e-10,7.635572001487773e-10,6.207150665727459e-10,5.046602669959347e-10,4.1035616432833844e-10,3.3371580199663643e-10,2.714222912377347e-10,2.2078328055819954e-10,1.796130169535337e-10,1.4613674938114056e-10,1.189132275072458e-10,9.677185899799464e-11,7.876174376691965e-11,6.411033325533985e-11,5.2189891319932237e-11,4.249027988515138e-11,3.45968730415403e-11,2.8172630282950516e-11,2.2943543364755124e-11,1.8686820095070623e-11,1.5221288892870845e-11,1.2399605591025073e-11,1.0101923068194218e-11,8.230748398789097e-12,6.706764175468545e-12,2.7327163908219247e-12
0.008641875349505695,0.011005815202691893,0.007898236669852149,0.005853254747804487,0.004414695562015777,0.0033681506987797982,0.0025909316641401295,0.0020055552222241965,0.001560126230565128,0.0012185230432235385,0.0009549177654224472,0.0007504757121638422,0.0005912553212092265,0.00046681598872365393,0.00036926576132923286,0.0002925937290244049,0.0002321927813387168,0.00018451302648682041,0.00014680683146831583,0.00011693924655222909,9.324577795452507e-5,7.442487094285648e-5,5.945610412338531e-5,4.75375980818661e-5,3.8037892680490605e-5,3.0458791226090857e-5,2.4406564919837238e-5,1.9569562520240663e-5,1.5700749046754475e-5,1.260405240441245e-5,1.0123662072920886e-5,8.135623497907698e-6,6.541222763842627e-6,5.261770936953398e-6,4.234485202539131e-6,3.4092312565888914e-6,2.7459432863539157e-6,2.212577973296676e-6,1.783490049494866e-6,1.4381411193454018e-6,1.1600723113102692e-6,9.360860578565222e-7,7.555938405661531e-7,6.100957920827258e-7,4.927651647313427e-7,3.9811628167826304e-7,3.2173900774987866e-7,2.6008626924640814e-7,2.1030391436784855e-7,1.700943933502593e-7,1.3760747182647362e-7,1.113525676321715e-7,9.01283951527162e-8,7.296647138632771e-8,5.908573051104113e-8,4.7856045618914805e-8,3.8768896378208563e-8,3.14137726078244e-8,2.545918423801771e-8,2.0637372331192636e-8,1.673199510776758e-8,1.3568206413451484e-8,1.1004658948781419e-8,8.927056632439323e-9,7.242954263741151e-9,5.877561838157237e-9,4.7703583690990775e-9,3.872358201961187e-9,3.1439034422024675e-9,2.552880735892144e-9,2.0732804325589123e-9,1.6840320793752464e-9,1.3680630050014149e-9,1.1115370615416998e-9,9.032388961580405e-10,7.340758116688544e-10,5.966746654005082e-10,4.850556000686976e-10,3.9436790362382357e-10,3.206761211137489e-10,2.6078682172213977e-10,2.121082644604293e-10,1.7253669197177219e-10,1.4036418170454392e-10,1.1420395315773334e-10,9.292981312320692e-11,7.562705386137419e-11,6.15526309831362e-11,5.010286161977017e-11,4.078721823543127e-11,3.320706421473096e-11,2.7038396525972585e-11,2.201783812248058e-11,1.7931266337814517e-11,1.4604579811468698e-11,1.1896200646071236e-11,9.690984787569693e-12,7.895275426671224e-12,6.432884306701415e-12,5.241826424983795e-12,2.1358332634816373e-12
0.006771798851116534,0.008624305842783953,0.006189227150821944,0.004586777896285865,0.0034595123127262734,0.0026394252483365674,0.0020303806749315534,0.0015716641453347377,0.0012226113646758678,0.0009549177654224472,0.0007483447406159329,0.0005881334338295897,0.00046335916761415,0.00036584057810150426,0.00028939340767449116,0.000229307380872925,0.0001819722436467528,0.0001446061867784753,0.00011505606135260018,9.164882809873016e-5,7.308010796699916e-5,5.8329931320648615e-5,4.6598634156765854e-5,3.725781058184802e-5,2.981260290150676e-5,2.3872585379960628e-5,1.9129199176375208e-5,1.5338206482415524e-5,1.230600713813271e-5,9.87893921684498e-6,7.93489292605655e-6,6.376723493134727e-6,5.1270669814731365e-6,4.1242529467634865e-6,3.319076593119637e-6,2.6722458532921016e-6,2.1523594667864447e-6,1.7343035516889397e-6,1.3979785347261997e-6,1.1272872527170194e-6,9.093298122474463e-7,7.337623399992612e-7,5.92285798429692e-7,4.78238137152768e-7,3.862686285177177e-7,3.1207762906731625e-7,2.522084733144894e-7,2.0388094300063938e-7,1.6485791971556775e-7,1.3333854303261904e-7,1.0787255554022314e-7,8.729159505629688e-8,7.065405157160694e-8,5.720078834682374e-8,4.6319569389259634e-8,3.75164680444744e-8,3.0392876347818356e-8,2.4627010041266263e-8,1.995902398736601e-8,1.6179028424062384e-8,1.311743700521425e-8,1.0637190031581669e-8,8.627486317323216e-9,6.9987292818812275e-9,5.6784506936035275e-9,4.608021881150793e-9,3.7399994572381676e-9,3.0359824867123734e-9,2.4648820426654248e-9,2.0015233884426562e-9,1.6255165357213883e-9,1.3203434062418634e-9,1.0726198647165137e-9,8.714989715986795e-10,7.081883124637169e-10,5.75559502763779e-10,4.678321914830927e-10,3.803182925771075e-10,3.0921491897747987e-10,2.51436709173454e-10,2.0448002363297993e-10,1.6631293086602547e-10,1.352860677301307e-10,1.1006039905727389e-10,8.954866159912148e-11,7.286789123633546e-11,5.93009286030702e-11,4.826519949926932e-11,3.928739084468017e-11,3.198290535627035e-11,2.6039190394261634e-11,2.1202208229822747e-11,1.7265454023979457e-11,1.4061040373009479e-11,1.1452458431107801e-11,9.32869943954474e-12,7.599480298460118e-12,6.1913652704098785e-12,5.044615170316447e-12,4.11062722652109e-12,1.6749272997053978e-12
0.005321557557445983,0.006777424836272389,0.004863862642644073,0.0036045958008831674,0.002718739233892646,0.002074272211820334,0.001595649467649278,0.0012351603798990349,0.000960849972020044,0.0007504757121638422,0.0005881334338295897,0.00046222506695945895,0.00036416552929616815,0.00028752550977625014,0.00022744508689531446,0.0001802226478555889,0.00014302102183237804,0.00011365406800289404,9.042967884265456e-5,7.203304391452045e-5,5.743906858691377e-5,4.584616609260169e-5,3.662588169202276e-5,2.9284348527399188e-5,2.343265298725112e-5,1.8763953327294313e-5,1.50357465030086e-5,1.2056079341335105e-5,9.672795059286946e-6,7.765124763290808e-6,6.2370969016765985e-6,5.012360484656894e-6,4.0301108319563245e-6,3.2418773050757184e-6,2.6089865077486655e-6,2.1005559028054065e-6,1.6919047380579988e-6,1.3632938668798357e-6,1.098925199493961e-6,8.861464119965484e-7,7.148181502822046e-7,5.768100393985212e-7,4.655989149647192e-7,3.7594826963312044e-7,3.036522913626148e-7,2.453313228436422e-7,1.982682943556461e-7,1.6027783313617868e-7,1.2960145360796052e-7,1.0482358007980133e-7,8.480422177885588e-8,6.862496800869417e-8,5.5545644972678975e-8,4.4969511713945686e-8,3.641529923224415e-8,2.9494736766421836e-8,2.3894480313387615e-8,1.9361574796890372e-8,1.5691754074557177e-8,1.2720021075436748e-8,1.0313060790237086e-8,8.363127227505761e-9,6.783116219167749e-9,5.502592663880438e-9,4.464586255824664e-9,3.6230062088613583e-9,2.940554747795788e-9,2.387042630366916e-9,1.9380288371816856e-9,1.573721732451166e-9,1.2780911915057278e-9,1.038150998724088e-9,8.433787113021819e-10,6.852465364371836e-10,5.568418851746078e-10,4.525603866784875e-10,3.678574676105764e-10,2.990472781436599e-10,2.431399046102796e-10,1.9770955013154032e-10,1.6078776950165182e-10,1.3077697856879683e-10,1.0638037399490805e-10,8.654513858821604e-11,7.04164047789803e-11,5.729993144121901e-11,4.663183933914866e-11,3.795406588664153e-11,3.0894454913530444e-11,2.515060343614264e-11,2.04767542983325e-11,1.6673158615296263e-11,1.3577441256199739e-11,1.1057591095982313e-11,9.006269429767647e-12,7.336187977019417e-12,5.976354921229591e-12,4.869025523655945e-12,3.967224719609432e-12,3.2327341302794597e-12,1.3172281041737734e-12
0.00419219445204283,0.0053391630113332755,0.003831722679573324,0.002839705490333286,0.0021418451815825093,0.0016341426301266226,0.0012570869581687155,0.000973093897110526,0.0007569906339457925,0.0005912553212092265,0.00046335916761415,0.00036416552929616815,0.00028691126850862933,0.00022653148276808102,0.0001791975822439517,0.00014199345923880148,0.00011268399254265628,8.954692981567912e-5,7.124921108943262e-5,5.675500757981993e-5,4.525672746685957e-5,3.612285872347913e-5,2.88582838920018e-5,2.307391547697751e-5,1.846334999405189e-5,1.478484206933879e-5,1.1847334197443506e-5,9.49959378960597e-6,7.621741436228223e-6,6.1186265319615365e-6,4.914635083011097e-6,3.949611286597078e-6,3.1756476921062835e-6,2.554554446331772e-6,2.055860685951864e-6,1.655233805372141e-6,1.3332274933114158e-6,1.074288884396812e-6,8.659702585209771e-7,6.983024518075183e-7,5.632962895172158e-7,4.5454549928030484e-7,3.6691016131249983e-7,2.9626414540750404e-7,2.3929343814298054e-7,1.9333498376343235e-7,1.562478074230851e-7,1.2630988394999565e-7,1.0213555562254821e-7,8.260936389228403e-8,6.683300160405424e-8,5.408276031837721e-8,4.377537815994613e-8,3.544061584435078e-8,2.869922464926513e-8,2.324523791907324e-8,1.883173127338422e-8,1.5259367144081653e-8,1.2367175394344097e-8,1.0025130585253002e-8,8.12817346411116e-9,6.591393893011886e-9,5.34614819726784e-9,4.3369285925508165e-9,3.518838168173893e-9,2.8555536338617626e-9,2.3176810939078716e-9,1.8814286229351936e-9,1.5275342889543274e-9,1.2404002192781572e-9,1.0073929125695238e-9,8.182777284182849e-10,6.647617043647391e-10,5.401238556469759e-10,4.3891614402052185e-10,3.567215489215005e-10,2.899582911200999e-10,2.357213683637563e-10,1.9165426340365694e-10,1.5584505699854739e-10,1.2674228560074908e-10,1.0308677702058645e-10,8.385641891809691e-11,6.822139757394981e-11,5.550791514840971e-11,4.516877397374915e-11,3.675952382545827e-11,2.991911667843696e-11,2.4354214414721102e-11,1.9826457530632887e-11,1.6142134396272414e-11,1.3143797063054227e-11,1.07034557556607e-11,8.717053926360597e-12,7.099982227047051e-12,5.783435490836804e-12,4.711453870827968e-12,3.838519304998618e-12,3.1276028054439524e-12,2.548577792561811e-12,1.0384653411093932e-12
0.0033096073844327556,0.004215159648621472,0.003025096231249823,0.0022419316549871574,0.0016909895303991035,0.0012901686212497716,0.0009924883971678296,0.0007682780355238363,0.0005976648104756115,0.00046681598872365393,0.00036584057810150426,0.00028752550977625014,0.00022653148276808102,0.00017885987717866387,0.00014148809216060765,0.00011211389888110762,8.897268619170793e-5,7.070473948473646e-5,5.625760328120655e-5,4.481348134062924e-5,3.5734768020891506e-5,2.8522871688866497e-5,2.278688418805183e-5,1.821960856193542e-5,1.4579127756233243e-5,1.1674573334526946e-5,9.355096027717117e-6,7.501289420133267e-6,6.018501457728744e-6,4.831604425785933e-6,3.880895623548412e-6,3.118877359061317e-6,2.507722691412161e-6,2.0172773150460127e-6,1.62348158116381e-6,1.3071224392880678e-6,1.0528449494502876e-6,8.483683731297288e-7,6.838637616332601e-7,5.514592221846966e-7,4.4484626309510164e-7,3.589662627692661e-7,2.8976052716480193e-7,2.3397086874163367e-7,1.8898036664173455e-7,1.5268611535311614e-7,1.2339746281583234e-7,9.97545767689228e-8,8.066323637466382e-8,6.524258420843059e-8,5.278323819749306e-8,4.271369055464695e-8,3.457333986409718e-8,2.7990835852126672e-8,2.2666681759773844e-8,1.835925070014795e-8,1.4873541022237269e-8,1.20521302908294e-8,9.767894977927593e-9,7.918148878511325e-9,6.419921965373778e-9,5.2061563893616275e-9,4.222640360876324e-9,3.425535927945466e-9,2.7793849493018504e-9,2.255500246827674e-9,1.8306671279320593e-9,1.4860950848826255e-9,1.2065712212836197e-9,9.797763920954035e-10,7.957326303712697e-10,6.463565364781e-10,5.250982161219317e-10,4.266493060900413e-10,3.4670680986603106e-10,2.8178202931277336e-10,2.290459451342909e-10,1.862040645703184e-10,1.5139509797242378e-10,1.2310890954404926e-10,1.0012006182406366e-10,8.143397917684046e-11,6.624332537772127e-11,5.3892650480242167e-11,4.3849733923723114e-11,3.568235120622553e-11,2.9039434215166796e-11,2.363579160869723e-11,1.9239714350451616e-11,1.5662919900641294e-11,1.2752392424710734e-11,1.0383760446300743e-11,8.455921403233262e-12,6.88667764594418e-12,5.609193023012798e-12,4.56911532085027e-12,3.722239091239425e-12,3.0326071114733932e-12,2.470967937320346e-12,2.0135225861321546e-12,8.204530073169488e-13
0.002617787185692201,0.003334092581430692,0.0023928037575228975,0.00177334887444789,0.0013375699189550339,0.001020529837825336,0.0007850697754910908,0.0006077217405894252,0.00047276741869181974,0.00036926576132923286,0.00028939340767449116,0.00022744508689531446,0.0001791975822439517,0.00014148809216060765,0.0001119258040604954,8.868969179793977e-5,7.038396657423627e-5,5.5933100981607605e-5,4.450460218111466e-5,3.545158833435859e-5,2.826970587873961e-5,2.2564560145919106e-5,1.8026933752548515e-5,1.441382505745981e-5,1.1533869319837483e-5,9.2360819244915e-6,7.401134162633401e-6,5.93456938225814e-6,4.76151236741525e-6,3.822532344270653e-6,3.070400356497787e-6,2.467542178076437e-6,1.9840336519656406e-6,1.5960201196670303e-6,1.2844681833720453e-6,1.034178439953369e-6,8.330035406193226e-7,6.712280776296256e-7,5.410762205128288e-7,4.363203500145231e-7,3.5196964983788043e-7,2.840220801355852e-7,2.2926665282894902e-7,1.8512567237370764e-7,1.4952876244458086e-7,1.208121977300406e-7,9.763839978507014e-8,7.893151415799999e-8,6.382582310726709e-8,5.1624411154270106e-8,4.1766026362341074e-8,3.379849748002294e-8,2.7357398626323676e-8,2.21489169148768e-8,1.7936088350168196e-8,1.4527734612801918e-8,1.1769566756992014e-8,9.537028313180199e-9,7.729535319117953e-9,6.265838771284597e-9,5.08028933833428e-9,4.119827682222366e-9,3.341558564752616e-9,2.710794827317022e-9,2.1994797069041335e-9,1.7849138988277624e-9,1.448728180095809e-9,1.176053970928212e-9,9.548535024303581e-10,7.753787238434202e-10,6.297340850865301e-10,5.115231584141896e-10,4.155629480592166e-10,3.3765286389609874e-10,2.743878536590484e-10,2.2300721686345857e-10,1.812722585756846e-10,1.47367259095865e-10,1.1981929834895855e-10,9.7433331151822e-11,7.923960127422531e-11,6.445104055741985e-11,5.242875021048418e-11,4.265402544475092e-11,3.470567876374514e-11,2.8241654886452016e-11,2.2984122369027187e-11,1.8707382312326268e-11,1.522806012178001e-11,1.239714788384669e-11,1.0093547102444768e-11,8.218828057155667e-12,6.692975876904762e-12,5.450937007069185e-12,4.4398150434030096e-12,3.616593489499095e-12,2.94628615307528e-12,2.400434658974887e-12,1.9558877621186144e-12,1.5938094699970959e-12,6.494364882226478e-13
0.002074077498445112,0.002641642503387387,0.0018958663386716285,0.001405072488466972,0.001059802125731757,0.0008086072747654181,0.000622047815725571,0.0004815305086499355,0.0003746019713193995,0.0002925937290244049,0.000229307380872925,0.0001802226478555889,0.00014199345923880148,0.00011211389888110762,8.868969179793977e-5,7.027800314879005e-5,5.5772914403370236e-5,4.4322252255574787e-5,3.526640250960686e-5,2.809281366432674e-5,2.24018624893245e-5,1.788104916955241e-5,1.4285362617348532e-5,1.1422256982865787e-5,9.14010056635617e-6,7.3192568093686e-6,5.8651718449353075e-6,4.702999423231399e-6,3.773408945423578e-6,3.0293075393191733e-6,2.4332707662973586e-6,1.9555244234750613e-6,1.572356128981134e-6,1.2648629315439432e-6,1.0179622423113442e-6,8.196095479081978e-7,6.601788145225309e-7,5.319711175016081e-7,4.288244954008419e-7,3.458038318165323e-7,2.789540939750895e-7,2.2510379394127835e-7,1.8170830841108114e-7,1.467248668800829e-7,1.1851272695407547e-7,9.575340155264077e-8,7.738686432219787e-8,6.256049810702738e-8,5.0588214617588674e-8,4.0917698723444844e-8,3.3104147306817416e-8,2.678920323330793e-8,2.168404770450095e-8,1.755582322672578e-8,1.42167257836183e-8,1.1515237356614973e-8,9.329075649965542e-9,7.559522245112524e-9,6.1268577891950726e-9,4.966686682503501e-9,4.026976798244385e-9,3.2656742421394222e-9,2.648780761824565e-9,2.1488035332735355e-9,1.743504782865516e-9,1.4148929262831879e-9,1.1484083196689827e-9,9.322658822694713e-10,7.569242122924569e-10,6.146567339042645e-10,4.99205170033805e-10,4.0549946188904433e-10,3.294313349838795e-10,2.676711897619704e-10,2.1751999083779587e-10,1.7678943658167338e-10,1.4370498654292015e-10,1.1682736869060366e-10,9.498903069840257e-11,7.724267899941046e-11,6.281959757797078e-11,5.109588098129388e-11,4.1565073361572004e-11,3.3815993882540864e-11,2.7514761962910914e-11,2.239022419162987e-11,1.8222136993628437e-11,1.4831582230205642e-11,1.2073192450576418e-11,9.828843036663402e-12,8.002533618244205e-12,6.516233858264261e-12,5.306511375785207e-12,4.3217941195385774e-12,3.5201474809289397e-12,2.867469091207188e-12,2.3360226037386365e-12,1.903246634216185e-12,1.550787084069441e-12,1.2637108427760756e-12,5.149333925473867e-13
0.0016457863833871586,0.0020961784714096307,0.0015044098208554998,0.0011149645897865733,0.0008409900643562805,0.0006416635285731633,0.0004936248822045748,0.0003821207255800445,0.00029726947542067957,0.0002321927813387168,0.0001819722436467528,0.00014302102183237804,0.00011268399254265628,8.897268619170793e-5,7.038396657423627e-5,5.5772914403370236e-5,4.426195443687825e-5,3.517486021255571e-5,2.7988203354609035e-5,2.22952523399279e-5,1.7778886812054866e-5,1.4191121295270201e-5,1.1337524876028345e-5,9.065299843305101e-6,7.254115673831484e-6,5.809031578767594e-6,4.6550112690954e-6,3.7326576463749228e-6,2.994886309225453e-6,2.404324371354415e-6,1.931271597013487e-6,1.552098847667222e-6,1.2479875771035912e-6,1.0039359757142076e-6,8.079740732050785e-7,6.505429329114645e-7,5.240029507144836e-7,4.222439088873657e-7,3.403753583916917e-7,2.744805090632564e-7,2.2142039835243495e-7,1.78677915923568e-7,1.4423345960025473e-7,1.1646572316744055e-7,9.407247269567617e-8,7.600723616273026e-8,6.142867356204394e-8,4.966006011577383e-8,4.015684157694515e-8,3.248063746000482e-8,2.627839857165942e-8,2.126568758913847e-8,1.721325991550624e-8,1.393628787883809e-8,1.1285703360160627e-8,9.141239132636104e-9,7.405833089043766e-9,6.001126490656324e-9,4.863840844775762e-9,3.942860763016523e-9,3.1968843330230088e-9,2.5925298963188903e-9,2.102810031493778e-9,1.7059010952707392e-9,1.3841507466060203e-9,1.1232771668526182e-9,9.117227481125048e-10,7.401322949452526e-10,6.0093162804174e-10,4.87987174055093e-10,3.963309011463287e-10,3.2193799666162024e-10,2.6154712707083767e-10,2.125150873249205e-10,1.72699230981629e-10,1.4036234851027671e-10,1.1409568966353465e-10,9.275665483981491e-11,7.541834887805009e-11,6.132873007063643e-11,4.9877522342919967e-11,4.0569409793698936e-11,3.3002316421721396e-11,2.684980288117792e-11,2.1846797166393907e-11,1.7778025642536018e-11,1.4468631686567864e-11,1.1776566921574463e-11,9.58641903509055e-12,7.804404092673798e-12,6.3543029620349094e-12,5.174163314516402e-12,4.2136225406986285e-12,3.4317343396420662e-12,2.7952039490968592e-12,2.2769549688320776e-12,1.854965300970172e-12,1.511321537097422e-12,1.2314506896291608e-12,1.0034959211666907e-12,4.089046065756071e-13
0.0013077257435143916,0.0016656247892037138,0.001195416644417191,0.0008859681351566576,0.000668269461974156,0.0005098844027570902,0.00039225181983644324,0.00030364911453244475,0.00023622464460796872,0.00018451302648682041,0.0001446061867784753,0.00011365406800289404,8.954692981567912e-5,7.070473948473646e-5,5.5933100981607605e-5,4.4322252255574787e-5,3.517486021255571e-5,2.7953582497272905e-5,2.2242490111622736e-5,1.771838196656353e-5,1.4129262921666521e-5,1.127807348137231e-5,9.010309717170445e-6,7.2045505309126e-6,5.765174275639787e-6,4.6167349263602855e-6,3.6996034189363657e-6,2.966578340461938e-6,2.380242606113605e-6,1.910896474751448e-6,1.5349373895089536e-6,1.2335873139326523e-6,9.918910732239706e-7,7.979265825389803e-7,6.421811207150886e-7,5.170579975858398e-7,4.164858135269403e-7,3.3560857851287273e-7,2.705396645701947e-7,2.181662254274184e-7,1.7599357080575858e-7,1.420212130083732e-7,1.1464405019741929e-7,9.257352150473587e-8,7.477464677020139e-8,6.041571246514001e-8,4.8828034778843946e-8,3.9473759629305774e-8,3.192007763968844e-8,2.581856338030152e-8,2.0888610838958405e-8,1.6904145584758725e-8,1.3682959766526741e-8,1.1078147875011126e-8,8.971226111066752e-9,7.266601801808922e-9,5.887125977602846e-9,4.770515432960002e-9,3.866473090820605e-9,3.1343694596291496e-9,2.5413751366123985e-9,2.0609560543638785e-9,1.6716605776134595e-9,1.3561415073371544e-9,1.100367233448214e-9,8.929852483238305e-10,7.248084331588815e-10,5.884003094492715e-10,4.777400920612955e-10,3.8795211224875603e-10,3.1508717954394043e-10,2.5594586508426966e-10,2.079356311643574e-10,1.6895529517953586e-10,1.373015752374811e-10,1.1159347893073032e-10,9.071111420471598e-11,7.374616018427944e-11,5.996176717250755e-11,4.8760083719421646e-11,3.965595453826098e-11,3.2255612229908053e-11,2.6239411217106897e-11,2.134783432429979e-11,1.7370149531946322e-11,1.4135213278609951e-11,1.1504012741211397e-11,9.363617197526925e-12,7.622271376022213e-12,6.205414507300098e-12,5.052449890229078e-12,4.1141230531725345e-12,3.3503935138565332e-12,2.7287069397887702e-12,2.222592164298468e-12,1.8105218096285395e-12,1.4749868518497154e-12,1.2017448471424663e-12,9.792091446452077e-13,7.979525767861105e-13,3.251520581286264e-13
