0.06134155474830538,0.09495676562573374,0.07860053766369224,0.06636196018063423,0.05666173310813494,0.04874498095877289,0.0421657948374502,0.03662990635036145,0.031929348123842294,0.027910175229067247,0.024454586296376424,0.02147017551035485,0.01888306022543057,0.016633269961658204,0.014671531087456113,0.012956953071744048,0.011455319524253466,0.010137798023464956,0.008979947883797301,0.007960944872860837,0.007062967122195396,0.006270702932572342,0.005570952190195613,0.004952300661341627,0.004404851715035241,0.003920003786976378,0.0034902646285922406,0.0031090953937018967,0.002770779115477788,0.002470309259205314,0.0022032949043291686,0.0019658797792972693,0.0017546728956206459,0.001566688940166018,0.0013992969118464677,0.0012501757509364164,0.0011172759207625886,0.000998786072469792,0.0008931040638959116,0.0007988117184596182,0.000714652804637575,0.0006395137953872105,0.000572407032383879,0.0005124559748590704,0.00045888225869585367,0.0004109943304204753,0.0003681774535742883,0.00032988491272240624,0.0002956302641547136,0.0002649805025599925,0.00023755003027221052,0.00021299533058035097,0.00019101025930918884,0.0001713218799400105,0.0001536867770376444,0.00013788779093843948,0.00012373112380109456,0.00011104377330275637,9.967125561600836e-5,8.947558401570569e-5,8.033347349884661e-5,7.213474539075775e-5,6.478090901803723e-5,5.818390023909297e-5,5.22649590171528e-5,4.6953630307483476e-5,4.218687437635023e-5,3.790827426488057e-5,3.4067329543178266e-5,3.06188267483995e-5,2.752227799313002e-5,2.474142020485778e-5,2.2243768313698114e-5,2.0000216457870072e-5,1.7984681948659512e-5,1.6173787320350322e-5,1.454657631712764e-5,1.3084260131742114e-5,1.1769990615498528e-5,1.0588657545501488e-5,9.526707355534216e-6,8.571981020836367e-6,7.713569043124916e-6,6.941681703092576e-6,6.247532949733251e-6,5.623236473370301e-6,5.0617126649479946e-6,4.556605306356472e-6,4.102206959823583e-6,3.6933921369535036e-6,3.3255574251456465e-6,2.994567838381112e-6,2.6967087376323666e-6,2.428642735455859e-6,2.1873710623287088e-6,1.9701989273762904e-6,1.7747044559423444e-6,1.5987108307984727e-6,1.4402613028049075e-6,1.297596772466023e-6,5.845678376592936e-7
0.09495676562573374,0.14699422212304158,0.12167523651080847,0.10273016738323637,0.08771434682103862,0.0754592698837222,0.06527469430072097,0.05670510853275412,0.04942858998029598,0.04320683961688476,0.037857506524394235,0.03323755062182154,0.02923260462879429,0.025749836511899327,0.02271297237066877,0.020058714898111563,0.017734098016013722,0.0156944897673279,0.013902056399720863,0.012324562274016404,0.010934419289843345,0.009707924996250367,0.008624645605992576,0.007666911820988387,0.006819403552735498,0.006068805447314349,0.005403519351494135,0.004813422965651459,0.004289666251422686,0.0038244989155320347,0.0034111236348247226,0.0030435707246828925,0.002716590762425926,0.0024255623159723655,0.002166412434442419,0.0019355479630331698,0.0017297960719250272,0.001546352653592261,0.0013827374601207976,0.0012367550299454792,0.001106460599967489,0.000990130320957256,0.0008862351955580827,0.0007934182432148169,0.0007104744673551034,0.0006363332604938047,0.0005700429337735513,0.0005107571004442785,0.0004577226796245483,0.00041026931799483836,0.000367800053880824,0.0003297830712374328,0.00029574441072801206,0.00026526152221618537,0.0002379575576891904,0.00021349631630690133,0.0001915777643342791,0.0001719340622823853,0.00015432603986959437,0.00013854006671087287,0.00012438527288783112,0.00011169107910970286,0.00010030500098520906,9.009069612100646e-5,8.092622646828297e-5,7.270251156960917e-5,6.532195121539152e-5,5.869719848935269e-5,5.2750066399472354e-5,4.7410553223346916e-5,4.261597338829832e-5,3.831018221505853e-5,3.444288417953187e-5,3.096901551177713e-5,2.7848192992007488e-5,2.5044221707055925e-5,2.2524655345853976e-5,2.0260403328862793e-5,1.8225379693026067e-5,1.6396189220969036e-5,1.4751846799231831e-5,1.3273526429808931e-5,1.1944336715697079e-5,1.0749119983103017e-5,9.674272515855655e-6,8.707583652397757e-6,7.83809173673846e-6,7.05595513490737e-6,6.3523367192755865e-6,5.719300397337963e-6,5.1497184119612824e-6,4.637188278273373e-6,4.1759583435403415e-6,3.7608610636682207e-6,3.387253187501753e-6,3.0509621253707334e-6,2.7482378554417243e-6,2.47570979008358e-6,2.230348084857864e-6,2.0094289279072377e-6,9.052516981375069e-7
0.07860053766369224,0.12167523651080847,0.10071770554500725,0.08503606355314752,0.07260678848244506,0.06246267511892989,0.054032389865779296,0.046938892358324824,0.04091571752606815,0.03576561785384602,0.03133765563096891,0.027513431825131773,0.02419828069063329,0.021315361822942414,0.018801540468117772,0.016604422986890854,0.01468016721553217,0.012991829406180155,0.011508092907122125,0.010202274814033935,0.009051539153036442,0.008036266243145018,0.007139541999213184,0.006346740611591739,0.0056451808064546805,0.005023840712940306,0.004473119861956795,0.003984639415061719,0.0035510736439746254,0.003166007132715573,0.0028238132864815413,0.0025195505898458342,0.0022488737268448328,0.0020079572041632257,0.001793429537790374,0.0016023163992881506,0.0014319913888302116,0.0012801333211997085,0.0011446890907391323,0.001023841328423477,0.0009159801855288287,0.0008196786793058901,0.0007336711200069887,0.000656834208979707,0.0005881704563112065,0.0005267936164551085,0.0004719158823563961,0.0004228366141737147,0.0003789324091919991,0.0003396483454324011,0.0003044902536562342,0.00027301789154102196,0.0002448389100996656,0.00021960351658704535,0.0001969997503072328,0.00017674929822629644,0.00015860378645343905,0.00014234149157248827,0.0001277644226648539,0.00011469573090442178,0.00010297740877401613,9.246824555317768e-5,8.304200970831485e-5,7.458583228928833e-5,6.699876850402623e-5,6.019051731682838e-5,5.408028128113204e-5,4.85957508620968e-5,4.367219933952755e-5,3.925167598129917e-5,3.5282286577506495e-5,3.171755167422226e-5,2.851583394309818e-5,2.563982708708441e-5,2.3056099543964303e-5,2.0734686997411875e-5,1.864872837998617e-5,1.6774140645498014e-5,1.5089328106875413e-5,1.3574922605142216e-5,1.2213551185744954e-5,1.0989628322263643e-5,9.889170055695098e-6,8.899627700556962e-6,8.009739028069519e-6,7.209395064169927e-6,6.489520839618489e-6,5.841968611699082e-6,5.259422234978831e-6,4.735311502819647e-6,4.263735405840075e-6,3.839393367904156e-6,3.457523620520008e-6,3.1138479653442994e-6,2.8045222552290893e-6,2.5260919948421327e-6,2.275452525719548e-6,2.0498133174410917e-6,1.846665936618941e-6,1.6637553110550142e-6,7.495269733929103e-7
0.06636196018063423,0.10273016738323637,0.08503606355314752,0.07179626524008609,0.06130236599880723,0.05273777989403938,0.04562014485419297,0.03963113535461704,0.03454578159215849,0.03019755226031462,0.026459014159438743,0.02323020561438277,0.020431202327138798,0.017997129464074724,0.015874683517211108,0.014019629430217395,0.012394951947825555,0.010969459983947716,0.009716713281837958,0.008614183757074484,0.0076425912093406045,0.0067853708919118905,0.006028242343403295,0.005358857054762939,0.004766508258295096,0.004241890196737597,0.003776897184267644,0.003364454944090975,0.0029983783300826378,0.002673250765349036,0.002384321669509283,0.0021274188712762654,0.0018988735685606661,0.0016954558446420354,0.0015143191028345326,0.00135295206555517,0.00120913721251421,0.0010809147176661406,0.0009665510963644541,0.0008645118984213461,0.0007734378851835637,0.0006921242139547867,0.0006195022239615863,0.000554623477467089,0.0004966457592551331,0.00044482077987704517,0.000398483363583382,0.0003570419319054302,0.0003199701195962454,0.00028679938151951554,0.00025711246780888136,0.00023053766073026505,0.0002067436804354889,0.0001854351787617379,0.00016634875050529655,0.0001492494004560461,0.00013392741221091237,0.00012019557147061434,0.00010788670231502272,9.685148005143785e-5,8.69564885943178e-5,7.80824942188149e-5,7.012291089186751e-5,6.298243531679829e-5,5.657583241728821e-5,5.0826854244269415e-5,4.566727728614326e-5,4.103604488896553e-5,3.687850304265501e-5,3.31457191398714e-5,2.979387449626779e-5,2.6783722475080688e-5,2.408010498550884e-5,2.1651520938282664e-5,1.9469740969126916e-5,1.750946337237061e-5,1.5748006756624122e-5,1.4165035435131132e-5,1.2742314001346457e-5,1.1463487936682698e-5,1.0313887444065792e-5,9.280352008098579e-6,8.351073459702434e-6,7.515455562095383e-6,6.76398835365661e-6,6.088135675305666e-6,5.480234478473606e-6,4.933404663616894e-6,4.441468332593999e-6,3.998877460005667e-6,3.600649093718749e-6,3.242307291371921e-6,2.9198310843503227e-6,2.629607835706062e-6,2.3683914266742442e-6,2.1332647660388948e-6,1.9216061704973054e-6,1.7310592121549961e-6,1.5595056715029173e-6,1.4050412727839077e-6,6.329769563686681e-7
0.05666173310813494,0.08771434682103862,0.07260678848244506,0.06130236599880723,0.05234242631496189,0.045029760876881264,0.0389525244186143,0.03383892748341455,0.029496888510472385,0.02578422120999002,0.022592121578908164,0.019835241032356454,0.017445339071343324,0.015367024565397791,0.013554786092084381,0.011970854964868827,0.010583626841668275,0.009366470123932491,0.00829680953084877,0.007355410047283545,0.006525809748932354,0.0057938652084226355,0.005147383359785776,0.004575820672973865,0.004070035368580013,0.003622081878969438,0.003225039284046008,0.002872867305010726,0.0025602848250357024,0.002282666952032268,0.002035957440352461,0.0018165939070875561,0.001621443761574616,0.001447749147793196,0.0012930795014823755,0.001155290565844097,0.0010324889050601221,0.000923001112734103,0.0008253470419821614,0.0007382164899869866,0.0006604488572696746,0.000591015374692928,0.0005290035517166534,0.0004736035501487438,0.0004240962299984184,0.0003798426500444124,0.00034027483606597405,0.0003048876553353227,0.0002732316579514109,0.00024490676427507685,0.00021955669372111103,0.000196864043917719,0.00017654594098864915,0.0001583501919301968,0.00014205187882731281,0.0001274503422162088,0.00011436650750227184,0.00010264051405088279,9.212961151317369e-5,8.270629230239137e-5,7.425663286277323e-5,6.667881968896311e-5,5.988183892404147e-5,5.378431086780272e-5,4.831345293827068e-5,4.34041565571142e-5,3.899816513459409e-5,3.504334180358501e-5,3.1493016875161375e-5,2.830540614141635e-5,2.5443092160456018e-5,2.287256155868579e-5,2.056379217656851e-5,1.8489884579020986e-5,1.66267330726146e-5,1.4952731910987426e-5,1.3448512856284239e-5,1.2096710691949397e-5,1.0881753656134916e-5,9.789676103442367e-6,8.807950998747008e-6,7.925340109120137e-6,7.131759996442389e-6,6.418162117362861e-6,5.776425523990007e-6,5.199260822708499e-6,4.680124192346432e-6,4.213140394304467e-6,3.7930338211393527e-6,3.4150667340749518e-6,3.0749839296756145e-6,2.768963158377982e-6,2.4935706898935876e-6,2.245721484524593e-6,2.0226434876459014e-6,1.8218456155027183e-6,1.6410890464903827e-6,1.4783614730567737e-6,1.3318540054165325e-6,1.1999404511891802e-6,5.405793620872392e-7
0.04874498095877289,0.0754592698837222,0.06246267511892989,0.05273777989403938,0.045029760876881264,0.038738836254588294,0.03351071122989946,0.029111575572617898,0.025376188640580888,0.022182232738272245,0.019436107643668266,0.017064390915056238,0.015008377533140715,0.013220416296468251,0.011661355141418639,0.010298702790760367,0.009105270926727832,0.00805814910435651,0.007137916386794035,0.006328025353960681,0.005614314184179292,0.004984615584586655,0.004428440098137282,0.003936717314687435,0.003501582710405529,0.003116200830058709,0.0027746176963126326,0.0024716369260736545,0.002202715225849687,0.001963873838153621,0.0017516232006096893,0.0015628986117696107,0.0013950051131066885,0.0012455701244733289,0.0011125026302335958,0.000993957921495408,0.0008883070679276475,0.0007941104284687819,0.0007100946217332201,0.0006351324681876918,0.0005682254913901581,0.0005084886281759432,0.000455136849727443,0.0004074734390978746,0.0003648797072040135,0.00032680596027641427,0.0002927635578522988,0.00026231792246244473,0.00023508238107321222,0.00021071273441453792,0.00018890246408517514,0.00016937849915933927,0.00015189747412244813,0.00013624241875309076,0.00012221982811452814,0.00010965706732540695,9.840007145838674e-5,8.831130582645573e-5,7.926795617028124e-5,7.116032200523694e-5,6.389038959235581e-5,5.7370563850220584e-5,5.152254099383266e-5,4.6276305840258544e-5,4.156923962325275e-5,3.7345325817359463e-5,3.355444293877982e-5,3.0151734558250994e-5,2.7097047899312136e-5,2.4354433387369534e-5,2.1891698383263286e-5,1.9680009109432014e-5,1.7693535457316773e-5,1.5909133962544386e-5,1.4306064768658706e-5,1.2865738864084315e-5,1.1571492295459675e-5,1.040838442825835e-5,9.363017647317525e-6,8.423376181065868e-6,7.578681987917529e-6,6.819265868928873e-6,6.136452174340489e-6,5.52245564718767e-6,4.9702891078025324e-6,4.4736808241336245e-6,4.027000536544476e-6,3.6251932187887132e-6,3.26371975483051e-6,2.9385038006368673e-6,2.6458841772910202e-6,2.3825722127196293e-6,2.145613511540955e-6,1.9323536876279603e-6,1.740407644060726e-6,1.5676320289289154e-6,1.4121005350357434e-6,1.272081746805506e-6,1.1460192687104122e-6,1.032513897857458e-6,4.6515381420624974e-7
0.0421657948374502,0.06527469430072097,0.054032389865779296,0.04562014485419297,0.0389525244186143,0.03351071122989946,0.028988236632045083,0.025182852269089895,0.021951623119759678,0.019188742908535505,0.016813246240190982,0.014761621688640592,0.012983088539722853,0.011436427741974314,0.010087772086944696,0.008909016019838067,0.007876641107844973,0.006970829331468226,0.006174781142210969,0.005474182624530977,0.0048567834418807715,0.004312058557668738,0.0038309342925312295,0.0034055644690728637,0.0030291460254619623,0.002695766065903396,0.0024002741927182172,0.002138175345219852,0.0019055394016165295,0.0016989245787180501,0.001515312260764283,0.0013520513491764898,0.0012068105844078754,0.0010775375746349472,0.0009624234908682458,0.0008598725681663796,0.0007684756980112107,0.0006869875143879905,0.0006143064725620574,0.0005494574984897509,0.0004915768518668831,0.00043989889996081354,0.0003937445443975441,0.0003525110808186068,0.0003156633028477268,0.00028272568859938514,0.0002532755305353646,0.00022693688856280977,0.00020337526262446514,0.0001822928949322582,0.00016342462389837926,0.00014653422205347785,0.00013141115898147914,0.00011786773790332765,0.00010573656106966723,9.486828475049978e-5,8.512962952236846e-5,7.640161580175033e-5,6.85779982527745e-5,6.156387593716107e-5,5.5274457847156793e-5,4.9633965929983016e-5,4.4574659848063474e-5,4.003596958236633e-5,3.5963723631801474e-5,3.230946199612344e-5,2.9029824398567718e-5,2.608600530130381e-5,2.344326825127281e-5,2.107051295215719e-5,1.8939889209302642e-5,1.7026452564303587e-5,1.5307857024662332e-5,1.3764080811128445e-5,1.2377181507462482e-5,1.1131077398670588e-5,1.0011352145734267e-5,9.005080263011785e-6,8.100671142769486e-6,7.2877296231804766e-6,6.556931316435574e-6,5.899911108789684e-6,5.309163420431294e-6,4.777952964927414e-6,4.300234886962619e-6,3.870583279150052e-6,3.4841271857321567e-6,3.1364932987709368e-6,2.823754637179104e-6,2.5423845763300815e-6,2.2892156627866788e-6,2.0614027100601497e-6,1.856389725129837e-6,1.6718802631084627e-6,1.5058108507605486e-6,1.3563271574600026e-6,1.2217626264221371e-6,1.100619309538927e-6,9.915506759766348e-7,8.933461891973376e-7,4.0245873436248476e-7
0.03662990635036145,0.05670510853275412,0.046938892358324824,0.03963113535461704,0.03383892748341455,0.029111575572617898,0.025182852269089895,0.021877065645125593,0.01907004882926233,0.016669888413835154,0.01460625007827987,0.012823961636710512,0.011278909982119417,0.009935288159232336,0.008763675712495478,0.007739657301867736,0.006842802396942016,0.006055895000406514,0.00536434125022589,0.0047557065473516485,0.004219348920552979,0.003746125165751582,0.003328152873717627,0.0029586159682936236,0.0026316045308581934,0.0023419819337306205,0.0020852739354931607,0.0018575755904015542,0.001655472719707729,0.0014759753690362087,0.001316461194163121,0.0011746271175637618,0.0010484479102805255,0.000936140599993085,0.0008361338014856619,0.0007470412221624225,0.0006676387215463157,0.0005968444057558187,0.0005337013217370148,0.0004773623846081147,0.0004270772279954694,0.00038218071427344267,0.0003420828807333097,0.00030626013049409647,0.0002742475043536474,0.0002456318930524051,0.0002200460690322762,0.0001971634333540334,0.00017669338764605188,0.00015837725303250458,0.00014198466832914067,0.00012731040868637277,0.0001141715734516123,0.00010240509862741208,9.186555497253473e-5,8.242319768214375e-5,7.396223785082639e-5,6.637930961249762e-5,5.95821100475972e-5,5.348819176235857e-5,4.802389045379014e-5,4.3123371917712285e-5,3.8727784812556966e-5,3.478450711009377e-5,3.1246475593793154e-5,2.8071589011724983e-5,2.522217659308172e-5,2.2664524590271e-5,2.0368454363763457e-5,1.8306946272388406e-5,1.645580428424637e-5,1.4793356805350326e-5,1.3300189734522959e-5,1.1958908202377218e-5,1.0753923853677706e-5,9.671264880998153e-6,8.698406332053823e-6,7.824118489472518e-6,7.038331363518584e-6,6.332013557102577e-6,5.697063953792603e-6,5.126214849105186e-6,4.612945298304737e-6,4.151403585870596e-6,3.736337842517694e-6,3.3630339416924757e-6,3.0272599004564386e-6,2.7252160946178588e-6,2.4534906715972506e-6,2.2090196117442815e-6,1.9890509468551508e-6,1.7911126979577676e-6,1.6129841411861037e-6,1.4526700519656019e-6,1.308377615367901e-6,1.1784957234001084e-6,1.061576409748337e-6,9.563181989867237e-7,8.615511705718066e-7,7.762235592294857e-7,3.496948660788444e-7
0.031929348123842294,0.04942858998029598,0.04091571752606815,0.03454578159215849,0.029496888510472385,0.025376188640580888,0.021951623119759678,0.01907004882926233,0.01662323476355687,0.014531063832151803,0.012732228478600782,0.011178637309215561,0.009831838643236251,0.008660620910140332,0.007639339375619059,0.006746712051377002,0.005964930340571148,0.005278987622449188,0.004676162885739785,0.004145617263506776,0.0036780744534775783,0.0032655645725576388,0.002901216726658329,0.0025790895066530664,0.0022940313700794343,0.00204156482680011,0.0018177897678733762,0.0016193023221633476,0.0014431264059216707,0.0012866557200840387,0.0011476044017241505,0.0010239648847821074,0.0009139717973026956,0.0008160709371326999,0.0007288925382717814,0.0006512281764466075,0.0005820107725541604,0.0005202972415799655,0.000465253407626905,0.0004161408654678681,0.0003723055183029152,0.0003331675623985172,0.00029821272337921586,0.00026698457752159094,0.0002390778152710363,0.0002141323244889328,0.00019182798803084886,0.00017188010470942788,0.00015403535508127283,0.00013806824402271206,0.00012377796107225633,0.00011098560726804062,9.953174382631167e-5,8.927422376408568e-5,8.008627251183563e-5,7.185478782376705e-5,6.447883301301358e-5,5.786830075586594e-5,5.194272749528572e-5,4.663024092715646e-5,4.186662515244662e-5,3.759448994705575e-5,3.376253221838905e-5,3.0324879128458375e-5,2.7240503609414143e-5,2.447270408366929e-5,2.1988641161542445e-5,1.9758924919917006e-5,1.775724711091612e-5,1.59600532994306e-5,1.434625049708747e-5,1.2896946367521546e-5,1.1595216523596185e-5,1.042589682887288e-5,9.375397965582903e-6,8.431539835239974e-6,7.583403632147696e-6,6.821199670975861e-6,6.136149260313727e-6,5.520379104848386e-6,4.9668268856464e-6,4.469156815820909e-6,4.021684102194768e-6,3.6193073585738072e-6,3.2574481214800406e-6,2.9319967116284905e-6,2.6392637654900535e-6,2.3759368353324717e-6,2.139041520311814e-6,1.9259066497925682e-6,1.7341330906617627e-6,1.5615657968795705e-6,1.406268760266307e-6,1.26650255761374e-6,1.1407042220175592e-6,1.0274691950135086e-6,9.255351420366194e-7,8.337674368167087e-7,7.511461406416482e-7,6.767543209765531e-7,3.0488378516483026e-7
0.027910175229067247,0.04320683961688476,0.03576561785384602,0.03019755226031462,0.02578422120999002,0.022182232738272245,0.019188742908535505,0.016669888413835154,0.014531063832151803,0.012702238241287966,0.011129822217621405,0.0097717786465778,0.008594496533511964,0.0075706935018237664,0.006677953177941343,0.005897672691683911,0.005214285288170584,0.004614673441111744,0.004087717494701423,0.003623942993015078,0.0032152413339423813,0.002854645871120255,0.0025361505980598664,0.0022545619836124298,0.002005376930656895,0.0017846815419057457,0.0015890666188581107,0.0014155567336110488,0.001261550395651432,0.001124769351046162,0.0010032154462772391,0.000895133793746939,0.000798981213836189,0.0007133991160813927,0.0006371901308465256,0.0005692979220729127,0.0005087897079070133,0.0004548410937663394,0.00040672288623932497,0.000363789608466448,0.00032546948071497054,0.0002912556656947717,0.00026069860796366136,0.00023339932175181488,0.00020900350240044777,0.00018719635434286813,0.00016769804349711865,0.00015025969457291375,0.00013465986462194877,0.00012070143336109741,0.00010820885867632475,9.702575248985747e-5,8.70127379578407e-5,7.804555399797391e-5,7.001337746716978e-5,6.28173370344179e-5,5.6369196045583754e-5,5.059018448868636e-5,4.540996260359292e-5,4.07657008244742e-5,3.660126257873679e-5,3.28664780995492e-5,2.9516498822747803e-5,2.6511223172087802e-5,2.3814785626047384e-5,2.13951019089161e-5,1.9223463988725386e-5,1.72741792906018e-5,1.552424918578848e-5,1.3953082384615385e-5,1.2542239358869195e-5,1.1275204362427686e-5,1.0137182008705241e-5,9.114915705806952e-6,8.196525556200638e-6,7.371363593348132e-6,6.6298844673551706e-6,5.963529902293862e-6,5.364625432065497e-6,4.82628808840171e-6,4.342343860438543e-6,3.907253874497598e-6,3.5160483592580703e-6,3.1642675620326686e-6,2.8479088738527197e-6,2.563379501868186e-6,2.3074540984261216e-6,2.0772368209217806e-6,1.8701273526205154e-6,1.6837904658780533e-6,1.516128753409085e-6,1.365258193881827e-6,1.2294862537448544e-6,1.1072922587392718e-6,9.97309797229737e-7,8.983109425636153e-7,8.091921043409544e-7,7.289613386656894e-7,6.567269652100602e-7,5.916873551460418e-7,2.665608841681099e-7
0.024454586296376424,0.037857506524394235,0.03133765563096891,0.026459014159438743,0.022592121578908164,0.019436107643668266,0.016813246240190982,0.01460625007827987,0.012732228478600782,0.011129822217621405,0.009752077630609896,0.008562162848522376,0.007530628724363414,0.006633571064990962,0.005851349131915165,0.005167663472887787,0.004568874797902467,0.004043489766698369,0.0035817655222633027,0.0031754006912855237,0.0028172906292929165,0.0025013312476109967,0.002222260149519241,0.0019755268125854694,0.0017571856593633847,0.0015638073586507761,0.0013924047878248157,0.0012403708873090988,0.0011054262361353921,0.0009855746290473762,0.0008790652815307172,0.0007843605561907163,0.0007001083123021907,0.0006251181447973261,0.0005583409093409385,0.000498851034586802,0.000445831207011603,0.0003985590818537388,0.00035639572961490996,0.00031877557336369017,0.00028519760981217043,0.00025521773853473713,0.0002284420498084149,0.00020452094344212534,0.00018314396924387763,0.00016403529531204466,0.00014694972342784362,0.00013166918189520165,0.00011799963565996404,0.00010576836160161281,9.482154379334838e-5,8.50221494623105e-5,7.624805145004182e-5,6.839036738248033e-5,6.135198954431353e-5,5.504628271643642e-5,4.9395930084154046e-5,4.433190978746194e-5,3.979258681855325e-5,3.57229068506038e-5,3.2073680190010086e-5,2.880094547540093e-5,2.5865403985398652e-5,2.3231916497575445e-5,2.0869055595460167e-5,1.874870715238094e-5,1.6845715456803372e-5,1.513756707994244e-5,1.3604109157412073e-5,1.2227298254391823e-5,1.0990976419401308e-5,9.880671420290602e-6,8.883418497497645e-6,7.98760126958801e-6,7.1828096941298865e-6,6.459713219710478e-6,5.809947474846896e-6,5.226013024074922e-6,4.70118488290252e-6,4.229431629409558e-6,3.8053430780553667e-6,3.424065594463373e-6,3.081244232073889e-6,2.772970959639757e-6,2.4957383291467723e-6,2.2463980045369733e-6,2.022123633701911e-6,1.8203776029290946e-6,1.638881262145913e-6,1.4755882541927583e-6,1.3286606201058312e-6,1.1964473879893126e-6,1.077465384275079e-6,9.703820338104627e-7,8.7399994034502e-7,7.872430609596593e-7,7.091443078482667e-7,6.388344285515469e-7,5.755320313057642e-7,5.185346363833765e-7,2.3360532343332142e-7
0.02147017551035485,0.03323755062182154,0.027513431825131773,0.02323020561438277,0.019835241032356454,0.017064390915056238,0.014761621688640592,0.012823961636710512,0.011178637309215561,0.0097717786465778,0.008562162848522376,0.0075174534754711975,0.0066117956994195815,0.005824202849486454,0.005137431329702791,0.00453717100850605,0.00401144723126326,0.0035501693713838184,0.00314478363349055,0.0027880017695109324,0.002473586197837406,0.0021961777744743533,0.001951156319472118,0.0017345266442036836,0.0015428246732862687,0.001373039571873541,0.0012225487445235751,0.001089063274673497,0.0009705818986789731,0.0008653520047538325,0.000771836450856489,0.0006886852300127203,0.0006147111945296931,0.0005488691949256889,0.0004902381038689712,0.0004380052871149724,0.0003914531574438357,0.0003499475074149813,0.0003129273658592736,0.0002798961632223618,0.00025041402399938496,0.0002240910320665977,0.0002005813376389125,0.00017957799379869502,0.0001608084265913314,0.00014403045632383144,0.00012902879919586378,0.00011561198811059882,0.00010360965984075685,9.287016280250834e-5,8.325844575011814e-5,7.465419291558428e-5,6.695017556729429e-5,6.005079383272489e-5,5.387078595375143e-5,4.833408500865531e-5,4.3372805636137735e-5,3.89263454596303e-5,3.4940587783593405e-5,3.136719378308119e-5,2.8162973819706493e-5,2.5289328773631212e-5,2.2711753368682616e-5,2.039939441631709e-5,1.8324657742068123e-5,1.6462858288535857e-5,1.4791908535031605e-5,1.3292040932482373e-5,1.1945560553510966e-5,1.0736624594577109e-5,9.651045749519414e-6,8.676116814947983e-6,7.800454187707192e-6,7.013858177992748e-6,6.307188297035562e-6,5.672251882614669e-6,5.101704609991194e-6,4.588961597867567e-6,4.128117960685611e-6,3.713877786844103e-6,3.341490634605759e-6,3.0066947368569626e-6,2.7056661955454812e-6,2.4349735239576734e-6,2.1915369657671453e-6,1.972592081947219e-6,1.7756571511509217e-6,1.5985039789601007e-6,1.4391317545668354e-6,1.295743632862394e-6,1.1667257539293272e-6,1.0506284431887525e-6,9.461493628643254e-7,8.521184096945738e-7,7.674841758897917e-7,6.91301809621168e-7,6.227221287735484e-7,5.609818572241257e-7,5.05394866574235e-7,4.553443187413941e-7,2.0513780792513826e-7
0.01888306022543057,0.02923260462879429,0.02419828069063329,0.020431202327138798,0.017445339071343324,0.015008377533140715,0.012983088539722853,0.011278909982119417,0.009831838643236251,0.008594496533511964,0.007530628724363414,0.0066117956994195815,0.005815258417567748,0.005122559306824023,0.00451853277353001,0.003990593163628778,0.003528208842792535,0.0031225051547148636,0.0027659590672688902,0.0024521605827438966,0.0021756237535828227,0.0019316352097848918,0.0017161314940023348,0.0015255988241777152,0.0013569905290693879,0.0012076585602232605,0.0010752963242761024,0.0009578906975981176,0.0008536815469463409,0.0007611274284065536,0.0006788764040101328,0.0006057411215999262,0.0005406774644341524,0.00048276620398727405,0.0004311971900802375,0.0003852556931169997,0.00034431057829723954,0.00030780404428094616,0.00027524270196643136,0.00024618980439248313,0.00022025846790946647,0.00019710574900748574,0.00017642746135044943,0.00015795363446534502,0.00014144452965184507,0.00012668714067422867,0.00011349211690556572,0.00010169105514100212,9.113411362126223e-5,8.168790803191896e-5,7.323365457380794e-5,6.566552978334254e-5,5.88892206949685e-5,5.282064234253623e-5,4.7384802519347125e-5,4.2514796236878846e-5,3.8150914521951256e-5,3.423985409445351e-5,3.073401611537968e-5,2.7590883645732837e-5,2.4772468698566665e-5,2.224482087153192e-5,1.997759050370606e-5,1.7943640134814704e-5,1.611869878188584e-5,1.4481054190792044e-5,1.301127878834186e-5,1.1691985551774421e-5,1.0507610453419137e-5,9.444218522600676e-6,8.489330903237814e-6,7.63177058559625e-6,6.861524754306429e-6,6.169621926386924e-6,5.548022259991534e-6,4.989519594323692e-6,4.4876539432851966e-6,4.036633307916824e-6,3.631263797325353e-6,3.2668871606043843e-6,2.9393249309297376e-6,2.644828470428474e-6,2.3800342832803578e-6,2.141924032529839e-6,1.927788758331385e-6,1.7351968500224779e-6,1.5619653723629348e-6,1.4061343900781807e-6,1.2659439728060254e-6,1.1398135972106907e-6,1.0263236929499193e-6,9.241991066722912e-7,8.322942823295075e-7,7.495799774349007e-7,6.751313543061174e-7,6.081173022977275e-7,5.477908623718138e-7,4.93480639014908e-7,4.4458309652846516e-7,4.0055564769684783e-7,1.804552262697675e-7
0.016633269961658204,0.025749836511899327,0.021315361822942414,0.017997129464074724,0.015367024565397791,0.013220416296468251,0.011436427741974314,0.009935288159232336,0.008660620910140332,0.0075706935018237664,0.006633571064990962,0.005824202849486454,0.005122559306824023,0.004512382175493865,0.003980312899861033,0.0035152654394330074,0.0031079630186634927,0.0027505883974948686,0.002436514904007883,0.002160096275361907,0.001916500193105533,0.0017015748601554442,0.0015117409526626338,0.0013439033268914866,0.0011953782930390587,0.0010638332881174294,0.0009472365202124952,0.0008438147008979074,0.0007520173892331429,0.0006704867778394522,0.0005980319868266679,0.000533607112961099,0.00047629242320453534,0.00042527819359398575,0.00037985078310849487,0.00033938060320399133,0.00030331170103337426,0.0002711527207060072,0.00024246904498056738,0.00021687595092190898,0.00019403263871503292,0.0001736370141836312,0.00015542112331898327,0.00013914715201154186,0.00012460391661128908,0.00011160378151025847,9.997994884408104e-5,8.958407293784346e-5,8.028415857311462e-5,7.196270763566541e-5,6.451508339819353e-5,5.784806572956187e-5,5.187857396924387e-5,4.653253720452691e-5,4.174389426272107e-5,3.745370795055962e-5,3.360938001064099e-5,3.016395494043428e-5,2.707550227069183e-5,2.430656817804951e-5,2.1823688400372755e-5,1.9596955396804997e-5,1.759963353696679e-5,1.5807816838647834e-5,1.4200124422482916e-5,1.2757429417969513e-5,1.1462617555692002e-5,1.0300372113296888e-5,9.256982271130964e-6,8.320172271992978e-6,7.47894907574101e-6,6.7234664637659525e-6,6.044903780584427e-6,5.435357703837272e-6,4.887745616300604e-6,4.395719311830614e-6,3.9535879099730585e-6,3.556248979483953e-6,3.1991269807976565e-6,2.8781182368525684e-6,2.589541728602764e-6,2.3300950885500436e-6,2.096815235095293e-6,1.8870431504259516e-6,1.6983923594859822e-6,1.5287207157340643e-6,1.3761051416292643e-6,1.23881901036515e-6,1.1153118888135481e-6,1.0041913921743725e-6,9.042069271861677e-7,8.142351249686581e-7,7.33266785804929e-7,6.603951769748569e-7,5.948055418467597e-7,5.357656933809471e-7,4.826175787140406e-7,4.3476971352620586e-7,3.9169039548088346e-7,3.5290161569605957e-7,1.589867978766676e-7
0.014671531087456113,0.02271297237066877,0.018801540468117772,0.015874683517211108,0.013554786092084381,0.011661355141418639,0.010087772086944696,0.008763675712495478,0.007639339375619059,0.006677953177941343,0.005851349131915165,0.005137431329702791,0.00451853277353001,0.003980312899861033,0.0035109888093598635,0.003100782059145449,0.0027415100572577566,0.0024262775870003694,0.0021492395667082123,0.001905415680781973,0.0016905435509023542,0.0015009610513138823,0.0013335110057714865,0.0011854633091982689,0.0010544507800089517,0.0009384159489067012,0.0008355666428388753,0.0007443387030365307,0.000663364534744507,0.0005914464570917002,0.0005275340290765828,0.0004707046878366667,0.00042014716039022286,0.00037514720868572597,0.0003350753460105134,0.00029937622546560155,0.00026755945178620275,0.00023919160865859372,0.00021388932723648973,0.00019131324902386688,0.00017116275892649314,0.00015317138310973416,0.00013710276196383714,0.00012274712160837082,0.00010991817833459023,9.845041970529171e-5,8.819671388496375e-5,7.902620541340639e-5,7.08224613265771e-5,6.34818363643493e-5,5.691203014589652e-5,5.103081275439469e-5,4.5764898213318615e-5,4.10489479817181e-5,3.682468886690175e-5,3.304013171100779e-5,2.9648878917087288e-5,2.6609510358335375e-5,2.3885038494249962e-5,2.144242464471066e-5,1.9252149337725926e-5,1.7287830505206543e-5,1.5525884044228567e-5,1.3945221909481096e-5,1.2526983475172728e-5,1.1254296403800468e-5,1.0112063700665674e-5,9.086774014663968e-6,8.166332588448904e-6,7.339910559674243e-6,6.597810576374201e-6,5.93134692263856e-6,5.332738555596274e-6,4.795013634690637e-6,4.311924285049898e-6,3.8778704764007624e-6,3.487832024940809e-6,3.1373078363010402e-6,2.8222616045710147e-6,2.5390732700153506e-6,2.2844956147793197e-6,2.0556154438054966e-6,1.8498188594581546e-6,1.6647601912036765e-6,1.4983341900597212e-6,1.3486511400068064e-6,1.2140145758091695e-6,1.0929013307246889e-6,9.839436670804623e-7,8.85913269625871e-7,7.977069048251486e-7,7.183335706127233e-7,6.469029798674282e-7,5.826152374482577e-7,5.24751585714206e-7,4.7266610663544604e-7,4.2577828052449995e-7,3.8356631203096393e-7,3.455611433823912e-7,3.1134108338341194e-7,1.402634941124416e-7
0.012956953071744048,0.020058714898111563,0.016604422986890854,0.014019629430217395,0.011970854964868827,0.010298702790760367,0.008909016019838067,0.007739657301867736,0.006746712051377002,0.005897672691683911,0.005167663472887787,0.00453717100850605,0.003990593163628778,0.0035152654394330074,0.003100782059145449,0.002738507420799015,0.0024212152506707663,0.0021428161831006168,0.0018981482494997357,0.0016828131757307616,0.0014930467149525846,0.0013256147180691763,0.0011777289697912814,0.0010469784127464833,0.000931272497367807,0.0008287941899653532,0.0007379607479526956,0.0006573907953066963,0.000585876548096954,0.0005223602791066834,0.0004659142938357331,0.0004157238316455838,0.00037107241621339195,0.000331329266578282,0.0002959384491374095,0.00026440950628082126,0.0002363093420158502,0.00021125518102552924,0.00018890844723625042,0.00016896943222365936,0.00015117264377523384,0.00013528274156191953,0.0001210909807038813,0.00010841209561120906,9.708156616567158e-5,8.695321654092068e-5,7.78971038939123e-5,6.979766002454448e-5,6.255205412596565e-5,5.6068749018715804e-5,5.026622691889598e-5,4.5071863935324365e-5,4.0420935175855804e-5,3.625573467899777e-5,3.252479639255458e-5,2.9182204150254095e-5,2.6186980106686006e-5,2.3502542396158592e-5,2.109622391161328e-5,1.8938845095200065e-5,1.7004334484134226e-5,1.5269391513707676e-5,1.3713186735598442e-5,1.2317095182086304e-5,1.1064459112456875e-5,9.940376818667445e-6,8.93151455723837e-6,8.025939011379143e-6,7.21296798989184e-6,6.483037333111427e-6,5.827582226949348e-6,5.2389313319696945e-6,4.710212315341253e-6,4.2352675324526285e-6,3.808578747000195e-6,3.425199901690011e-6,3.080697062939777e-6,2.771094760747417e-6,2.492828030417618e-6,2.2426995402512496e-6,2.017841257013613e-6,1.815680160985241e-6,1.6339075765136875e-6,1.4704517306614402e-6,1.3234531952584177e-6,1.1912429051854026e-6,1.0723224786149674e-6,9.653465949932538e-7,8.691072125967764e-7,7.825194312863374e-7,7.046088266143035e-7,6.345001003069177e-7,5.714069086877088e-7,5.146227452568144e-7,4.635127669592968e-7,4.175064653197743e-7,3.7609109414958917e-7,3.38805774907473e-7,3.0523620904274426e-7,2.75009934183196e-7,1.2389603384438396e-7
0.011455319524253466,0.017734098016013722,0.01468016721553217,0.012394951947825555,0.010583626841668275,0.009105270926727832,0.007876641107844973,0.006842802396942016,0.005964930340571148,0.005214285288170584,0.004568874797902467,0.00401144723126326,0.003528208842792535,0.0031079630186634927,0.0027415100572577566,0.0024212152506707663,0.002140689864779846,0.0018945502959406557,0.001678232844879314,0.0014878489891622902,0.0013200707459687967,0.0011720387891357917,0.0010412880407180795,0.0009256868669182926,0.000823386994258643,0.0007327819644277998,0.0006524724559710694,0.0005812371759395876,0.0005180083046547566,0.0004618506882050691,0.0004119441353175046,0.0003675683003169219,0.00032808973149576863,0.00029295074123502404,0.0002616598152844554,0.00023378332752832347,0.00020893836604724773,0.00018678650819699402,0.00016702840862102032,0.0001493990855559995,0.00013366380846199961,0.00011961450471474969,0.00010706661532674773,9.585633991567185e-5,8.583821970108998e-5,7.688301458774055e-5,6.887583652509283e-5,6.171450651739577e-5,5.5308107101394817e-5,4.957570588457632e-5,4.444522896994408e-5,3.985246587360992e-5,3.5740189915434975e-5,3.2057380128184296e-5,2.875853250378644e-5,2.5803049924080844e-5,2.3154701457882884e-5,2.078114286016954e-5,1.8653491108707994e-5,1.6745946693524113e-5,1.5035458127885069e-5,1.3501423819838021e-5,1.2125427023555171e-5,1.089100009586181e-5,9.783414730378862e-6,8.789495231430639e-6,7.897452234565777e-6,7.096734578523553e-6,6.377897300955852e-6,5.732483963362934e-6,5.1529217147654595e-6,4.632427685638511e-6,4.164925463583178e-6,3.7449705427343384e-6,3.3676837644706318e-6,3.0286918760288593e-6,2.724074431981374e-6,2.450316349983202e-6,2.2042655078107458e-6,1.983094837156755e-6,1.7842684295114831e-6,1.6055112224961347e-6,1.4447818828599725e-6,1.3002485436193042e-6,1.1702670905824566e-6,1.0533617266736743e-6,9.482075715587149e-7,8.536150806479915e-7,7.685160905862892e-7,6.919513193694601e-7,6.230591673836193e-7,5.610656823423456e-7,5.052755657244641e-7,4.5506411126703056e-7,4.098699778431162e-7,3.6918870934940386e-7,3.3256692353751734e-7,2.9959710001185054e-7,2.6991290490904927e-7,2.431849964348513e-7,1.095586306606923e-7
0.010137798023464956,0.0156944897673279,0.012991829406180155,0.010969459983947716,0.009366470123932491,0.00805814910435651,0.006970829331468226,0.006055895000406514,0.005278987622449188,0.004614673441111744,0.004043489766698369,0.0035501693713838184,0.0031225051547148636,0.0027505883974948686,0.0024262775870003694,0.0021428161831006168,0.0018945502959406557,0.0016767155473860693,0.0014852731518572929,0.0013167818370682684,0.0011682963936856389,0.0010372863617646687,0.0009215701815513018,0.0008192613837013848,0.0007287242665606954,0.0006485371298926741,0.0005774615855395175,0.0005144167973179063,0.00045845775027726285,0.0004087568365838453,0.00036458818868095356,0.0003253143010589349,0.0002903745683494304,0.00025927543561690084,0.0002315819107629423,0.0002069102322495948,0.00018492152029036136,0.00016531626789695634,0.00014782955135239986,0.00013222685865687958,0.00011830045013229776,0.00010586617838554942,9.476070565309362e-5,8.483906562180613e-5,7.597252439869753e-5,6.804670174217998e-5,6.095991909375203e-5,5.462174553705584e-5,4.895171674316437e-5,4.3878205302333635e-5,3.933742370367335e-5,3.527254368467349e-5,3.1632917773404446e-5,2.8373390673869822e-5,2.5453689714179258e-5,2.2837884930139365e-5,2.049391053781475e-5,1.839314056986365e-5,1.6510012334984233e-5,1.4821692138676057e-5,1.3307778370141724e-5,1.1950037653422581e-5,1.0732170274338905e-5,9.639601542709504e-6,8.659296144972802e-6,7.77959288721989e-6,6.990057533703915e-6,6.281351709606795e-6,5.6451160735525346e-6,5.073866171696214e-6,4.560899565809616e-6,4.100212988855954e-6,3.686428423103219e-6,3.314727120184974e-6,2.9807906936462e-6,2.6807485110077884e-6,2.4111306994284472e-6,2.1688261555502517e-6,1.9510450170322658e-6,1.755285113850524e-6,1.5793019704217644e-6,1.4210819765473956e-6,1.2788183875162634e-6,1.1508898502272196e-6,1.0358411856149443e-6,9.32366187018019e-7,8.39292219872452e-7,7.555664316318966e-7,6.802434012001997e-7,6.124740757753169e-7,5.514958590710534e-7,4.966237296452744e-7,4.4724228100851447e-7,4.0279858664980507e-7,3.62795803537585e-7,3.2678743676534736e-7,2.9437219625027667e-7,2.6518938372904014e-7,2.389147547488274e-7,2.1525680624656503e-7,9.697672275987932e-8
