0.06134155474860359,0.09705026075369694,0.08161227939791749,0.06989453172450055,0.06048588025750501,0.052711898208015695,0.04617379017962164,0.04060783527742806,0.035827091132590305,0.031692639806290224,0.02809768720241901,0.02495801974643469,0.022205911325242966,0.01978604029864267,0.017652645074687445,0.015767478438160898,0.014098296832179003,0.012617719507186986,0.011302350446601384,0.010132091416174188,0.00908959688878952,0.008159836189814473,0.007329737959999222,0.006587898708829504,0.005924341893333102,0.005330317273082252,0.004798132694913734,0.004321012224867249,0.0038929758607614273,0.003508737050373925,0.0031636149996541185,0.0028534593405945274,0.002574585184398008,0.0023237169455238363,0.002097939607088206,0.0018946563262942431,0.001711551462906677,0.001546558262355481,0.0013978305474997219,0.0012637178732068724,0.0011427436803642076,0.0010335860548395907,0.0009350607541848271,0.000846106213074356,0.0007657702786177268,0.0006931984611038468,0.0006276235147383014,0.0005683561874408345,0.0005147769999691004,0.000466328932644278,0.00042251091344255864,0.0003828720146252405,0.00034700627649896214,0.0003145480869668005,0.0002851680541807169,0.000258569317068736,0.00023448424511044764,0.00021267148444969325,0.00019291331239737475,0.00017501326681886639,0.00015879402065928708,0.00014409547528684927,0.00013077304929562513,0.00011869614199573435,0.00010774675314169412,9.78182424736765e-5,8.881421446477341e-5,8.064751522314354e-5,7.3239329933653e-5,6.651837047377644e-5,6.0420143931282306e-5,5.4886293746675505e-5,4.98640060801758e-5,4.53054747759778e-5,4.11674190010391e-5,3.74106482399541e-5,3.39996698888351e-5,3.090233518530461e-5,2.808951964097285e-5,2.5534834543894727e-5,2.321436644718523e-5,2.1106441871097178e-5,1.9191414733838797e-5,1.7451474269203533e-5,1.587047142037059e-5,1.4433761902021022e-5,1.3128064299196339e-5,1.1941331738764347e-5,1.0862635811721217e-5,9.882061559349589e-6,8.990612449697003e-6,8.180124379631018e-6,7.443187832570098e-6,6.7730774057997716e-6,6.163688000059865e-6,5.609477032080077e-6,5.10541209360616e-6,4.646923537002186e-6,4.229861516739339e-6,3.850457062708467e-6,1.7526434012425752e-6
0.09705026075369694,0.15354700046495617,0.12912255006274576,0.11058381049071597,0.09569825494471695,0.08339888903861659,0.07305478803446008,0.06424872514847668,0.05668494291631054,0.050143662061443495,0.04445592558771272,0.039488500545014515,0.035134238365358006,0.031305615280750154,0.02793023223990565,0.024947578510283508,0.02230664161436302,0.019964102422415475,0.017882945976422926,0.01603137468506216,0.014381945975451171,0.012910879575197043,0.01159749502645202,0.010423750595453168,0.00937386211678834,0.008433985557368573,0.0075919508864489005,0.006837037628777964,0.00615978455983035,0.005551827570765042,0.005005760932281347,0.004515018112356328,0.004073769024293489,0.0036768311509670776,0.00331959244186511,0.002997944240562045,0.0027082227918877808,0.0024471581131070078,0.0022118292071411916,0.001999624754267834,0.0018082085491918018,0.0016354890593870686,0.0014795925712236292,0.0013388394666469447,0.0012117232366920735,0.001096891892567918,0.0009931314809320038,0.000899351448746831,0.0008145716366462948,0.0007379107082335842,0.000668575847235342,0.0006058535756508412,0.0005491015640999766,0.0004977413215043313,0.00045125166492008227,0.00040916288214855497,0.00037105151019204297,0.0003365356616648954,0.00030527083912317444,0.0002769461843033297,0.00025128111520690034,0.00022802230939012163,0.0002069409965021335,0.00018783052720769714,0.00017050418930530942,0.0001547932450536851,0.00014054516659642736,0.00012762204883615862,0.00011589918138082793,0.00010526376316284019,9.561374506051397e-5,8.685678742630792e-5,7.890932081343793e-5,7.16956994155052e-5,6.514743784830166e-5,5.9202522859114464e-5,5.3804792436976676e-5,4.890337557919306e-5,4.445218664863161e-5,4.0409468890914416e-5,3.673738223229639e-5,3.340163097129069e-5,3.0371127432703344e-5,2.7617688036889903e-5,2.5115758602978645e-5,2.2842166025649794e-5,2.077589374396339e-5,1.8897878685653947e-5,1.719082759554975e-5,1.5639050870042408e-5,1.4228312199022683e-5,1.2945692488827612e-5,1.1779466689805599e-5,1.0718992284711512e-5,9.754608318783043e-6,8.87754395992649e-6,8.079835676907802e-6,7.354252212906428e-6,6.6942266096761335e-6,6.093794611330007e-6,2.7737694209704745e-6
0.08161227939791749,0.12912255006274576,0.10858360789765609,0.09299401553106468,0.0804764243047209,0.07013359062851054,0.061434965066884395,0.054029698299289386,0.04766908538370973,0.04216831194174642,0.037385300384750075,0.033208013710055106,0.02954634944722956,0.02632670775658741,0.023488207282937434,0.020979963650150146,0.018759079643179355,0.016789127451480312,0.015038980502982024,0.013481899563444366,0.012094807582617995,0.010857707183336118,0.009753207663314278,0.008766137260880824,0.007883222638189413,0.007092821946631606,0.006384701035753726,0.005749844713724972,0.005180296718062666,0.004669023374437975,0.00420979693175326,0.0037970953402041985,0.003426015845704511,0.0030922002529063033,0.002791770088063611,0.002521270196571321,0.0022776195552528036,0.002058068277119643,0.0018601599492255524,0.0016816985774377527,0.0015207195216529433,0.0013754638966470417,0.0012443559899469082,0.0011259833122335555,0.0010190789491963982,0.000922505929547561,0.0008352433624908423,0.0007563741305414047,0.0006850739517951163,0.0006206016497054337,0.0005622904890312964,0.0005095404544582568,0.0004618113635861624,0.0004186167193726501,0.0003795182186293487,0.00034412084309607023,0.00031206846839917316,0.00028303993380383776,0.0002567455222741962,0.00023292380626425708,0.0002113388196632723,0.0001917775208784005,0.0001740475159771604,0.00015797501425328722,0.00014340299167004246,0.00013018954032763654,0.00011820638452071609,0.00010733754602166093,9.747814313562143e-5,8.85333097364598e-5,8.0417221946642e-5,7.305222144848226e-5,6.636802558072376e-5,6.030101540282313e-5,5.4793593846622296e-5,4.979360687910775e-5,4.525382134684024e-5,4.113145383012715e-5,3.738774540616035e-5,3.398757775401409e-5,3.0899126498331805e-5,2.809354810247083e-5,2.554469700503741e-5,2.3228870016769594e-5,2.1124575302469153e-5,1.921232354248865e-5,1.7474439102824213e-5,1.589488926565446e-5,1.4459129761578793e-5,1.3153965024157387e-5,1.1967421738299112e-5,1.0888634398792201e-5,9.90774172147322e-6,9.015792861040406e-6,8.204662494335667e-6,7.466973918388589e-6,6.79602939616166e-6,6.1857470581727246e-6,5.630603733667848e-6,5.125583147060197e-6,2.3330644850798256e-6
0.06989453172450055,0.11058381049071597,0.09299401553106468,0.07964286715158497,0.06892259832986425,0.0600648070034433,0.05261512900079501,0.046273095783458285,0.04082571549566327,0.03611471229897356,0.03201841023141794,0.028440860152502467,0.025304897704115037,0.022547491421460064,0.02011650198487641,0.017968351519104864,0.01606630238275003,0.014379157359726502,0.012880259240404868,0.011546708155832613,0.010358740554830603,0.009299230340563513,0.008353283793831767,0.007507907516421358,0.006751733939526605,0.0060747927199885365,0.005468319084651577,0.00492459219289243,0.0044367980866381745,0.0039989129268847845,0.003605603081005354,0.003252139291861897,0.0029343226792835145,0.00264842073456438,0.0023911117932216702,0.0021594367312445656,0.001950756840088587,0.001762717004937249,0.0015932134502590692,0.001440365430761377,0.001302490339792569,0.001178081785743773,0.0010657902522574446,0.0009644060129642903,0.0008728440172096549,0.0007901305024451931,0.000715391122005745,0.0006478404049118213,0.000586772388490555,0.0005315522851267931,0.0004816090621025306,0.00043642882875997817,0.00039554893823338586,0.00035855272246698364,0.000325064789091614,0.0002947468172353161,0.0002672937968631944,0.000242430662753583,0.00021990927987343683,0.00019950574197635101,0.00018101794952933136,0.00016426343697890184,0.00014907742274113686,0.00013531105824721298,0.0001228298550227519,0.00011151227108522569,0.00010124844001559337,9.193902783295954e-5,8.349420443695666e-5,7.583271780696823e-5,6.888106039243868e-5,6.257271826274387e-5,5.6847494584145834e-5,5.1650899872119184e-5,4.693360227004772e-5,4.265093179390352e-5,3.876243312212315e-5,3.5231462073037644e-5,3.202482140132333e-5,2.9112432002016708e-5,2.6467036007950164e-5,2.4063928620986317e-5,2.1880715845575254e-5,1.989709556981503e-5,1.809465970275257e-5,1.645671530774021e-5,1.4968122872527335e-5,1.3615150047581372e-5,1.2385339346346553e-5,1.1267388454756072e-5,1.0251041926583455e-5,9.326993165193164e-6,8.486795700330833e-6,7.722782864098788e-6,7.027995060032065e-6,6.396113896675062e-6,5.821402528694673e-6,5.2986516130051876e-6,4.823130343473852e-6,4.390542080913445e-6,1.99849207100504e-6
0.06048588025750501,0.09569825494471695,0.0804764243047209,0.06892259832986425,0.059645463637244545,0.05198006814974132,0.04553321869902527,0.04004489871522843,0.03533079127062855,0.031253928995401914,0.027709016924251983,0.024613023290359082,0.02189917210073017,0.019512917537101382,0.01740913951452061,0.01555012676662354,0.013904087364571549,0.012444023903927015,0.011146867773826813,0.00999280186268156,0.00896472314440347,0.008047810977487302,0.007229176564071849,0.0064975755981849515,0.005843170728929023,0.005257333733492298,0.004732479663865877,0.004261926970319865,0.0038397789021063916,0.003460822463457358,0.003120441951726456,0.0028145446814880418,0.0025394969480042884,0.0022920686383517477,0.0020693851793835635,0.0018688857366924647,0.0016882867604850471,0.0015255501207574358,0.0013788551948856718,0.001246574369459661,0.0011272514994905766,0.001019582936052428,0.0009224007898893244,0.0008346581460405705,0.000755415984117205,0.0006838315927989672,0.000619148295715681,0.0005606863300387857,0.0005078347400092227,0.0004600441653844576,0.000416820420058037,0.00037771876932544274,0.00034233882552830476,0.00031031999173682014,0.0002813373916585619,0.00025509823131992983,0.00023133854457407788,0.0002098202801242427,0.00019032869264585563,0.00017267000497004368,0.00015666931199724522,0.00014216870038854948,0.0001290255610021133,0.00011711107359230763,0.00010630884557960704,9.651368869480073e-5,8.763051909411752e-5,7.957336807580453e-5,7.226449194441625e-5,6.56335708017384e-5,5.961698712077506e-5,5.4157175940773225e-5,4.920203938584e-5,4.4704418971884e-5,4.062161986129935e-5,3.691498182070046e-5,3.35494921905494e-5,3.049343666284123e-5,2.771808408628528e-5,2.519740191398313e-5,2.2907799252424948e-5,2.0827894777435694e-5,1.893830706667886e-5,1.7221465137739187e-5,1.566143720889635e-5,1.4243775899666937e-5,1.295537826203106e-5,1.1784359198384369e-5,1.0719936962641009e-5,9.752329573845127e-6,8.872661083520519e-6,8.072876745275474e-6,7.345666228714685e-6,6.684394102362553e-6,6.083036887987703e-6,5.53612605577672e-6,5.038696391800889e-6,4.586239224983708e-6,4.174660049324893e-6,3.8002401231204002e-6,1.7298008337717706e-6
0.052711898208015695,0.08339888903861659,0.07013359062851054,0.0600648070034433,0.05198006814974132,0.04529989684367386,0.03968164205257374,0.0348987103868289,0.030790477404801675,0.027237581740090278,0.024148263143838833,0.02145016277291273,0.019085087983244597,0.01700550419789143,0.015172090960581197,0.013551984284125185,0.012117478633938389,0.010845046703451294,0.009714584968170237,0.008708823453711712,0.007812857403417944,0.007013771069947966,0.006300332234118772,0.0056627417902559846,0.005092426743008804,0.0045818678094808885,0.00412445488500196,0.0037143651464766198,0.0033464596978835665,0.003016195514432933,0.0027195500944177803,0.0024529567305935085,0.0022132487047224272,0.0019976110181823825,0.0018035385163169201,0.001628799460271231,0.0014714037584411602,0.0013295751973124506,0.0012017271166720085,0.001086441060199065,0.0009824480032940702,0.0008886118192017768,0.0008039146936965058,0.0007274442400097038,0.0006583821001734415,0.0005959938485262644,0.0005396200380475367,0.0004886682512417837,0.00044260603550877985,0.00040095461840892153,0.00036328331154120413,0.0003292045232721145,0.0002983693103648108,0.0002704634072096205,0.00024520367878901137,0.0002223349499224066,0.00020162716900732052,0.0001828728693840649,0.0001658848957165537,0.00015049436659813654,0.00013654884782105187,0.00012391071369273216,0.00011245567632660412,0.00010207146505753677,9.265664012806491e-5,8.411952653058032e-5,7.63772554532268e-5,6.935490211404903e-5,6.298471000166432e-5,5.720539261498919e-5,5.196150473355367e-5,4.7202876105327486e-5,4.288410119243809e-5,3.896407927939441e-5,3.5405599853811985e-5,3.217496868894974e-5,2.9241670539763634e-5,2.6578064788870532e-5,2.4159110747688415e-5,2.196211966274688e-5,1.9966530776796164e-5,1.8153709061723535e-5,1.6506762487760926e-5,1.5010376902122719e-5,1.3650666788982298e-5,1.2415040356969931e-5,1.1292077551868017e-5,1.0271419736088562e-5,9.343669898859456e-6,8.500302376896759e-6,7.733581162835279e-6,7.036485972191042e-6,6.402645321144365e-6,5.826275939462884e-6,5.302127910589006e-6,4.825434989354644e-6,4.3918696018180775e-6,3.997502080315063e-6,3.638763729125685e-6,3.3124133562354417e-6,1.5077534710362154e-6
0.04617379017962164,0.07305478803446008,0.061434965066884395,0.05261512900079501,0.04553321869902527,0.03968164205257374,0.034760254421266845,0.030570571619641607,0.026971894814616815,0.02385966946600876,0.02115351816533967,0.01879005811856127,0.01671831538090257,0.014896651918845594,0.013290624842696774,0.011871446797256296,0.010614848968486718,0.009500222458966923,0.008509957433379761,0.007628926106636569,0.006844072509478716,0.00614408294971637,0.005519118426718483,0.004960595281190139,0.004461003871046212,0.004013757559673675,0.0036130661112421386,0.003253828915315185,0.002931544453393775,0.0026422331662687704,0.0023823714526413353,0.0021488349698912113,0.001938849751072301,0.0017499499231108662,0.001579941025594167,0.0014268681012808114,0.0012889878681993164,0.0011647443950148703,0.001052747793498527,0.0009517555172864622,0.0008606559181778689,0.0007784537630747702,0.00070425745777347,0.0006372677600923853,0.0005767677950350211,0.0005221142105913748,0.00047272933460918397,0.00042809421160981687,0.00038774241437829985,0.00035125453871127834,0.0003182533013634855,0.0002883991713251849,0.000261386473156963,0.00023693990868674762,0.00021481144988397434,0.00019477756134268429,0.00017663671577295825,0.00016020717020159446,0.0001453249743192252,0.00013184218575399082,0.00011962526988094132,0.00010855366435570581,9.851849078975402e-5,8.942139793141103e-5,8.117352246514659e-5,7.369455506504104e-5,6.691190070702135e-5,6.075992341547979e-5,5.517926670056401e-5,5.0116241883445354e-5,4.552227732939631e-5,4.1353422357810776e-5,3.7569900258289674e-5,3.413570542376511e-5,3.101824014192897e-5,2.8187987041142335e-5,2.5618213609552394e-5,2.3284705578167117e-5,2.1165526281753818e-5,1.924079941340907e-5,1.7492512851104765e-5,1.590434146874571e-5,1.4461487061052036e-5,1.315053369435582e-5,1.1959316969519288e-5,1.0876805835844229e-5,9.892995727547269e-6,8.99881192043282e-6,8.186022113572047e-6,7.447157342273161e-6,6.775440414035524e-6,6.164721141086046e-6,5.609417714501694e-6,5.104463628019586e-6,4.645259618946723e-6,4.227630144771946e-6,3.847783961413682e-6,3.502278411609774e-6,3.1879870690166732e-6,2.9020704186935342e-6,1.320974642830148e-6
0.04060783527742806,0.06424872514847668,0.054029698299289386,0.046273095783458285,0.04004489871522843,0.0348987103868289,0.030570571619641607,0.026885927447790947,0.023721041612262572,0.020983964559061263,0.01860400904803261,0.01652543356694869,0.014703409431715886,0.01310131832604805,0.011688869628288828,0.01044074641995249,0.009335605570281735,0.008355322628972872,0.007484410645399675,0.006709565488503044,0.006019305070823988,0.005403679539313297,0.004854035950156557,0.004362825363517786,0.00392344337985745,0.0035300973341031855,0.0031776949542967614,0.0028617504588775433,0.0025783049377382447,0.0023238585184646512,0.002095312321841465,0.001889918598029068,0.0017052377366380406,0.0015391010821637803,0.0013895786748061786,0.001254951187736053,0.001133685453879537,0.0010244130736239247,0.0009259116758922256,0.000837088471302639,0.0007569657907072168,0.0006846683480072543,0.0006194120040522496,0.0005604938403306909,0.0005072833777324953,0.0004592147984441141,0.0004157800482338433,0.00037652271260477273,0.0003410325743238305,0.00030894077175563136,0.00027991548768126207,0.00025365810715731983,0.00022989979052831684,0.0002083984143704835,0.00018893583887009393,0.0001713154650792698,0.00015536004986079193,0.0001409097501165399,0.0001278203711799113,0.00011596179719254628,0.0001052165837736505,9.547869555865968e-5,8.665237314403303e-5,7.865111568716113e-5,7.139676694791755e-5,6.481869389814696e-5,5.885304822907805e-5,5.34421021164801e-5,4.8533650553808e-5,4.408047339116226e-5,4.003985094123822e-5,3.637312767244209e-5,3.304531908976892e-5,3.0024757415755897e-5,2.7282772150190467e-5,2.4793401987329984e-5,2.253313494100486e-5,2.0480673855157025e-5,1.861672476153887e-5,1.6923805811865924e-5,1.5386074742556916e-5,1.3989173036176592e-5,1.2720085134352828e-5,1.1567011217687999e-5,1.051925222130676e-5,9.567105888953921e-6,8.701772785259812e-6,7.915271296658527e-6,7.200360745699276e-6,6.550471832741928e-6,5.9596436941380325e-6,5.4224669380340044e-6,4.934032081733771e-6,4.489882870049668e-6,4.0859740062337255e-6,3.7186328721026994e-6,3.384524855596491e-6,3.0806219414521602e-6,2.804174253270283e-6,2.5526842661272993e-6,1.1619417180819036e-6
0.035827091132590305,0.05668494291631054,0.04766908538370973,0.04082571549566327,0.03533079127062855,0.030790477404801675,0.026971894814616815,0.023721041612262572,0.020928750891807124,0.01851389967487549,0.01641412372978268,0.014580244742970594,0.012972712280852061,0.011559219536450727,0.010313042335896,0.00921184457594812,0.00823679604607036,0.007371906233132275,0.006603511573174181,0.005919874308657758,0.005310864192835274,0.004767702804691701,0.004282755932506752,0.003849363382464485,0.00346169829115113,0.0031146499569909628,0.002803725608757572,0.0025249675593581322,0.0022748829615077126,0.002050383960912089,0.0018487364860578087,0.0016675162554256537,0.0015045708492243508,0.00135798690292711,0.0012260616462511816,0.00110727814447395,0.0010002837066214708,0.0009038710118193204,0.0008169615765965255,0.0007385912443987723,0.0006678974267192023,0.000604107865488087,0.0005465307198084472,0.0004945458082696377,0.00044759686151380623,0.00040518465982864946,0.00036686094747637264,0.0003322230297784501,0.00030090897135497813,0.00027259332443383636,0.0002469833251894458,0.00022381550390086075,0.00020285266138703097,0.0001838811700570265,0.00016670856296421236,0.00015116137861134488,0.00013708323310794492,0.00012433309461885,0.00011278373794174025,0.00010232035964525968,9.283933639438798e-5,8.424711109103868e-5,7.645919318719765e-5,6.93992610384575e-5,6.299835552236272e-5,5.719415532798918e-5,5.193032538514347e-5,4.7155930810196395e-5,4.282490958403473e-5,3.88955979078073e-5,3.533030282030982e-5,3.2094917242276146e-5,2.915857312492105e-5,2.6493328831561636e-5,2.4073887292605923e-5,2.1877341827166786e-5,1.988294685243406e-5,1.807191099059707e-5,1.6427210333826972e-5,1.4933419862137368e-5,1.3576561212603577e-5,1.2343965180155092e-5,1.1224147498371047e-5,1.0206696590526543e-5,9.282172116244837e-6,8.442013257566917e-6,7.678455791220985e-6,6.9844570916899914e-6,6.353628292836227e-6,5.780172914585335e-6,5.258831327442686e-6,4.784830491170178e-6,4.353838459360878e-6,3.961923190607766e-6,3.605515252987212e-6,3.2813740482986803e-6,2.9865572192303737e-6,2.71839293565489e-6,2.4744547850173747e-6,2.252539019021642e-6,1.0253219664428064e-6
0.031692639806290224,0.050143662061443495,0.04216831194174642,0.03611471229897356,0.031253928995401914,0.027237581740090278,0.02385966946600876,0.020983964559061263,0.01851389967487549,0.01637771465139881,0.014520242994362331,0.01289798224827865,0.01147594661738427,0.010225557896777926,0.009123176186844134,0.008149043204479178,0.0072865019242019935,0.006521407273658769,0.005841672565639652,0.005236914654281208,0.004698172376311913,0.004217680376456048,0.003788685453448251,0.003405296011550235,0.003062357610659032,0.002755349320832677,0.0024802968282036306,0.0022336991504237763,0.002012466499513678,0.0018138673421624826,0.001635483099819507,0.0014751692331942297,0.0013310216913297833,0.0012013478913392266,0.0010846415420520499,0.0009795607426910068,0.0008849088829176732,0.0007996179473260985,0.0007227338907120698,0.000653403802162944,0.0005908646186074187,0.0005344331840536811,0.00048349748033024546,0.0004375088800398653,0.000395975293174259,0.0003584550966161887,0.00032455175073685394,0.00029390901995499184,0.0002662067250742391,0.00024115696451804548,0.00021850074958209512,0.00019800500575043855,0.0001794598980199933,0.00016267644337943045,0.00014748437805663138,0.0001337302510039562,0.0001212757185000521,0.00010999601769929885,9.977859952433037e-5,9.052190359149317e-5,8.213425980085117e-5,7.453290299266977e-5,6.764308860206323e-5,6.139729857971839e-5,5.573452804659819e-5,5.059964419611585e-5,4.594280989670546e-5,4.17189652514397e-5,3.7887361113093324e-5,3.441113919894917e-5,3.125695401417529e-5,2.839463230692714e-5,2.5796866231310987e-5,2.3438936793728502e-5,2.129846452209429e-5,1.935518460966792e-5,1.7590744075267816e-5,1.598851873699426e-5,1.4533448018368774e-5,1.3211885813069549e-5,1.2011465814604585e-5,1.0920979878027768e-5,9.930268129605251e-6,9.030119665797982e-6,8.212182802439183e-6,7.4688839397759525e-6,6.793354200134257e-6,6.179363081494567e-6,5.621258443830253e-6,5.1139122147216915e-6,4.652671259379362e-6,4.233312916434597e-6,3.8520047498701916e-6,3.5052681107758914e-6,3.189945143326043e-6,2.903168904514916e-6,2.6423362996774906e-6,2.405083565044568e-6,2.1892640540231763e-6,1.9929281079922174e-6,9.071524068465628e-7
0.02809768720241901,0.04445592558771272,0.037385300384750075,0.03201841023141794,0.027709016924251983,0.024148263143838833,0.02115351816533967,0.01860400904803261,0.01641412372978268,0.014520242994362331,0.012873458766420098,0.01143520374173751,0.01017446107442066,0.009065894579676353,0.008088546137360014,0.007224898883709752,0.006460185383604433,0.005781865182239221,0.005179222694080138,0.004643052615781795,0.004165410309976247,0.0037394112898924553,0.00335906840062368,0.0030191583500769614,0.0027151113776277824,0.0024429193669317437,0.0021990588096808678,0.001980425834893808,0.001784281120942359,0.001608202961584454,0.0014500471050621667,0.0013079122533057042,0.0011801103171093681,0.0010651406879765846,0.0009616679177938819,0.000868502301993479,0.0007845829462800047,0.0007089629650311909,0.0006407965155551219,0.0005793274182367466,0.0005238791503679487,0.0004738460330075203,0.00042868545644606827,0.0003879110119230627,0.00035108641562747126,0.0003178201267753757,0.00028776057483988465,0.00026059192223069644,0.00023603029842875559,0.00021382044982874628,0.00019373275663507822,0.0001755605742976402,0.00015911786220273744,0.0001442370669460123,0.00013076723147537918,0.00011857230480969826,0.00010752963006164899,9.7528591110679e-5,8.846940054531099e-5,8.026201352831302e-5,7.282515395957393e-5,6.608544088114736e-5,5.9976604425068586e-5,5.4438781789211896e-5,4.941788479032624e-5,4.4865031470364236e-5,4.07360350650742e-5,3.699094435639255e-5,3.3593630087772487e-5,3.051141269421701e-5,2.7714727099278653e-5,2.5176820787274753e-5,2.2873481760559745e-5,2.0782793345785664e-5,1.8884913135761927e-5,1.7161873630358614e-5,1.559740239702917e-5,1.4176759797917095e-5,1.2886592527142408e-5,1.1714801385623053e-5,1.065042188051166e-5,9.683516378860483e-6,8.805076677052316e-6,8.006935958760627e-6,7.2816892201630246e-6,6.622621334036893e-6,6.0236420051235084e-6,5.479226945862581e-6,4.984364666820617e-6,4.5345083378956565e-6,4.125532228354628e-6,3.753692283606447e-6,3.4155904400712863e-6,3.1081423179042585e-6,2.8285479674291977e-6,2.574265376291369e-6,2.3429864731434253e-6,2.1326153895886857e-6,1.9412487646611537e-6,1.767157897488316e-6,8.043862863291069e-7
0.02495801974643469,0.039488500545014515,0.033208013710055106,0.028440860152502467,0.024613023290359082,0.02145016277291273,0.01879005811856127,0.01652543356694869,0.014580244742970594,0.01289798224827865,0.01143520374173751,0.010157651992435984,0.009037776406579517,0.008053072195358557,0.0071849233544746816,0.006417770552085922,0.005738496618682823,0.005135962486799109,0.004600650019269001,0.0041243825798707445,0.0037001033137627898,0.003321697041285515,0.002983845635463847,0.002681909469093885,0.0024118294136829116,0.0021700452212419924,0.0019534270972956028,0.0017592179909936,0.0015849846634774858,0.0014285759989735441,0.0012880873320054408,0.0011618298021515115,0.0010483039332586305,0.000946176780434186,0.0008542621040197977,0.0007715031225713643,0.0006969574718513477,0.000629784057270209,0.0005692315370197532,0.0005146282138669776,0.0004653731471185342,0.00042092832429157026,0.0003808117553240724,0.0003445913717632842,0.0003118796297002799,0.00028232872921934125,0.00025562637492809997,0.00023149201210252365,0.00020967348160370446,0.0001899440440492426,0.00017209973002202525,0.00015595697855370775,0.00014135053076489617,0.00012813154964003452,0.00011616594043360393,0.00010533284923993063,9.552331994385757e-5,8.663909209444699e-5,7.859152426321122e-5,7.130062925525755e-5,6.469420907073936e-5,5.870707890817781e-5,5.328037070583252e-5,4.836090776958596e-5,4.390064298075971e-5,3.9856153900698615e-5,3.6188188828732855e-5,3.286125850306522e-5,2.9843268718253695e-5,2.710518964159337e-5,2.4620758055283088e-5,2.236620915627976e-5,2.0320034902470937e-5,1.8462766208318594e-5,1.6776776579747424e-5,1.5246105023954332e-5,1.3856296298213637e-5,1.2594256762848987e-5,1.1448124278198304e-5,1.040715074862876e-5,9.461596058537078e-6,8.602632271877185e-6,7.822257083939309e-6,7.113215612907626e-6,6.468929712841442e-6,5.8834340722523966e-6,5.35131843418173e-6,4.8676753418300044e-6,4.428052871723105e-6,4.0284118712588285e-6,3.665087263645799e-6,3.33475302752344e-6,3.034390497154657e-6,2.7612596631908815e-6,2.5128731860734065e-6,2.2869728618081194e-6,2.0815083054383923e-6,1.8946176405556901e-6,1.7246100032234222e-6,1.5699496876689302e-6,7.146208889330122e-7
0.022205911325242966,0.035134238365358006,0.02954634944722956,0.025304897704115037,0.02189917210073017,0.019085087983244597,0.01671831538090257,0.014703409431715886,0.012972712280852061,0.01147594661738427,0.01017446107442066,0.009037776406579517,0.008041380358315309,0.007165249998992901,0.0063928223062171274,0.0057102538246420614,0.005105873928157437,0.004569771939293477,0.00409347934876475,0.0036697212034205035,0.0032922188393337964,0.0029555314182538595,0.002654927254928087,0.0023862783388591824,0.002145973141303846,0.0019308439983016165,0.001738106230096327,0.001565306795701174,0.001410280757590615,0.0012711141903426482,0.0011461124419038342,0.0010337728679308787,0.0009327613246914793,0.0008418918362698771,0.0007601089549240398,0.0006864724160254212,0.0006201437557236383,0.0005603746132448913,0.0005064964840455141,0.00045791172627646613,0.0004140856528567164,0.0003745395663881665,0.0003388446148729048,0.00030661636363647944,0.0002775099933897173,0.00025121604681787365,0.0002274566565822287,0.0002059821964879643,0.0001865683052440707,0.00016901323875886031,0.00015313551251997003,0.00013877180046057173,0.00012577506084605113,0.0001140128633596504,0.00010336589469612774,9.372662267339888e-5,8.499810126097809e-5,7.709290099254073e-5,6.993215102658033e-5,6.344468072673579e-5,5.756624999377351e-5,5.2238858821610206e-5,4.741012762155515e-5,4.303274079516786e-5,3.906394687689773e-5,3.546510930027146e-5,3.220130249959388e-5,2.9240948622262703e-5,2.6555490646520854e-5,2.4119098151996693e-5,2.1908402385956702e-5,1.9902257628532955e-5,1.8081526177600275e-5,1.6428884553795796e-5,1.4928648781207783e-5,1.3566616818034703e-5,1.2329926414740328e-5,1.1206926856142035e-5,1.018706319927821e-5,9.260771764122312e-6,8.419385760453165e-6,7.655050046834102e-6,6.960644121917507e-6,6.3297125361975114e-6,5.7564019960783155e-6,5.23540450554916e-6,4.761905954584508e-6,4.331539624018968e-6,3.940344128192379e-6,3.58472536547298e-6,3.2614220878426318e-6,2.967474740124918e-6,2.7001972537825806e-6,2.4571515105598155e-6,2.23612421977315e-6,2.0351059776776664e-6,1.8522723001016312e-6,1.6859664400206573e-6,1.5346838195691212e-6,1.3970579228743084e-6,6.359237555085654e-7
0.01978604029864267,0.031305615280750154,0.02632670775658741,0.022547491421460064,0.019512917537101382,0.01700550419789143,0.014896651918845594,0.01310131832604805,0.011559219536450727,0.010225557896777926,0.009065894579676353,0.008053072195358557,0.007165249998992901,0.006384587277928316,0.005696326132311705,0.005088131824602771,0.004549605631426368,0.004071916963373237,0.0036475202198365253,0.0032699332734746622,0.002933561703614522,0.002633557603764651,0.002365704933031232,0.002126325533960624,0.0019122014426776052,0.0017205101863828828,0.0015487705380718628,0.0013947967671447646,0.0012566598489057897,0.0011326544156778431,0.0010212704771523952,0.000921169126292077,0.0008311615941460557,0.0007501911330031075,0.0006773172991714049,0.0006117022802568234,0.0005525989712521929,0.0004993405516558799,0.0004513313553210635,0.0004080388570221194,0.00036898662631402145,0.0003337481214778044,0.0003019412148138395,0.0002732233560866059,0.00024728729386981965,0.00022385728563943923,0.0002026857368144265,0.00018355021684711426,0.00016625080730093677,0.0001506077426605694,0.00013645930961399787,0.0001236599748699308,0.000112078715256089,0.00010159752709099036,9.211009461117204e-5,8.352059964238817e-5,7.57426568317452e-5,6.86983606008793e-5,6.231743158105789e-5,5.653645172352755e-5,5.129817849054328e-5,4.6550929637754384e-5,4.2248031053595506e-5,3.8347320955519205e-5,3.481070449204708e-5,3.1603753452383115e-5,2.8695346371788587e-5,2.6057344822699052e-5,2.3664302144632565e-5,2.1493201269164345e-5,1.9523218648693304e-5,1.773551161881172e-5,1.61130268068998e-5,1.4640327448896566e-5,1.3303437703441354e-5,1.2089702247514058e-5,1.098765961877698e-5,9.98692792924559e-6,9.078101713378615e-6,8.252658803085071e-6,7.5028762346247585e-6,6.8217542927500674e-6,6.202947890340918e-6,5.640704560110795e-6,5.129808409580323e-6,4.66552945594199e-6,4.2435778143083425e-6,3.860062266862788e-6,3.5114527863620073e-6,3.1945466309312988e-6,2.9064376636965056e-6,2.6444885858994916e-6,2.4063058027483348e-6,2.1897166682951794e-6,1.992748881055486e-6,1.8136118240223036e-6,1.650679663014982e-6,1.5024760355494466e-6,1.3676601783007956e-6,1.2450143562776234e-6,5.667162350599637e-7
0.017652645074687445,0.02793023223990565,0.023488207282937434,0.02011650198487641,0.01740913951452061,0.015172090960581197,0.013290624842696774,0.011688869628288828,0.010313042335896,0.009123176186844134,0.008088546137360014,0.0071849233544746816,0.0063928223062171274,0.005696326132311705,0.005082268337836621,0.0045396442795924,0.00405917655214702,0.003632986779943781,0.003254343006579133,0.00291746206753013,0.002617352778220408,0.002349689967692997,0.00211071219366582,0.0018971378953251267,0.001706096081436674,0.0015350686052471377,0.0013818417688904322,0.0012444655074826637,0.0011212187816555426,0.0010105800925278782,0.0009112022515979507,0.0008218907063878116,0.0007415848538560796,0.0006693418771437573,0.0006043227231748993,0.0005457799042814012,0.0004930468600517698,0.0004455286583431046,0.0004026938496207947,0.00036406731759365454,0.0003292239928344041,0.0002977833158963085,0.0002694043529141198,0.00024378148054308817,0.000220640568639038,0.00019973559898431737,0.0001808456667080744,0.00016377231809933156,0.00014833718460981844,0.00013437987802476401,0.00012175611623556348,0.00011033605290593261,0.00010000278760816756,9.065103590306153e-5,8.218594132556136e-5,7.452201338531287e-5,6.75821775901655e-5,6.129692514505558e-5,5.560355140689214e-5,5.0445473454000054e-5,4.5771618210102365e-5,4.153587354888263e-5,3.7696595657154826e-5,3.421616667890939e-5,3.106059733086887e-5,2.819916976254974e-5,2.5604116457067765e-5,2.3250331416579885e-5,2.1115110289399728e-5,1.9177916455576625e-5,1.742017040216561e-5,1.582506000588754e-5,1.4377369593191218e-5,1.3063325870179101e-5,1.187045901759621e-5,1.0787477419997772e-5,9.804154659766903e-6,8.911227548882741e-6,8.100304094877541e-6,7.363780412876389e-6,6.694765695962947e-6,6.087014445665595e-6,5.534865247247526e-6,5.033185444361816e-6,4.57732113421142e-6,4.163051962723032e-6,3.7865502499843782e-6,3.444344024395305e-6,3.1332835849618134e-6,2.850511249965724e-6,2.5934339828994357e-6,2.3596986178732368e-6,2.147169434008929e-6,1.953907852459353e-6,1.778154052373921e-6,1.618310321705165e-6,1.472925976850605e-6,1.3406837014042081e-6,1.2203871684637948e-6,1.110949824367017e-6,5.056923617940474e-7
0.015767478438160898,0.024947578510283508,0.020979963650150146,0.017968351519104864,0.01555012676662354,0.013551984284125185,0.011871446797256296,0.01044074641995249,0.00921184457594812,0.008149043204479178,0.007224898883709752,0.006417770552085922,0.0057102538246420614,0.005088131824602771,0.0045396442795924,0.004054961866667844,0.0036257980191556766,0.0032451157744012443,0.002906902144198177,0.002605991595907138,0.002337925989437023,0.0020988420652180914,0.0018853800841504356,0.0016946089359558963,0.0015239642303306322,0.0013711967373035532,0.001234329160616842,0.00111161968121061,0.0010015310460259434,0.0009027042321221451,0.0008139359112509931,0.0007341590903980309,0.0006624264209739335,0.0005978957618271927,0.00053981765445257,0.00048752442740548733,0.0004404206942985895,0.00039797504793131176,0.0003597127845659069,0.00032520951809019566,0.00029408556499560014,0.00026600099880298624,0.00024065128728597857,0.0002177634382262983,0.00019709258975109372,0.00017841899014654642,0.0001615453194945167,0.00014629431177587025,0.00013250664153139236,0.00012003904379891952,0.00010876264002517835,9.856144609646103e-5,8.933104156642977e-5,8.09773817468276e-5,7.341573654965554e-5,6.656974188707764e-5,6.037055113145657e-5,5.475607560662403e-5,4.96703043571735e-5,4.506269458397769e-5,4.088762510010913e-5,3.71039060420267e-5,3.3674338831937256e-5,3.056532105196526e-5,2.7746491487760038e-5,2.5190411119332826e-5,2.2872276304278564e-5,2.0769660798378327e-5,1.8862283627611438e-5,1.713180014692407e-5,1.5561613901972154e-5,1.4136707165925144e-5,1.2843488248791399e-5,1.1669653875412623e-5,1.0604065109370608e-5,9.636635455386323e-6,8.758229917097147e-6,7.960573914139464e-6,7.2361710728088965e-6,6.578229007696545e-6,5.980592301332865e-6,5.437681968862318e-6,4.944440768804402e-6,4.4962837833784075e-6,4.089053751334866e-6,3.7189806883746314e-6,3.382645375558878e-6,3.0769463391670457e-6,2.799069982063606e-6,2.5464635612944045e-6,2.3168107358028763e-6,2.108009436131395e-6,1.918151832362971e-6,1.7455061981090007e-6,1.588500488606951e-6,1.4457074684778748e-6,1.3158312408594394e-6,1.1976950441726971e-6,1.0902301954395852e-6,9.92466071060865e-7,4.517605132789219e-7
0.014098296832179003,0.02230664161436302,0.018759079643179355,0.01606630238275003,0.013904087364571549,0.012117478633938389,0.010614848968486718,0.009335605570281735,0.00823679604607036,0.0072865019242019935,0.006460185383604433,0.005738496618682823,0.005105873928157437,0.004549605631426368,0.00405917655214702,0.0036257980191556766,0.0032420607748784164,0.002901672861802776,0.0025992578823720858,0.002330197169752156,0.0020905045545258905,0.0018767257652863092,0.0016858567416367098,0.00151527667192081,0.00136269263913609,0.0012260935202802123,0.0011037113364212418,0.000993988656055822,0.0008955509566505558,0.0008071830770670155,0.0007278090680555103,0.0006564748824490155,0.0005923334514553701,0.000534631776141185,0.00048269972865344277,0.0004359403101519225,0.0003938211547766003,0.00035586710310667787,0.0003216536966993413,0.00029080146829903956,0.00026297092125303085,0.00023785810749834668,0.0002151907266441976,0.0001947246797474227,0.00017624102060177695,0.00015954325526977174,0.000144454947249119,0.0001308175912960773,0.00011848872379844515,0.00010734024172872258,9.725690576643017e-5,8.813500625940384e-5,7.988117331736021e-5,7.24113146445928e-5,6.564966670606371e-5,5.952794653584447e-5,5.398459301340745e-5,4.896408774647922e-5,4.441634683977481e-5,4.0296175849525366e-5,3.656278108738766e-5,3.317933122479232e-5,3.011256382924707e-5,2.7332432058466073e-5,2.4811787271984925e-5,2.2526093785018848e-5,2.0453172407203235e-5,1.857296976636618e-5,1.6867350747446007e-5,1.5319911663973988e-5,1.3915812030670493e-5,1.2641623034492951e-5,1.148519100298165e-5,1.0435514346409123e-5,9.482632612159544e-6,8.617526428659252e-6,7.832027245208221e-6,7.1187358876562265e-6,6.470949048532481e-6,5.882592922442666e-6,5.348163277700649e-6,4.862671326675953e-6,4.421594823544129e-6,4.020833873933369e-6,3.6566709941369827e-6,3.3257350041778546e-6,3.0249683795373895e-6,2.7515977248575394e-6,2.503107065653726e-6,2.2772136850684855e-6,2.0718462587771596e-6,1.8851250661711846e-6,1.7153440777531665e-6,1.5609547379469434e-6,1.42055128064102e-6,1.2928574304175575e-6,1.1767143568752418e-6,1.0710697624571911e-6,9.749679955140923e-7,8.875410910563671e-7,4.040003255608384e-7
0.012617719507186986,0.019964102422415475,0.016789127451480312,0.014379157359726502,0.012444023903927015,0.010845046703451294,0.009500222458966923,0.008355322628972872,0.007371906233132275,0.006521407273658769,0.005781865182239221,0.005135962486799109,0.004569771939293477,0.004071916963373237,0.003632986779943781,0.0032451157744012443,0.002901672861802776,0.0025970269044298736,0.0023263661614425224,0.0020855570372133453,0.0018710320018604093,0.0016796995582427643,0.0015088711348854658,0.001356201157012276,0.0012196375064876669,0.0010973802632514643,0.00098784711488634,0.0008896441836634128,0.0008015412909873031,0.0007224508830387128,0.0006514099975706497,0.000587564772138699,0.000530157087808061,0.000478513016389584,0.00043203279783440504,0.00039018212133727463,0.00035248452160131,0.0003185147322640981,0.0002878928636617373,0.0002602792926940352,0.0002353701695089836,0.00021289345989143962,0.0001926054540176696,0.00017428768214775795,0.00015774418608246327,0.00014279910228820383,0.00012929451855751145,0.00011708857111098966,0.00010605375340580134,9.607541161881753e-5,8.705040495729011e-5,7.888591170713915e-5,7.149836427687464e-5,6.481249856572454e-5,5.8760504763215966e-5,5.328126822204881e-5,4.831969040334453e-5,4.382608106866454e-5,3.9755613913967014e-5,3.6067838754114644e-5,3.272624413946132e-5,2.9697864990856906e-5,2.6952930448362138e-5,2.4464547660921253e-5,2.2208417721960173e-5,2.0162580372124113e-5,1.8307184464369953e-5,1.662428150658846e-5,1.5097639892241348e-5,1.3712577686631258e-5,1.2455812061182541e-5,1.131532367286265e-5,1.0280234466231739e-5,9.340697534601845e-6,8.48779782170581e-6,7.713462569586298e-6,7.010380533891211e-6,6.371929089429439e-6,5.7921084371419305e-6,5.265482206169239e-6,4.7871238164288234e-6,4.3525680311237534e-6,3.957767187854548e-6,3.599051646955393e-6,3.2730940432652345e-6,2.9768769692684104e-6,2.707663753808711e-6,2.4629720350353055e-6,2.2405498555316293e-6,2.0383540353157494e-6,1.854530601743911e-6,1.6873970777368065e-6,1.5354264492666581e-6,1.3972326502892927e-6,1.271557419518233e-6,1.1572583974305135e-6,1.0532983448320765e-6,9.587353759482626e-7,8.727141091355748e-7,7.9445764790863e-7,3.6163015672711995e-7
