0.061341554748364224,0.10062458952777042,0.08686042269449357,0.07616112291838717,0.0673840267996686,0.059983496839589145,0.05363666257582578,0.048129551284227245,0.04330994552489009,0.03906418247897192,0.03530435615504812,0.031960656272838395,0.02897648958255239,0.02630521866473612,0.023907895017918734,0.021751631748912648,0.01980840351315255,0.0180541410815811,0.016468034691530575,0.015031988879948388,0.01373018951130206,0.012548755426000313,0.011475454944377683,0.010499472798424003,0.00961121678178023,0.008802156045017162,0.008064684871311067,0.007392007163443681,0.006778037912814394,0.006217318700918795,0.005704944881251228,0.0052365025481371785,0.004808013754775936,0.004415888724118439,0.0040568840176118115,0.0037280658040046016,0.003426777513780177,0.0031506112790342516,0.0028973826537987135,0.002665108187197625,0.002451985485058532,0.0022563754490386584,0.002076786426391003,0.0019118600409276654,0.00176035850632867,0.0016211532498522918,0.0014932146970183142,0.0013756030865809885,0.0012674602017898398,0.0011680019179208662,0.0010765114781468785,0.0009923334204549952,0.0009148680871213545,0.0008435666563699554,0.0007779266427358714,0.0007174878184918916,0.0006618285138963297,0.0006105622586255327,0.0005633347307372367,0.0005198209832612665,0.00047972292146413256,0.0004427670067774364,0.00040870216586176913,0.00037729788539466336,0.00034834247519263326,0.00032164148398571794,0.00029701625378389124,0.0002743026000537104,0.0002533496062424442,0.0002340185223065677,0.00021618175783876155,0.00019972196131837813,0.0001845311778120454,0.00017051007815249448,0.0001575672533101662,0.0001456185682055318,0.00013458656977177828,0.00012439994456342907,0.00011499302159704303,0.00010630531653022532,9.828111362783151e-5,9.086908227158661e-5,8.402192508428011e-5,7.769605496604358e-5,7.18512985992824e-5,6.645062419857435e-5,6.145989145532756e-5,5.684762182471548e-5,5.25847874489505e-5,4.8644617173872586e-5,4.50024182302892e-5,4.163541228612824e-5,3.852258468645391e-5,3.5644545790154756e-5,3.2983403413267844e-5,3.0522645467300435e-5,2.8247031959424598e-5,2.6142495594440318e-5,2.4196050274914477e-5,2.239570685986039e-5,1.0365197798482644e-5
0.10062458952777042,0.16506515864830051,0.1424868019961596,0.1249359158496901,0.11053813023673786,0.09839840783526421,0.08798712756956428,0.07895329888093228,0.07104723152458337,0.06408247833233394,0.057914842341475925,0.05242980988035484,0.04753454782560396,0.043152554094856965,0.03921993911985888,0.035682756491737355,0.03249503444563817,0.02961729063569718,0.027015389388503785,0.024659647440303245,0.02252412371244883,0.020586047893848936,0.018825355409008482,0.017224305105020377,0.01576716209024237,0.014439932482168072,0.013230139951943276,0.012126636242601074,0.011119439543654408,0.010199595883774781,0.00935905968339737,0.008590590361271244,0.00788766247256531,0.007244387317644041,0.006655444323809573,0.006116020792913346,0.005621758842923888,0.005168708558943011,0.004753286525300188,0.004372239037291517,0.004022609394861126,0.003701708768174314,0.00340709019731672,0.0031365253497544904,0.002887983709369518,0.0026596139150227016,0.002449727003530411,0.002256781342688384,0.0020793690673403045,0.0019162038544276103,0.0017661098927826205,0.0016280119208786706,0.0015009262201901262,0.0013839524651287176,0.0012762663418304787,0.0011771128576454973,0.0010858002720375085,0.0010016945871566783,0.0009242145428804971,0.0008528270672707033,0.000787043138232496,0.0007264140169907733,0.0006705278180691807,0.0006190063839297735,0.0005715024357476357,0.0005276969745964758,0.0004872969099807122,0.00045003289474728446,0.00041565734757388617,0.00038394264606696725,0.0003546794750403934,0.0003276753160722703,0.00030275306575284263,0.00027974977118669017,0.00025851547243871745,0.0002389121424881983,0.0002208127161767116,0.00020410020043277674,0.00018866685869673664,0.00017441346315855448,0.00016124860898322118,0.00014908808520265864,0.0001378542974696151,0.00012747573824034835,0.00011788650037783399,0.00010902583052774077,0.00010083771890395535,9.32705224448e-5,8.627661854146494e-5,7.98120868074517e-5,7.383641654554423e-5,6.831223778969555e-5,6.32050739812701e-5,5.8483114489603144e-5,5.4117005352788536e-5,5.007965674318714e-5,4.634606579096562e-5,4.2893153518745145e-5,3.9699614733151455e-5,3.674577982396899e-5,1.700674375561972e-5
0.08686042269449357,0.1424868019961596,0.1229971031373518,0.10784709791337743,0.0954188396065827,0.08493973659350451,0.07595262267357228,0.06815452455587057,0.06132991082138961,0.055317841115254396,0.049993845214106325,0.045259075336055,0.04103339821958618,0.037250777460988926,0.03385606370496552,0.03080269047462425,0.028050974961844166,0.025566835990892822,0.023320807607310146,0.02128726715633067,0.01944382222188268,0.01777081738282965,0.016250932800500106,0.0148688542086165,0.01361099914168018,0.012465287970982813,0.011420951019167236,0.010468365000641827,0.009598913507391227,0.008804867363823327,0.00807928152031881,0.007415905804426248,0.006809107352396232,0.006253802942114195,0.005745399761989872,0.005279743401207931,0.004853072049754825,0.0044619760584023865,0.004103362143606681,0.0037744216318502805,0.0034726022274958607,0.0031955828638808303,0.002941251259775457,0.002707683856330828,0.0024931278529541703,0.0022959850986515318,0.0021147976272558253,0.0019482346515014362,0.0017950808545261487,0.0016542258371811808,0.0015246545966445882,0.0014054389268964435,0.0012957296440785637,0.001194749551253059,0.0011017870668357764,0.0010161904492471743,0.0009373625579675894,0.0008647560977055845,0.0007978692980268286,0.0007362419861014005,0.000679452014404669,0.0006271120093739608,0.0005788664105380731,0.0005343887726332493,0.0004933793060822086,0.00045556263363127035,0.0004206857432361658,0.00038851611909795566,0.0003588400346179058,0.0003314609926256939,0.0003061982995622974,0.0002828857616169302,0.00026137049195267773,0.0002415118191485422,0.00022318028795770273,0.000206256744237035,0.00019063149669826945,0.00017620354881928233,0.00016287989480698014,0.00015057487409814944,0.00013920957936978734,0.00012871131346561208,0.00011901309109144153,0.00011005318145260743,0.00010177468837338239,9.412516474962022e-5,8.705625843138183e-5,8.052338691235425e-5,7.448543841034731e-5,6.890449715385525e-5,6.374559085174907e-5,5.897645851378496e-5,5.4567336946793974e-5,5.0490764381337346e-5,4.672139982686021e-5,4.3235856864382266e-5,4.001255069694656e-5,3.7031557381450434e-5,3.4274484245501165e-5,3.17243505835044e-5,1.4682738901789926e-5
0.07616112291838717,0.1249359158496901,0.10784709791337743,0.09456335336165367,0.08366605721090004,0.07447779675025434,0.06659772606142811,0.0597601964142318,0.05377622857606412,0.04850470904091575,0.04383650149775742,0.039684935519197495,0.03597974966139472,0.032663042675035725,0.02968645912939072,0.02700916910559359,0.02459637832216005,0.022418204039991618,0.020448810172963072,0.01866573046387715,0.01704933095004102,0.015582377485085008,0.014249683778810862,0.013037822042931135,0.011934882946889908,0.010930274861168238,0.010014554734385755,0.009179284683410782,0.0084169096665547,0.007720652578004389,0.007084423843446069,0.006502743166121594,0.0059706715142473915,0.005483751790017866,0.005037956895288034,0.004629644128975624,0.00425551502922264,0.0039125799151913665,0.003598126501545326,0.003309692054735927,0.003045038638723352,0.0028021310641022923,0.002579117209307931,0.0023743104290516875,0.0021861738031126177,0.0020133060120169285,0.0018544286540903704,0.001708374841640485,0.001574078934735608,0.0014505672884083769,0.0013369499041170456,0.0012324128895061098,0.0011362116414355868,0.001047664677324825,0.0009661480484153898,0.0008910902758060696,0.0008219677568151937,0.0007583005949442813,0.0006996488116606248,0.0006456089028730114,0.0005958107066371329,0.0005499145522811673,0.0005076086642237226,0.0004686067963837349,0.00043264607559220444,0.00039948503453621394,0.0003689018167783546,0.0003406925379824599,0.0003146697891139357,0.0002906612687731576,0.0002685085329839536,0.0002480658519147501,0.00022919916400549085,0.00021178511884410028,0.00019571020098862416,0.000180869927593379,0.00016716811339480622,0.00015451619721608108,0.0001428326246343519,0.00013204228197614227,0.0001220759772318082,0.0001128699638615234,0.00010436550385633028,9.650846669876159e-5,8.924896118922055e-5,8.254099737711653e-5,7.634217605116309e-5,7.061340348870466e-5,6.531862934591108e-5,6.0424605772955347e-5,5.5900665980378704e-5,5.1718520650020786e-5,4.7852070721687975e-5,4.427723520066191e-5,4.0971792756749567e-5,3.791523598290652e-5,3.5088637278962525e-5,3.247452541663186e-5,3.0056771912166766e-5,2.78204864124147e-5,1.2875960183946053e-5
0.0673840267996686,0.11053813023673786,0.0954188396065827,0.08366605721090004,0.07402466751068326,0.06589533583219875,0.0589234174273181,0.05287388199474141,0.04757953184126684,0.04291551801271176,0.038785283065442155,0.03511214602494239,0.03183394360263048,0.02889944807000855,0.026265877267974358,0.023897107161163278,0.02176235368696755,0.019835178224280436,0.01809272239172821,0.01651510923478028,0.015084967647882808,0.013787049743972324,0.012607919461443629,0.011535696560988962,0.010559844248983846,0.009670991560034453,0.008860783727168975,0.00812175530132167,0.007447221923836594,0.006831187512213954,0.006268264275622243,0.0057536034803675196,0.005282835276296402,0.004852016204133808,0.004457583246953278,0.0040963134835686615,0.0037652885591202417,0.0034618633136143107,0.0031836380137314213,0.0029284337182126016,0.0026942703765950107,0.002479347319760579,0.0022820258491631565,0.0021008136727154736,0.001934350968916941,0.0017813978903593528,0.0016408233424778165,0.0015115948940043582,0.0013927696939038704,0.0012834862849326438,0.0011829572172351623,0.0010904623770807108,0.001005342955509813,0.0009269959905754202,0.0008548694244360881,0.0007884576229711775,0.0007272973115181169,0.00067096388539108,0.0006190680582144198,0.000571252815224018,0.0005271906419299539,0.0004865810017666457,0.0004491480390830891,0.0004146384861505453,0.00038281975508579896,0.000353478197464353,0.00032641751617867084,0.0003014573155011727,0.0002784317767606367,0.000257188448270323,0.0002375871391757725,0.0002194989079125362,0.00020280513684489947,0.00018739668542694507,0.000173173114981487,0.00016004197877820875,0.0001479181717094144,0.00013672333439552608,0.00012638530698149807,0.00011683762834678157,0.00010801907682786048,9.987324888996061e-5,9.234817253052341e-5,8.539595244564432e-5,7.897244427525966e-5,7.303695548426469e-5,6.755197062729458e-5,6.248289896209963e-5,5.779784253744612e-5,5.3467383060410616e-5,4.9464385973693476e-5,4.5763820321444875e-5,4.234259310404332e-5,3.917939692304345e-5,3.625456982864694e-5,3.354996636816877e-5,3.104883892021866e-5,2.873572847953581e-5,2.659636411950152e-5,2.4617570429603182e-5,1.1393591142581775e-5
0.059983496839589145,0.09839840783526421,0.08493973659350451,0.07447779675025434,0.06589533583219875,0.05865885069407617,0.05245265112337649,0.04706752276220427,0.04235463303640308,0.03820284646284344,0.034526211484537384,0.03125646974923679,0.028338285943438346,0.02572605913346926,0.023381706280102166,0.021273071129575882,0.019372750851176734,0.017657210747553553,0.01610610310450805,0.014701734153145574,0.013428640730624886,0.012273249678715792,0.011223600654901883,0.010269118249175924,0.009400422935318092,0.008609172963285117,0.007887931164995698,0.007230052010556515,0.006629585268602051,0.006081193386838726,0.005580080293094383,0.0051219297655175355,0.004702851868430946,0.004319336225425199,0.003968211117760176,0.0036466075693594724,0.003351927719867767,0.003081816898944649,0.0028341389080373744,0.0026069540915357806,0.0023984998410424077,0.0022071732287375356,0.002031515508903313,0.0018701982632708808,0.0017220109957634122,0.0015858500085172977,0.0014607084130776951,0.0013456671489927956,0.0012398868983411818,0.0011426007983994443,0.0010531078664750386,0.00097076706133091,0.000894991914235619,0.0008252456706076411,0.0007610368899635678,0.0007019154575881089,0.0006474689666224678,0.0005973194337712071,0.0005511203157213488,0.0005085537970347023,0.0004693283231586125,0.0004331763550782519,0.00039985232456031874,0.0003691307710074511,0.0003408046429196577,0.00031468374862894145,0.00029059334255867545,0.00026837283450955457,0.0002478746107636119,0.00022896295689258956,0.00021151307307331994,0.00019541017362291772,0.00018054866325054823,0.00016683138320829245,0.0001541689211949182,0.0001424789793878804,0.00013168579552810377,0.00012171961245729945,0.00011251619188937375,0.00010401636860836753,9.616564162033612e-5,8.891379908711823e-5,8.221457417793799e-5,7.602532919607163e-5,7.030676559113304e-5,6.502265768244786e-5,6.013960808856937e-5,5.5626823051374476e-5,5.1455905986455075e-5,4.760066775084232e-5,4.403695223101627e-5,4.074247598580792e-5,3.7696680787333773e-5,3.48805979928275e-5,3.2276723779153934e-5,2.9868904348459135e-5,2.7642230290180403e-5,2.5582939356056603e-5,2.367832696003588e-5,2.191666377752299e-5,1.01435599359254e-5
0.05363666257582578,0.08798712756956428,0.07595262267357228,0.06659772606142811,0.0589234174273181,0.05245265112337649,0.04690314457117595,0.04208782331660599,0.037873604821609064,0.03416111436098501,0.030873496054991012,0.02794971484978681,0.025340291152633143,0.02300444961223419,0.02090813719285589,0.01902260044463583,0.017323336312518256,0.01578930053264821,0.014402298565162674,0.013146508965312997,0.012008104844289047,0.010974949312076127,0.010036347622179198,0.009182843404226065,0.008406049621356881,0.0076985071943505845,0.007053565902660153,0.006465283392862953,0.005928339034075497,0.005437960041616202,0.004989857812585888,0.004580172817933395,0.004205426706619414,0.0038624805234643844,0.0035484981358370887,0.003260914119227562,0.0029974054770977657,0.0027558666702853438,0.002534387514455498,0.0023312335717504615,0.0021448287180718534,0.0019737396141491573,0.0018166618470723192,0.0016724075416933298,0.0015398942680447843,0.0014181350944491578,0.0013062296556765468,0.0012033561218969882,0.0011087639687577602,0.0010217674611417288,0.000941739773729966,0.0008681076807927172,0.0008003467553289977,0.0007379770247705995,0.0006805590364934808,0.0006276902914841374,0.0005790020092282279,0.0005341561909157598,0.0004928429515389156,0.0004547780947374482,0.00041970090682583346,0.00038737214900953776,0.0003575722289678382,0.0003300995348309707,0.00030476891634720425,0.00028141029952865985,0.000259867422482192,0.0002399966812496792,0.00022166607563526338,0.00020475424597599188,0.0001891495926317644,0.00017474947078421508,0.00016145945383530232,0.00014919265930947142,0.00013786913176351816,0.00012741527767467066,0.00011776334776843504,0.00010885096267272557,0.00010062067812619023,9.301958633601832e-5,8.599895038008051e-5,7.951386881697477e-5,7.352296794294055e-5,6.798811933250107e-5,6.287418052619846e-5,5.8148756920961076e-5,5.378198307028656e-5,4.9746321774340714e-5,4.601637946819782e-5,4.256873655890457e-5,3.93817914621287e-5,3.643561720687136e-5,3.3711829573780184e-5,3.119346581282321e-5,2.8864873074547852e-5,2.6711605757687943e-5,2.4720331044554827e-5,2.2878741959483917e-5,2.1175477335035986e-5,1.960004812657151e-5,9.071384781803217e-6
0.048129551284227245,0.07895329888093228,0.06815452455587057,0.0597601964142318,0.05287388199474141,0.04706752276220427,0.04208782331660599,0.03776691958543854,0.033985395045574296,0.03065407956642674,0.027704009423620835,0.02508041709170472,0.022738903885638373,0.020642881530641477,0.018761793759019874,0.017069839679876297,0.015545032329080832,0.014168488355214948,0.012923881497349465,0.01179701490110699,0.010775481451616609,0.009848390491290854,0.00900614541675085,0.008240260836237884,0.007543210885912172,0.006908302371781333,0.006329567900910937,0.00580167526059161,0.005319850119827316,0.004879809739239974,0.004477705844224356,0.004110075175919964,0.0037737965136680207,0.003466053183337481,0.0031843002395956777,0.002926235649180882,0.002689774914712499,0.002473028668197888,0.0022742828380701574,0.0020919810542973163,0.001924709005711664,0.001771180505629126,0.0016302250563964699,0.0015007767328703327,0.0013818642288293131,0.0012726019314297406,0.0011721819064785602,0.0010798666920022737,0.0009949828106771384,0.0009169149226566538,0.0008451005498134462,0.0007790253107594538,0.0007182186129131921,0.0006622497542504331,0.0006107243927826501,0.0005632813463878495,0.000519589689853649,0.00047934611960593135,0.000442272559720425,0.0004081139857570106,0.00037663644527066806,0.000347625256162133,0.00032088336597840394,0.00029622985693366494,0.0002734985830074822,0.0002525369268168848,0.00023320466523111313,0.00021537293370079823,0.00019892328030828455,0.00018374680142410355,0.0001697433515899403,0.0001568208209786477,0.00014489447441091855,0.00013388634645842288,0.00012372468770187718,0.00011434345763089437,0.00010568186011320922,9.768391774211157e-5,9.029808167730006e-5,8.347687392401787e-5,7.717655926412349e-5,7.135684429389528e-5,6.598060127047307e-5,6.101361464641857e-5,5.64243483751226e-5,5.2183732242232694e-5,4.8264965614354e-5,4.464333715142421e-5,4.12960591441462e-5,3.820211526568641e-5,3.534212061665257e-5,3.269819304799757e-5,3.0253834833579487e-5,2.799382383610971e-5,2.5904113389587312e-5,2.3971740182834205e-5,2.2184739490352975e-5,2.0532067154023633e-5,1.9003527763501596e-5,1.758970853335957e-5,8.140959208950048e-6
0.04330994552489009,0.07104723152458337,0.06132991082138961,0.05377622857606412,0.04757953184126684,0.04235463303640308,0.037873604821609064,0.033985395045574296,0.030582546968666247,0.02758482099144932,0.024930160196164897,0.022569282076459973,0.020462234498828502,0.01857609350630912,0.016883363027568765,0.015360826105027259,0.013988697734026778,0.012749985689047283,0.011629998737505004,0.010615961789806422,0.00969671025110691,0.008862444109223044,0.008104527805961798,0.007415325706806336,0.0067880656088064595,0.006216724587715522,0.005695932832402495,0.0052208920999227,0.004787306158625396,0.004391321137140122,0.004029474118877871,0.0036986486453848277,0.0033960360430379255,0.0031191016861785714,0.002865555466079202,0.002633325860197974,0.002420537097389708,0.0022254889953901846,0.0020466391140850845,0.0018825869227021355,0.0017320597237046528,0.0015939001138867287,0.0014670547942767335,0.001350564566880194,0.0012435553778875445,0.0011452302859666294,0.0010548622501544702,0.0009717876450947849,0.0008954004231438925,0.0008251468527391385,0.0007605207709560861,0.000701059295690927,0.0006463389491184052,0.0005959721498050245,0.0005496040357237664,0.0005069095845382319,0.0004675910013349528,0.0004313753472343432,0.00039801238512186636,0.00036727262138868365,0.0003389455246535092,0.0003128379045151588,0.000288772435137437,0.00026658630996213243,0.00024613001527322344,0.0002272662115411269,0.00020986871262039346,0.0001938215537769755,0.00017901814045234114,0.0001653604704621417,0.00015275842298876924,0.00014112910838425842,0.00013039627336603214,0.00012048975668307958,0.0001113449908148852,0.00010290254564189558,9.510771042292696e-5,8.791011075796602e-5,8.126335749052268e-5,7.512472480033063e-5,6.945485497905093e-5,6.421748759865187e-5,5.9379211004478025e-5,5.490923422482976e-5,5.077917757175779e-5,4.6962880362964605e-5,4.343622431714851e-5,4.017697131473638e-5,3.716461431943041e-5,3.438024037100823e-5,3.1806404640632524e-5,2.9427014634977855e-5,2.722722371385712e-5,2.5193333150804647e-5,2.3312702037507388e-5,2.157366438832164e-5,1.996545285655769e-5,1.8478128525770588e-5,1.710251627919687e-5,1.5830145295638465e-5,7.326597129341081e-6
0.03906418247897192,0.06408247833233394,0.055317841115254396,0.04850470904091575,0.04291551801271176,0.03820284646284344,0.03416111436098501,0.03065407956642674,0.02758482099144932,0.024880966151466677,0.022486542498929563,0.020357099413066404,0.01845660183651987,0.016755353801198525,0.015228555040419589,0.013855264850348159,0.012617637990604558,0.011500348179507985,0.010490144526036721,0.009575504413282449,0.008746357818117612,0.007993865510059317,0.007310238544609993,0.006688589864628225,0.006122811190830121,0.00560747006122618,0.005137723094225027,0.004709242438872968,0.004318153037731656,0.003960978824385841,0.003634596358012221,0.0033361946894049227,0.0030632404793784346,0.002813447569604173,0.002584750346909123,0.002375280354865436,0.0021833456977872964,0.002007412854993701,0.0018460905838018488,0.0016981156389862737,0.001562340076702376,0.0014377199448959398,0.001323305190276982,0.001218230635769809,0.001121707901827848,0.0010330181621346184,0.0009515056385475153,0.0008765717520763522,0.0008076698573097063,0.000744300496605942,0.0006860071180612125,0.0006323722080406637,0.0005830137946635956,0.0005375822838010712,0.0004957575935337511,0.00045724655673528604,0.00042178056488392617,0.00038911342913761776,0.0003590194372436392,0.00033129158724174747,0.0003057399807981642,0.0002821903608816838,0.0002604827800736882,0.00024047038715136176,0.0002220183208708421,0.00020500270096456344,0.0001893097073993777,0.00017483473975626884,0.00016148164943233538,0.00014916203807861664,0.0001377946162841562,0.00012730461710934362,0.00011762325958212952,0.0001086872577173042,0.00010043837105614718,9.28229930634249e-5,8.579177407633666e-5,7.92992758095201e-5,7.330365466883763e-5,6.776637139424731e-5,6.265192477021781e-5,5.79276073378696e-5,5.3563281243572446e-5,4.953117250289002e-5,4.5805682123680456e-5,4.236321267217372e-5,3.9182008976253895e-5,3.6242011786126894e-5,3.352472330586339e-5,3.1013083613068274e-5,2.8691357056800644e-5,2.654502780962721e-5,2.4560703820353637e-5,2.2726028472432784e-5,2.102959931745774e-5,1.9460893303082554e-5,1.8010197964715745e-5,1.6668548096835452e-5,1.542766745576935e-5,1.4279915086509785e-5,6.609117950472391e-6
0.03530435615504812,0.057914842341475925,0.049993845214106325,0.04383650149775742,0.038785283065442155,0.034526211484537384,0.030873496054991012,0.027704009423620835,0.024930160196164897,0.022486542498929563,0.020322571712928283,0.01839807602736221,0.016680489099384854,0.015142973464734033,0.013763116092947225,0.012521991989469294,0.01140347365000996,0.010393710051353366,0.009480725782145538,0.008654107340558381,0.007904753991563512,0.0072246773168632705,0.006606838084192823,0.006045012133850863,0.0055336791199607355,0.005067929461075954,0.004643385952716378,0.004256137297608875,0.0039026814077104677,0.003579876780788596,0.0032849005981499257,0.0030152124539685257,0.0027685228313834367,0.0025427656024274853,0.002336073956250302,0.0021467592620405818,0.00197329245555309,0.0018142876038849329,0.001668487357918004,0.0015347500463717516,0.0014120382017985302,0.0012994083396008077,0.0011960018365058216,0.001101036776472688,0.001013800649608279,0.0009336438051520263,0.0008599735725450634,0.0007922489753854657,0.0007299759726699349,0.0006727031697692093,0.0006200179485387133,0.0005715429720882948,0.0005269330247995169,0.0004858721528494189,0.0004480710744664499,0.00041326483250386445,0.0003812106650223192,0.0003516860722238774,0.0003244870603710684,0.00029942654548289604,0.00027633290129712353,0.00025504863768177535,0.00023542919710715666,0.00021734185800744224,0.00020066473502446374,0.0001852858671091001,0.00017110238538868908,0.0001580197534446705,0.0001459510734037328,0.0001348164518900014,0.00012454242042517043,0.00011506140539906161,0.0001063112431945604,9.823473645441828e-5,9.077924787250099e-5,8.389632819901243e-5,7.754137547243893e-5,7.167332277066042e-5,6.625435199837746e-5,6.124963146980416e-5,5.6627075242762174e-5,5.2357122337166277e-5,4.841253415216961e-5,4.4768208526479005e-5,4.140100903544757e-5,3.82896082450387e-5,3.541434374256783e-5,3.275708587794626e-5,3.0301116233478293e-5,2.80310159340467e-5,2.5932562975368575e-5,2.3992637825516222e-5,2.2199136618761804e-5,2.0540891313619255e-5,1.9007596245183898e-5,1.758974054698705e-5,1.6278545962776828e-5,1.5065909610667745e-5,1.3944351294624304e-5,1.2906964995060505e-5,5.9736871008948084e-6
0.031960656272838395,0.05242980988035484,0.045259075336055,0.039684935519197495,0.03511214602494239,0.03125646974923679,0.02794971484978681,0.02508041709170472,0.022569282076459973,0.020357099413066404,0.01839807602736221,0.016655845303261807,0.015100925666760634,0.013709021756063033,0.01245984354021576,0.011336258621544831,0.010323667102057982,0.00940952992697966,0.008583005988002768,0.007834668136519007,0.007156277641030356,0.006540602724782851,0.005981270887672752,0.005472647496703745,0.005009735066241805,0.004588089022718622,0.004203746742399914,0.0038531673779423348,0.0035331805310907516,0.003240942235062369,0.002973897021411806,0.0027297450850377325,0.0025064137463169586,0.0023020325559097513,0.0021149115031122573,0.001943521880917655,0.0017864794356333147,0.0016425294884124808,0.0015105337656435742,0.0013894587154495049,0.001278365120489653,0.001176398845093074,0.0010827825777047322,0.0009968084491259153,0.0009178314229643172,0.0008452633687259063,0.0007785677397089789,0.0007172547876254307,0.0006608772545634422,0.0006090264901904823,0.0005613289483912889,0.0005174430230773883,0.0004770561874900131,0.0004398824055460507,0.0004056597873677986,0.0003741484641786204,0.00034512866055875276,0.0003183989444549649,0.00029377463741212147,0.0002710863694485059,0.0002501787645334151,0.000230909244158738,0.00021314693778922995,0.00019677169007869394,0.00018167315579251195,0.00016774997426678793,0.00015490901607889294,0.00014306469527035045,0.00013213834115015236,0.00012205762428984341,0.00011275603180994432,0.00010417238754222317,9.625041306996775e-5,8.89383260138201e-5,8.218847228836203e-5,7.595698933250791e-5,7.020349760939511e-5,6.489081792463575e-5,5.9984712315232095e-5,5.545364648036383e-5,5.126857190373784e-5,4.74027259773184e-5,4.383144860035785e-5,4.0532013845547346e-5,3.7483475419092054e-5,3.4666524756013744e-5,3.20633606823485e-5,2.9657569678945934e-5,2.7434015857908094e-5,2.5378739847617686e-5,2.3478865841912227e-5,2.1722516139128622e-5,2.0098732554563203e-5,1.8597404137704284e-5,1.7209200678303474e-5,1.5925511526200108e-5,1.4738389290723985e-5,1.364049802355413e-5,1.2625065518353487e-5,1.1685839393827687e-5,5.408523327667198e-6
0.02897648958255239,0.04753454782560396,0.04103339821958618,0.03597974966139472,0.03183394360263048,0.028338285943438346,0.025340291152633143,0.022738903885638373,0.020462234498828502,0.01845660183651987,0.016680489099384854,0.015100925666760634,0.013691183007795926,0.012429234495058478,0.011296684798723283,0.010278001350604554,0.009359947588255091,0.008531155343878688,0.007781795836519084,0.007103322205268631,0.006488265028876311,0.005930067809162623,0.005422953083769666,0.0049618123543763715,0.004542114772595099,0.004159830770914891,0.003811367727203002,0.003493515410481929,0.0032033994467483423,0.002938441411862329,0.002696324440717525,0.002474963458462355,0.002272479307561602,0.0020871761773584713,0.001917521847360236,0.00176213033913665,0.0016197466394328244,0.0014892332110508291,0.0013695580530093746,0.0012597841080349698,0.0011590598453028803,0.001066610871582,0.000981732444747769,0.0009037827813057446,0.0008321770640143597,0.000766382068403482,0.0007059113376180395,0.000650320843869099,0.0005992050826520677,0.0005521935524965861,0.0005089475787200051,0.0004691574446811699,0.00043253979818792115,0.00039883530454503345,0.00036780652098481696,0.00033923596998004617,0.0003129243914884493,0.00028868915635326623,0.00026636282496509626,0.000245791837061575,0.0002268353199346004,0.00020936400370481258,0.00019325923349534143,0.0001784120693362921,0.00016472246558645563,0.0001520985224652935,0.00014045580305403196,0.00012971670972860465,0.00011980991461013699,0.00011066983914749572,0.00010223617838905127,9.445346594042794e-5,8.727067598371992e-5,8.064085906487012e-5,7.452080868019834e-5,6.887075594495568e-5,6.365408989209291e-5,5.883710117897292e-5,5.438874716419883e-5,5.028043651517794e-5,4.648583166888564e-5,4.298066761344421e-5,3.974258560692412e-5,3.675098055666364e-5,3.398686090477841e-5,3.143271996935092e-5,2.9072417772704772e-5,2.6891072481592692e-5,2.4874960653337185e-5,2.3011425558931763e-5,2.1288792908167405e-5,1.9696293365454524e-5,1.8223991297440176e-5,1.6862719236861667e-5,1.5604017594870285e-5,1.4440079191092381e-5,1.3363698207783487e-5,1.2368223208935616e-5,1.144751389188582e-5,1.059590126919609e-5,4.904075502194875e-6
0.02630521866473612,0.043152554094856965,0.037250777460988926,0.032663042675035725,0.02889944807000855,0.02572605913346926,0.02300444961223419,0.020642881530641477,0.01857609350630912,0.016755353801198525,0.015142973464734033,0.013709021756063033,0.012429234495058478,0.011283615883250747,0.010255466609510266,0.009330686174368968,0.008497258390017276,0.00774486319575482,0.007064577985334608,0.006448643879117255,0.005890280097176015,0.005383534611463681,0.004923162603222661,0.004504526540019219,0.004123513280956018,0.003776464748960831,0.0034601195271086044,0.003171563334360375,0.002908186781875037,0.002667649145358747,0.002447847145079729,0.002246887921769504,0.002063065549158735,0.0018948405445154068,0.00174082193347503,0.0015997515014051153,0.00147048992501397,0.0013520045268935604,0.0012433584364947362,0.0011437009742086765,0.0010522591023392064,0.000968329809659798,0.0008912733151401966,0.0008205069924761693,0.0007554999301698645,0.0006957680534443057,0.0006408697439284922,0.0005904019010854588,0.0005439963965076372,0.000501316878198866,0.0004620558871441874,0.0004259322530295751,0.00039268873974754315,0.000362089914804126,0.0003339202196983764,0.0003079822208484611,0.00028409502295306897,0.0002620928286515079,0.00024182363005319056,0.0002231480193151886,0.00020593810671128577,0.00019007653589775712,0.00017545558714534464,0.00016197636021422204,0.00014954802941563638,0.00013808716413619927,0.00012751710879592383,0.0001177674167593284,0.00010877333328449326,0.00010047532307496006,9.281863840124934e-5,8.57529241578114e-5,7.923185656503757e-5,7.321281252665145e-5,6.765656694716275e-5,6.252701554275062e-5,5.779092091979816e-5,5.341767990366944e-5,4.937911026775435e-5,4.5649255192980716e-5,4.2204203934885476e-5,3.9021927307132534e-5,3.608212672542616e-5,3.336609565280464e-5,3.08565923983964e-5,2.853772331596542e-5,2.6394835522936216e-5,2.441441834540091e-5,2.2584012757440584e-5,2.0892128152964046e-5,1.9328165837347044e-5,1.7882348683887254e-5,1.6545656447695815e-5,1.5309766268987687e-5,1.416699794111947e-5,1.31102635523453e-5,1.2133021143929923e-5,1.1229232058580682e-5,1.0393321677390732e-5,9.620143270918681e-6,4.452472356733931e-6
0.023907895017918734,0.03921993911985888,0.03385606370496552,0.02968645912939072,0.026265877267974358,0.023381706280102166,0.02090813719285589,0.018761793759019874,0.016883363027568765,0.015228555040419589,0.013763116092947225,0.01245984354021576,0.011296684798723283,0.010255466609510266,0.009321011730862111,0.008480504855034321,0.007723025004439693,0.007039192729792143,0.006420898661228414,0.005861091084582701,0.005353607234247187,0.0048930375582818125,0.004474615254333542,0.004094125454560324,0.0037478298866199383,0.003432403865098979,0.0031448832112517394,0.002882619242798007,0.0026432403806705973,0.0024246192234389577,0.0022248441729507615,0.0020421948734055256,0.0018751208646996947,0.0017222229605074815,0.0015822369478313558,0.0014540192737858768,0.0013365344412432575,0.0012288438794845064,0.0011300960930884507,0.001039517922443011,0.000956406773902331,0.0008801236984343763,0.0008100872147732245,0.0007457677876752146,0.000686682883797576,0.0006323925382021398,0.0005824953732599236,0.000536625019035954,0.0004944468907335242,0.0004556552842258244,0.0004199707554122505,0.0003871377532820141,0.0003569224799974263,0.00032911095447174174,0.00030350725860250373,0.0002799319475963319,0.0002582206079245657,0.00023822254824397687,0.00021979961016838426,0.00020282508723848056,0.00018718274158660564,0.0001727659089399928,0.00015947668357328085,0.00014722517564567461,0.00013592883414603523,0.00012551182933471204,0.00011590448920268835,0.00010704278496689737,9.886786113452685e-5,9.132560610544812e-5,8.436625964711175e-5,7.794405393894048e-5,7.201688519573209e-5,6.654601315285121e-5,6.149578596354377e-5,5.68333882665379e-5,5.252861040099541e-5,4.855363693526788e-5,4.4882852828069986e-5,4.149266570444964e-5,3.8361342862430823e-5,3.546886174599236e-5,3.279677274279486e-5,3.032807325326352e-5,2.8047092078605494e-5,2.5939383260992492e-5,2.3991628576736893e-5,2.2191547960352296e-5,2.052781719451605e-5,1.898999226443909e-5,1.7568439819757524e-5,1.6254273239540257e-5,1.5039293839261302e-5,1.3915936794351813e-5,1.2877221394374844e-5,1.1916705272423415e-5,1.1028442284945406e-5,1.0206943745663395e-5,9.44714273928539e-6,8.744361265628642e-6,4.04713999304344e-6
0.021751631748912648,0.035682756491737355,0.03080269047462425,0.02700916910559359,0.023897107161163278,0.021273071129575882,0.01902260044463583,0.017069839679876297,0.015360826105027259,0.013855264850348159,0.012521991989469294,0.011336258621544831,0.010278001350604554,0.009330686174368968,0.008480504855034321,0.0077157980330915255,0.007026629803482037,0.006404466738087894,0.005841930922806909,0.005332606695444567,0.004870887156753448,0.004451850679466102,0.004071160408586683,0.003724981638248137,0.003409913268613618,0.003122930480948652,0.0028613364454169662,0.002622721370973073,0.0024049275753207783,0.0022060195293341564,0.0020242580421526157,0.0018580779157165925,0.0017060685236308035,0.0015669568689786126,0.0014395927541979645,0.0013229357589329555,0.0012160437726000846,0.0011180628689082192,0.001028218343314253,0.0009458067618284237,0.0008701888920001379,0.0008007834058577391,0.0007370612601964501,0.0006785406728783781,0.0006247826246521156,0.0005753868255382981,0.0005299880928088842,0.00048825309423288464,0.00044987741617462385,0.00041458292108801677,0.0003821153632346764,0.00035224223522528804,0.00032475082110385543,0.0002994464345717762,0.00027615082339244035,0.00025470072308676154,0.00023494654494389533,0.0002167511850041763,0.0001999889420830443,0.00018454453423437118,0.00017031220409725054,0.0001571949046138021,0.00014510355748544078,0.00013395637748531185,0.00012367825646143575,0.00011420020147057336,0.00010545882205762781,9.739586214869912e-5,8.995777249355078e-5,8.309531999017741e-5,7.676323055643992e-5,7.0919862543709e-5,6.552690797175203e-5,6.054911911270843e-5,5.595405819544216e-5,5.171186819061366e-5,4.779506283599357e-5,4.41783342338412e-5,4.083837649060103e-5,3.775372401816515e-5,3.490460323741986e-5,3.227279653375233e-5,2.9841517425898637e-5,2.7595295989733858e-5,2.55198736704796e-5,2.360210669473075e-5,2.182987735519545e-5,2.019201251117188e-5,1.867820869973783e-5,1.7278963310408133e-5,1.5985511316595933e-5,1.4789767104952392e-5,1.3684270983029662e-5,1.266213997823325e-5,1.1717022576917071e-5,1.0843057080268969e-5,1.0034833281479075e-5,9.287357194581578e-6,8.59601858539937e-6,7.956561077703222e-6,3.6825273135401057e-6
0.01980840351315255,0.03249503444563817,0.028050974961844166,0.02459637832216005,0.02176235368696755,0.019372750851176734,0.017323336312518256,0.015545032329080832,0.013988697734026778,0.012617637990604558,0.01140347365000996,0.010323667102057982,0.009359947588255091,0.008497258390017276,0.007723025004439693,0.007026629803482037,0.0063990246222232205,0.0058324384610823204,0.005320152589348204,0.004856324551296309,0.004435848391670952,0.004054242198798866,0.003707556584656213,0.0033922994442010246,0.0031053735366730964,0.002844024282700454,0.002605795787038852,0.002388493547377267,0.0021901526453046785,0.002009010467261804,0.0018434831961894119,0.0016921454626166316,0.0015537126587829714,0.0014270255102129398,0.0013110365706365847,0.0012047983633404688,0.0011074529383178836,0.0010182226514679309,0.0009364020028212149,0.0008613503957507554,0.0007924856995403552,0.0007292785149331255,0.0006712470565074218,0.0006179525778117652,0.0005689952750648122,0.0005240106139131739,0.0004826660310079233,0.00044465796821191797,0.00040970920263511644,0.00037756644020938736,0.0003479981444158972,0.00032079257521276053,0.00029575601605203415,0.000272711169495312,0.00025149570416267784,0.00023196093763444992,0.0002139706416680433,0.00019739995757915747,0.00018213441092208805,0.0001680690158147656,0.00015510746020643094,0.00014316136433599946,0.00013214960543053364,0.0001219977023764118,0.00011263725474859165,0.00010400543113473805,9.60445022144046e-5,8.870141446630248e-5,8.192740080251192e-5,7.56776247899727e-5,6.991085542216806e-5,6.45891697044355e-5,5.967768057518904e-5,5.5144287911781465e-5,5.095945059138923e-5,4.7095977749485795e-5,4.35288375598582e-5,4.0234982017000806e-5,3.7193186327822455e-5,3.438390165524854e-5,3.178912006693974e-5,2.9392250641570587e-5,2.7178005786824134e-5,2.5132296896325534e-5,2.3242138556396424e-5,2.1495560584478153e-5,1.9881527237070322e-5,1.838986298889644e-5,1.701118433231866e-5,1.573683709864054e-5,1.4558838839892477e-5,1.3469825853171659e-5,1.2463004465452197e-5,1.1532106226411616e-5,1.0671346689486493e-5,9.875387486690476e-6,9.139301428082603e-6,8.458540380358928e-6,7.828905697287493e-6,7.246520995365669e-6,3.3539035428637175e-6
0.0180541410815811,0.02961729063569718,0.025566835990892822,0.022418204039991618,0.019835178224280436,0.017657210747553553,0.01578930053264821,0.014168488355214948,0.012749985689047283,0.011500348179507985,0.010393710051353366,0.00940952992697966,0.008531155343878688,0.00774486319575482,0.007039192729792143,0.006404466738087894,0.0058324384610823204,0.005316025180216455,0.004849103241806249,0.004426347651933393,0.004043104682549259,0.003695289375530056,0.003379302129177017,0.0030919601220292595,0.0028304404229251845,0.0025922324119930645,0.002375097698679135,0.0021770361336151192,0.0019962568170576317,0.0018311532360631017,0.00168028183836548,0.0015423434858426316,0.0014161673351353078,0.0013006967757628746,0.0011949771212227157,0.0010981448006865298,0.0010094178410907755,0.0009280874630326306,0.0008535106418893039,0.0007851035083465234,0.0007223354811275694,0.000664724040436545,0.0006118300635943666,0.0005632536553597037,0.0005186304144270161,0.00047762808551108163,0.00043994355305168945,0.0004053001380874919,0.00037344516475593895,0.0003441477669908306,0.0003171969095448991,0.0002923996005952589,0.0002695792757792916,0.000248574335896542,0.00022923682254067778,0.0002114312176432244,0.00019503335449934942,0.00017992942920110316,0.0001660151025752901,0.0001531946838266734,0.00014138038795516537,0.00013049165988165967,0.0001204545589475396,0.0001112011980755525,0.0001026692324747145,9.480139327447965e-5,8.754506195043205e-5,8.085188178004942e-5,7.467740295519524e-5,6.898075830745302e-5,6.372436687821013e-5,5.887366283926837e-5,5.4396847505728315e-5,5.026466238923022e-5,4.645018144170787e-5,4.292862079670367e-5,3.967716448063929e-5,3.6674804709418887e-5,3.390219550066041e-5,3.1341518455505575e-5,2.897635966478179e-5,2.679159678472653e-5,2.4773295420198248e-5,2.2908614019884503e-5,2.118571656426957e-5,1.959369239180566e-5,1.812248255977564e-5,1.6762812194533118e-5,1.550612832893801e-5,1.434454277275595e-5,1.3270779595473965e-5,1.2278126840613106e-5,1.1360392123287697e-5,1.0511861789765006e-5,9.727263347557964e-6,9.001730897656245e-6,8.330773323613665e-6,7.710245013705307e-6,7.1363189089995575e-6,6.605461689018419e-6,3.0572054613734275e-6
