0.0613415547485312,0.1051652643493517,0.09372281390486292,0.08456067208633677,0.07684486858500716,0.07017763931948684,0.06432376902113113,0.059127266566580516,0.0544769427606413,0.050289501594742436,0.04650023500178613,0.0430574672203905,0.03991902695069216,0.03704989609044862,0.03442058019317462,0.03200594210106156,0.029784344185959766,0.027737002821108137,0.02584749281914278,0.024101360357295654,0.022485816012530746,0.020989488039320492,0.019602221682198606,0.018314914180983466,0.017119377814336978,0.016008225225553507,0.014974772649755663,0.01401295766247973,0.01311726881589248,0.012282685083491868,0.011504623461619706,0.01077889340224561,0.010101657001885728,0.00946939407174821,0.00887887136958973,0.008327115397986307,0.007811388275289238,0.007329166263544795,0.006878120605108978,0.006456100373728069,0.006061117088516144,0.005691330876978387,0.005345038003173083,0.0050206596035536205,0.00471673149285759,0.004431894921597929,0.004164888182336776,0.003914538973892864,0.0036797574445983777,0.00345952984506194,0.003252912729005575,0.0030590276483897436,0.002877056294357458,0.002706236041508263,0.0025458558578182466,0.002395252546019251,0.0022538072862840833,0.0021209424531404356,0.001996118682085851,0.0018788321643487121,0.0017686121497308416,0.0016650186398362715,0.0015676402557718572,0.001476092265581267,0.0013900147582987972,0.00130907095257541,0.0012329456291884401,0.0011613436773126075,0.0010939887455881751,0.0010306219898826331,0.0009710009100987183,0.0009148982691990076,0.0008621010881819137,0.0008124097111954949,0.0007656369356226385,0.0007216072021702415,0.0006801558405396049,0.0006411283666759027,0.0006043798277306396,0.0005697741913194623,0.0005371837758878489,0.000506488719196908,0.00047757648230041007,0.000450341386418366,0.00042468418040968875,0.0004005116367584924,0.0003777361740259265,0.00035627550397594916,0.00033605230164170975,0.00031699389681451393,0.0002990319854415703,0.0002821023595965099,0.0002661446547965046,0.0002511021134641448,0.00023692136347454838,0.0002235522107729834,0.00021094744512490608,0.00019906265815397388,0.0001878560728291491,0.00017728838365616006,8.366130344730533e-5
0.1051652643493517,0.1802980588721539,0.1606811445693288,0.14497355729683692,0.13174555249111908,0.12031521014765234,0.11027928123200237,0.10137033723335298,0.09339775729007171,0.08621874012812825,0.07972235130738792,0.07381999873567024,0.06843938459455345,0.06352047437447439,0.0590127032176988,0.054872976320110345,0.05106419840523091,0.047554167042855866,0.044314723067167106,0.04132108698329495,0.03855133271285671,0.03598596461834214,0.033607573448629524,0.031400553475321336,0.029350867697438554,0.02744585124632648,0.025674045480359897,0.02402505697482188,0.0224894368916832,0.021058577164839165,0.019724620669207715,0.018480383101211584,0.017319284727449757,0.016235290501636412,0.015222857316284588,0.014276887368570523,0.013392686793940733,0.012565928854756159,0.011792621086914562,0.011069075900024206,0.010391884199851209,0.009757891666415358,0.009164177372450288,0.00860803447228295,0.008086952725179924,0.007598602650098957,0.007140821135576514,0.006711598349000314,0.006309065810031683,0.005931485508951603,0.005577239964616149,0.005244823129808646,0.0049328320608970355,0.004639959278952166,0.00436498575772426,0.0041067744798672645,0.0038642645097174966,0.00363646553620664,0.003422452843857976,0.0032213626749139496,0.003032387948195797,0.002854774304359528,0.002687816450264488,0.002530854777187279,0.0023832722303997814,0.0022444914094565463,0.00211397188086785,0.001991207685804415,0.001875725027465927,0.0017670801242209086,0.0016648572154072117,0.001568666708084747,0.0014781434539992977,0.0013929451467908256,0.0013127508305887936,0.0012372595114787457,0.001166188864257605,0.0010992740276164585,0.0010362664811229792,0.000976932998144251,0.0009210546692452817,0.0008684259909412934,0.0008188540152965149,0.0007721575559214936,0.0007281664464298208,0.0006867208477793034,0.0006476706009861076,0.0006108746221404494,0.0005762003367521754,0.0005435231508237864,0.0005127259560555111,0.00048369866689214683,0.0004563377873093438,0.00043054600527897384,0.00040623181309712604,0.00038330915183504375,0.00036169707830474487,0.0003413194530915856,0.00032210464821561674,0.0003039852731448892,0.0001434489589985802
0.09372281390486292,0.1606811445693288,0.14319880949303299,0.12920039601360322,0.11741174269248322,0.10722513525660338,0.09828120578115462,0.09034162702959136,0.08323652128525882,0.07683862673558384,0.07104908067886417,0.06578893148289722,0.06099374865647733,0.056610030530700683,0.052592714605661284,0.04890339554728751,0.045509014683273064,0.04238087375035593,0.039493877763703944,0.036825943635604874,0.03435753118798024,0.03207126620498402,0.029951633818560697,0.02798472642604566,0.026158034445334044,0.024460271113305287,0.022881224634386077,0.021411632515180246,0.020043074061254607,0.018767877859515725,0.017579041722714683,0.016470163070897048,0.015435378107177877,0.014469308451142526,0.01356701413058381,0.012723952022069385,0.011935938986010086,0.011199119061084284,0.010509934185926995,0.009865097998554534,0.009261572329173656,0.008696546059652033,0.008167416068670247,0.007671770021991181,0.007207370797566337,0.006772142364518868,0.00636415695891282,0.005981623417509241,0.00562287654898834,0.005286367436387676,0.004970654576900949,0.004674395776861129,0.004396340727857093,0.004135324199067175,0.003890259788237288,0.0036601341790706426,0.003444001858961737,0.003240980255705017,0.0030502452557044993,0.002871027070752291,0.002702606422721021,0.002544311019135173,0.002395512295306615,0.002255622400516931,0.00212409140821139,0.002000404731797724,0.0018840807297197323,0.001774668484340526,0.0016717457409395273,0.0015749169944425864,0.0014838117122014868,0.0013980826823881028,0.0013174044784311813,0.0012414720306135954,0.0011699992969365254,0.001102718025661302,0.0010393766027716016,0.0009797389782414574,0.0009235836652022635,0.0008707028067871728,0.0008209013057829603,0.0007739960125245915,0.0007298149670157735,0.0006881966913115257,0.0006489895286521993,0.0006120510261631348,0.0005772473579903955,0.000544452786135503,0.0005135491563408277,0.0004844254267063284,0.0004569772267246884,0.00043110644469376673,0.00040672084163282524,0.00038373368986627764,0.0003620634346562417,0.0003416333773334432,0.00032237137849322126,0.00030420957996645393,0.0002870841442836579,0.0002709350104944273,0.00012785283265260737
0.08456067208633677,0.14497355729683692,0.12920039601360322,0.1165705327268971,0.10593438184438186,0.09674364583134709,0.0886740924888687,0.08151069605101058,0.07510018789509254,0.06932774869959224,0.06410418163933707,0.05935825422811014,0.055031835369131255,0.051076654261489995,0.047452054163360735,0.04412338461771004,0.041060819078124755,0.0382384650835661,0.035633681153677155,0.033226543227866556,0.03099942153159696,0.028936640483855802,0.02702420206102074,0.025249558361072122,0.02360142281706512,0.02206961212538594,0.020644912850060537,0.019318968043956775,0.018084180256384197,0.016933628061109263,0.015860993828046066,0.014860500911446306,0.01392685877256955,0.013055214830829165,0.012241112051601749,0.011480451450120027,0.010769458830873851,0.010104655189471623,0.0094828302968957,0.008901019060576276,0.008356480315509757,0.007846677750642406,0.007369262717015407,0.006922058700623346,0.006503047270269319,0.006110355337146406,0.005742243584416981,0.005397095941559141,0.0050734099947448985,0.004769788237386857,0.004484930076176452,0.004217624518470173,0.003966743474214593,0.0037312356138399505,0.003510120730179242,0.003302484557286836,0.003107474004593061,0.00292429276907092,0.0027521972916038154,0.0025904930278433103,0.0024385310058983103,0.0022957046464644124,0.002161446823455822,0.002035227144824042,0.0019165494354870874,0.0018049494057619797,0.0016999924905673758,0.0016012718454427588,0.0015084064870279495,0.0014210395668321912,0.0013388367677518546,0.0012614848139219405,0.001188690085265419,0.0011201773287265147,0.0010556884590661487,0.0009949814423724224,0.0009378292561892793,0.0008840189207467916,0.0008333505959636084,0.0007856367395106326,0.0007407013215419232,0.0006983790919745294,0.0006585148966931562,0.0006209630391031552,0.0005855866838647347,0.0005522572999337068,0.0005208541400854826,0.0004912637544526536,0.0004633795356867136,0.00043710129365151507,0.00041233485756148394,0.00038899170372308934,0.0003669886071892281,0.0003462473156697716,0.00032669424423778255,0.0003082601894325481,0.00029088006146629243,0.0002744926333705039,0.0002590403059254537,0.00024446888734629656,0.00011536369339505866
0.07684486858500716,0.13174555249111908,0.11741174269248322,0.10593438184438186,0.09626879322653625,0.08791671583392269,0.08058350626262145,0.07407376157827739,0.06824820014936361,0.06300248083121396,0.058255546710043404,0.05394266581443019,0.05001101194973123,0.04641671938112146,0.04312284158471669,0.040097890196299724,0.03731476053892435,0.03474992300193358,0.03238280227555679,0.030195292482148806,0.028171372657207372,0.0262967976933538,0.024558846949750746,0.022946117571906566,0.021448352933646997,0.020056298990868526,0.018761583059431708,0.01755661078321924,0.016434477993181817,0.015388894852933321,0.014414120221931559,0.013504904575810217,0.012656440137094882,0.01186431712035707,0.011124485190503797,0.010433219388511605,0.009787089906136137,0.009182935188847469,0.008617837930735228,0.008089103592819308,0.007594241129640744,0.007130945656254439,0.0066970828252534975,0.006290674716586675,0.005909887067765032,0.005553017696087334,0.005218485984090235,0.004904823314421269,0.004610664355321564,0.0043347391096053706,0.004075865650184737,0.0038329434747642055,0.003604947418992255,0.0033909220748445795,0.003189976667036562,0.003001280344639798,0.0028240578501320807,0.0026575855319629707,0.0025011876699098656,0.0023542330862247607,0.0022161320174370752,0.0020863332246475463,0.001964321322377373,0.001849614307510905,0.0017417612719051317,0.001640340283574529,0.0015449564230623526,0.001455239962318472,0.001370844674854852,0.001291446267027544,0.001216740920866096,0.0011464439398947597,0.0010802884900975827,0.0010180244287448688,0.0009594172146091713,0.0009042468933483892,0.0008523071525156842,0.0008034044411828964,0.0007573571493344963,0.0007139948427508785,0.0006731575493881987,0.0006346950935119562,0.0005984664742912527,0.0005643392856033887,0.0005321891741707566,0.0005018993334177345,0.00047336003048179844,0.0004464681641346679,0.0004211268514420687,0.0003972450412605376,0.00037473715267487533,0.00035352273670268605,0.00033352615972994607,0.0003146763071720151,0.0002969063060328783,0.0002801532650914193,0.0002643580315395237,0.0002494649630142738,0.00023542171397322818,0.00022217903547990837,0.00010484529377461759
0.07017763931948684,0.12031521014765234,0.10722513525660338,0.09674364583134709,0.08791671583392269,0.08028932031250813,0.07359238323676709,0.06764745755925428,0.06232734766394432,0.05753676649182271,0.053201690744135055,0.04926300547924445,0.045672468416128265,0.04239002019488136,0.03938192025572218,0.03661941256951795,0.03407774440215405,0.03173542786127703,0.029573672997591616,0.027575945010454905,0.025727613095458235,0.024015668206705032,0.022428493480633582,0.02095567549049182,0.01958784757526233,0.018316558658326543,0.017134162544412634,0.016033723828257074,0.0150089374020842,0.014054059183467915,0.013163846174143179,0.012333504333419953,0.011558643036296112,0.01083523511542403,0.010159581663842343,0.009528280917484089,0.008938200652665929,0.008386453622992479,0.00787037563727877,0.0073875059419080125,0.00693556961984515,0.006512461761672084,0.0061162331982666795,0.005745077615000982,0.00539731989001592,0.00507140552107746,0.004765891023395627,0.004479435194480463,0.004210791155796034,0.003958799091658874,0.0037223796151071575,0.003500527699211664,0.0032923071183836305,0.0030968453510738306,0.0029133289007555394,0.0027409989960829953,0.0025791476357320334,0.002427113946948445,0.0022842808297449876,0.0021500718620904302,0.002023948443136768,0.0019054071542431994,0.0017939773195909808,0.0016892187495292227,0.0015907196516507238,0.0014980946958155564,0.0014109832208955841,0.0013290475716601427,0.0012519715555484277,0.0011794590100583612,0.001111232472003884,0.0010470319408277008,0.0009866137288023456,0.0009297493914690209,0.0008762247324041149,0.0008258388766306628,0.0007784034076153672,0.0007337415632728099,0.0006916874865542221,0.0006520855267109233,0.0006147895875862498,0.0005796625195178817,0.0005465755518432452,0.0005154077630396704,0.00048604558587099153,0.00045838234515499857,0.0004323178258085567,0.00040775786912091404,0.00038461399527223595,0.00036280305036077206,0.0003422468762067799,0.0003228720014048971,0.00030460935222214637,0.00028739398196665593,0.00027116481761500083,0.0002558644225372931,0.00024143877424679001,0.00022783705620800423,0.00021501146274358583,0.00020291701618794372,9.575569775560253e-5
0.06432376902113113,0.11027928123200237,0.09828120578115462,0.0886740924888687,0.08058350626262145,0.07359238323676709,0.06745409543417624,0.06200508300915919,0.05712876181985016,0.05273779425936831,0.04876433251629908,0.04515419338050142,0.04186315923089756,0.03885451269193163,0.0360973280301119,0.033565248198408004,0.031235585462089155,0.029088644552419662,0.02710720306266956,0.02527610559480098,0.02358194190273355,0.022012788200962807,0.020557996741322526,0.019208022814014902,0.017954281147207596,0.016789025669827706,0.015705248044188436,0.014696591424456562,0.013757276679419173,0.01288203889954298,0.012066072456523191,0.01130498322547871,0.010594746842499808,0.009931672080199433,0.009312368586848113,0.008733718364919457,0.008192850471366475,0.007687118503742457,0.007214080507003895,0.006771480992494916,0.006357234805341311,0.005969412616030748,0.005606227843351505,0.005266024843593772,0.004947268221705048,0.004648533140209313,0.004368496518084228,0.0041059290243401075,0.0038596877835911647,0.003628709720701853,0.0034120054800976657,0.0032086538633445683,0.003017796734178263,0.0028386343464320007,0.002670421055352784,0.002512461376459614,0.002364106360328695,0.002224750254915024,0.0020938274296922813,0.0019708095390113464,0.001855202903638914,0.0017465460919231096,0.0016444076838990213,0.001548384202881517,0.001458098200795,0.0013731964846082564,0.0012933484726673702,0.00121824467031309,0.001147595255383639,0.0010811287651061388,0.0010185908763584196,0.0009597432721400144,0.0009043625876832134,0.0008522394301083563,0.0008031774662063326,0.0007569925731397541,0.0007135120474253132,0.0006725738680011025,0.0006340260093249742,0.0005977258009205282,0.0005635393300284421,0.0005313408842304041,0.0005010124312890777,0.0004724431334834859,0.0004455288940307424,0.00042017193340746113,0.0003962803934233223,0.00037376796716807274,0.00035255355301459096,0.00033256093108615433,0.0003137184606006342,0.00029595879669069586,0.00027921862541426846,0.0002634384156950465,0.00024856218708203554,0.0002345372922641087,0.00022131421335588094,0.00020884637106946893,0.0001970899458924192,0.000186003710490934,8.777443631332736e-5
0.059127266566580516,0.10137033723335298,0.09034162702959136,0.08151069605101058,0.07407376157827739,0.06764745755925428,0.06200508300915919,0.05699629335538514,0.05251392419354839,0.048477694594799337,0.044825238689006675,0.04150675113361191,0.038481586973860726,0.03571599549406179,0.03318154966600251,0.030854022005915138,0.0287125578681785,0.026739053287074266,0.024917677355985934,0.023234499166427225,0.02167719195687745,0.020234795323314014,0.01889752179790155,0.017656597828123566,0.016504131779118025,0.015433003411494284,0.014436770612405614,0.013509590122228632,0.012646149718442912,0.011841609852841245,0.011091553150195776,0.010391940490836027,0.009739072640926882,0.009129556587219229,0.008560275882810664,0.008028364430173823,0.007531183225602922,0.007066299664409442,0.006631469071211371,0.006224618171739971,0.005843830263707106,0.005487331880624655,0.005153480771330668,0.004840755043464318,0.00454774333824301,0.004273135922384194,0.0040157165980778675,0.00377435534344997,0.0035480016074900256,0.003335678192417396,0.003136475664280186,0.002949547239947628,0.0027741041037830927,0.0026094111130465017,0.002454782855708257,0.002309580027724488,0.0021732061007135456,0.002045104253936482,0.0019247545469419786,0.0018116713121018382,0.0017054007476981908,0.0016055186945089853,0.001511628580552444,0.0014233595197865115,0.0013403645521242492,0.0012623190131535733,0.0011889190232600884,0.001119880086396876,0.0010549357898615927,0.0009938365972706822,0.0009363487273602901,0.0008822531120312171,0.000831344427599634,0.0007834301936502398,0.0007383299345125154,0.0006958743985723305,0.000655904831156141,0.0006182722971306009,0.0005828370494911882,0.0005494679406459306,0.0005180418733220591,0.0004884432882158729,0.0004605636858520251,0.00043430118015138665,0.0004095600814930621,0.0003862505072606149,0.00036428801789834767,0.00034359327675088057,0.00032409173201531673,0.00030571331934289327,0.0002883921836309639,0.00027206641871762617,0.00025667782379715145,0.00024217167539774837,0.0002284965139004603,0.00021560394362112652,0.0002034484455511647,0.0001919872019432974,0.00018117993193356857,0.00017098873748186373,8.06889794883487e-5
0.0544769427606413,0.09339775729007171,0.08323652128525882,0.07510018789509254,0.06824820014936361,0.06232734766394432,0.05712876181985016,0.05251392419354839,0.048384099962224925,0.044665323112554556,0.04130013348202877,0.0382426434170704,0.03545540508968448,0.03290732260511253,0.03057220499075375,0.028427730478979507,0.026454684830183983,0.024636388114033625,0.02295825465876611,0.021407449335570927,0.019972614979399117,0.01864365330428902,0.017411546696808222,0.016268211703966473,0.015206377418656769,0.014219483651292442,0.01330159499753547,0.012447327800719554,0.011651787670233699,0.01091051570962287,0.010219441987750155,0.009574845075969729,0.008973316696608086,0.008411730705856463,0.007887215772159478,0.007397131221490411,0.006939045611093458,0.006510717662542881,0.00611007924486455,0.005735220146452766,0.005384374412396045,0.005055908057316871,0.0047483079904222375,0.004460172012945393,0.004190199765765207,0.003937184522026765,0.0037000057334635877,0.0034776222497492904,0.003269066140832458,0.003073437060501942,0.0028898970966332663,0.002717666060355256,0.0025560171710982127,0.002404273099793998,0.00226180233676683,0.0021280158539566316,0.002002364034700631,0.0018843338470290807,0.00177344623869468,0.0016692537347962888,0.0015713382201794635,0.00147930889090098,0.001392800360625751,0.0013114709088686942,0.0012350008594369834,0.001163091078374437,0.0010954615819171662,0.001031850245471557,0.0009720116056548163,0.0009157157482020221,0.0008627472749490883,0.0008129043438268764,0.0007659977763029586,0.0007218502271086526,0.0006802954116634629,0.0006411773867859832,0.0006043498807636587,0.0005696756692276858,0.0005370259933997548,0.0005062800176757944,0.0004773243237162529,0.0004500524383896382,0.0004243643932348405,0.0004001663131381946,0.00037737003218487903,0.0003558927348329393,0.0003356566205909798,0.00031658859060862844,0.0002986199546404517,0.00028168615703529423,0.0002657265204066839,0.0002506840057978762,0.00023650498825264835,0.00022313904672450514,0.00021053876738342213,0.00019865955941895334,0.00018745948250662543,0.0001768990851877053,0.00016694125341734645,0.0001575510686197129,7.43478373236837e-5
0.050289501594742436,0.08621874012812825,0.07683862673558384,0.06932774869959224,0.06300248083121396,0.05753676649182271,0.05273779425936831,0.048477694594799337,0.044665323112554556,0.04123240008068929,0.03812588269370398,0.03530341099152956,0.032730416007928476,0.030378192389514447,0.028222562626991965,0.02624292096120817,0.024421530262008717,0.02274299287715148,0.021193844411666718,0.019762236436315306,0.01843768486368652,0.017210867706284327,0.01607346057011988,0.015018001406174042,0.014037778245323262,0.013126735198338124,0.012279393129916133,0.011490782236089125,0.010756384366068211,0.01007208338421925,0.009434122218265645,0.008839065507156657,0.00828376696729513,0.007765340759953693,0.007281136270083033,0.00682871580854108,0.006405834833029311,0.006010424346963944,0.005640575190805047,0.0052945239846603764,0.004970640515951696,0.0046674163968481175,0.004383454840717241,0.004117461428523678,0.0038682357523574518,0.0036346638390012675,0.0034157112692563135,0.0032104169185562664,0.0030178872542088106,0.0028372911322583766,0.0026678550436157744,0.0025088587653644967,0.0023596313775145067,0.0022195476103743367,0.00208802449165231,0.0019645182652634485,0.0018485215571253863,0.0017395607657479314,0.0016371936575106175,0.0015410071489595743,0.001450615259676602,0.00136565722121533,0.0012857957290593504,0.001210715325521007,0.001140120902831391,0.001073736316545986,0.0010113031005044362,0.0009525792750468172,0.0008973382411383082,0.0008453677537597071,0.0007964689682949527,0.0007504555543173357,0.0007071528716384931,0.0006663972038546875,0.0006280350451552952,0.0005919224363214667,0.0005579243462894914,0.0005259140959981978,0.0004957728213510967,0.00046738897249174426,0.0004406578467793486,0.000415481153015429,0.00039176660476647474,0.00036942754065562473,0.0003483825697398876,0.00032855524026350214,0.000309873730108331,0.0002922705574726495,0.00027568231035737974,0.0002600493936153617,0.0002453157923226002,0.000231428850376335,0.00021833906331468738,0.0002059998843726256,0.00019436754290569,0.00018340087434956564,0.00017306116094648657,0.00016331198254618436,0.0001541190767936581,0.0001454502080932077,6.863752239617349e-5
0.04650023500178613,0.07972235130738792,0.07104908067886417,0.06410418163933707,0.058255546710043404,0.053201690744135055,0.04876433251629908,0.044825238689006675,0.04130013348202877,0.03812588269370398,0.03525344079631565,0.032643640049146994,0.030264516576092748,0.028089528231779237,0.02609631949621738,0.02426583743209043,0.02258168155087742,0.021029614538679076,0.019597186648467768,0.018273442319737987,0.017048687517081162,0.01591430272931532,0.014862590860365177,0.013886652173128788,0.012980280484766293,0.01213787625059598,0.011354373216180852,0.010625176075743897,0.009946107140673843,0.00931336044224959,0.008723462016713063,0.008173235368010706,0.007659771293315298,0.007180401408201753,0.006732674826129076,0.006314337541031195,0.005923314138802219,0.005557691522585145,0.0052157043879004356,0.004895722224607754,0.004596237655028548,0.004315855946144781,0.004053285556485084,0.0038073295983550026,0.0035768781110958187,0.0033609010555979146,0.0031584419521397955,0.0029686120926947918,0.0027905852679173393,0.002623592956099201,0.0024669199275352896,0.002319900223532463,0.002181913473325546,0.002052381516696164,0.0019307653037337197,0.0018165620458260243,0.0017093025950263019,0.0016085490312737136,0.0015138924388765768,0.0014249508559216958,0.0013413673814016772,0.0012628084266486095,0.0011889620990117311,0.0011195367066085503,0.0010542593742098247,0.0009928747611271695,0.0009351438730020034,0.0008808429598235815,0.000829762493381677,0.000781706218011935,0.0007364902688376685,0.0006939423523313216,0.0006539009844470835,0.0006162147819180272,0.0005807418028019647,0.0005473489325108234,0.0005159113119712847,0.00048631180488318583,0.0004584405011453501,0.00043219425385825766,0.0004074762474876748,0.0003841955949244816,0.0003622669614480947,0.00034161021362675865,0.0003221500914132279,0.0003038159018551416,0.0002865412328676084,0.0002702636857099929,0.0002549246248530184,0.0002404689440855777,0.00022684484771368692,0.00021400364583897252,0.000201899562787166,0.00019048955777562502,0.00017973315701673345,0.0001695922964879957,0.00016003117465770988,0.000151016114526145,0.00014251543434627267,0.00013449932645954272,6.346987186610755e-5
0.0430574672203905,0.07381999873567024,0.06578893148289722,0.05935825422811014,0.05394266581443019,0.04926300547924445,0.04515419338050142,0.04150675113361191,0.0382426434170704,0.03530341099152956,0.032643640049146994,0.030227063134956267,0.028024083223637586,0.026010123549590758,0.02416448395912124,0.022469522329720326,0.020910052577648552,0.019472891613838583,0.018146511549409383,0.016920768039773215,0.015786684851518795,0.014736280708751548,0.0137624284474957,0.01285873921984343,0.012019466375881582,0.011239424983644303,0.010513923912543272,0.009838708108119404,0.009209909209694167,0.00862400305174238,0.0080777728898139,0.007568277420721609,0.007092822842447999,0.006648938339748084,0.00623435449048447,0.005846984174906589,0.005484905641370927,0.005146347436743845,0.004829674957069069,0.00453337841200703,0.004256062026493174,0.003996434329532519,0.0037532994010637116,0.0035255489663865575,0.003312155241561865,0.0031121644466575588,0.0029246909146828926,0.0027489117324513423,0.0025840618580117783,0.002429429665841129,0.0022843528766862964,0.002148214834307119,0.002020441095105227,0.001900496300818899,0.001787881307838246,0.0016821305491471553,0.0015828096077307521,0.001489512982445377,0.0014018620291370264,0.001319503061881156,0.0012421056002619897,0.0011693607502728,0.0011009797076680546,0.001036692373424037,0.0009762460721042462,0.0009194043646747682,0.0008659459482678947,0.0008156636357900884,0.0007683634090829179,0.0007238635399497532,0.0006819937736811596,0.0006425945702856813,0.0006055163990289388,0.000570619082200876,0.0005377711844851453,0.0005068494444443895,0.0004777382450172601,0.0004503291202183606,0.0004245202953277495,0.0004002162581712345,0.00037732735925443284,0.0003557694386535802,0.00033546347781798595,0.0003163352744630773,0.0002983151389414412,0.00028133761062827407,0.0002653411928836497,0.00025026810533419416,0.00023606405225753274,0.00022267800600411607,0.00021006200439382602,0.00019817096114970595,0.0001869624885081564,0.00017639673116201472,0.00016643621079287909,0.00015704568048041916,0.00014819198833021562,0.0001398439497274466,0.00013197222762755586,0.0001245492203611918,5.877447823850299e-5
0.03991902695069216,0.06843938459455345,0.06099374865647733,0.055031835369131255,0.05001101194973123,0.045672468416128265,0.04186315923089756,0.038481586973860726,0.03545540508968448,0.032730416007928476,0.030264516576092748,0.028024083223637586,0.025981676533615605,0.024114511370300296,0.0224033966035041,0.02083197620261179,0.019386171129619545,0.0180537593221492,0.016824053253358062,0.01568764807991907,0.014636221914120007,0.013662375293230278,0.012759500601654483,0.011921674716693975,0.01114356989756246,0.010420379172403349,0.009747753372897988,0.00912174761723758,0.00853877552779031,0.007995569830658744,0.007489148262460221,0.0070167839218663874,0.006575979366360035,0.006164443884951659,0.005780073478702102,0.005420933161721847,0.005085241261403958,0.004771355447401343,0.0044777602627492225,0.0042030559656940775,0.003945948518545989,0.003705240584414085,0.0034798234121669464,0.0032686695071677124,0.00307082599823532,0.002885408623765219,0.002711596270111555,0.002548626003120419,0.002395788541489141,0.0022524241267027414,0.00211791874957893,0.001991700698424574,0.0018732373972688704,0.0017620325065269005,0.0016576232615760841,0.0015595780270007131,0.0014674940468866055,0.0013809953735477443,0.001299730958725924,0.0012233728932392156,0.00115161478202375,0.001084170243055859,0.0010207715197995473,0.0009611681975898526,0.0009051260154197202,0.0008524257652915007,0.0008028622721785554,0.0007562434480107919,0.0007123894138513897,0.0006711316849922211,0.0006323124139920241,0.0005957836872135108,0.0005614068707829201,0.0005290520021891849,0.0004985972241611757,0.0004699282575907609,0.00044293791062394866,0.00041752562131599363,0.0003935970313348868,0.0003710635884893723,0.00034984217600750496,0.0003298547666216057,0.00031102809974902033,0.00029329338008036825,0.00027658599608023585,0.0002608452570434317,0.00024601414737399074,0.00023203909692117754,0.00021886976624455566,0.00020645884582037866,0.00019476186820414736,0.0001837370322800673,0.00017334503879943902,0.0001635489364259263,0.00015431397759824118,0.00014560748354993302,0.00013739871787579608,0.00012965876809542878,0.00012236043466800706,0.0001154781269736443,5.4493882909832994e-5
0.03704989609044862,0.06352047437447439,0.056610030530700683,0.051076654261489995,0.04641671938112146,0.04239002019488136,0.03885451269193163,0.03571599549406179,0.03290732260511253,0.030378192389514447,0.028089528231779237,0.026010123549590758,0.024114511370300296,0.02238154443221113,0.02079341112605465,0.01933493114249668,0.017993037484388186,0.016756386642503673,0.015615059333930148,0.014560326754351205,0.01358446520753609,0.012680607114421705,0.011842619821836653,0.011065005965413405,0.010342820764340566,0.009671602771932575,0.009047315436502695,0.008466297431405007,0.007925220163761848,0.0074210512063187795,0.006951022655011907,0.006512603611781104,0.006103476143375031,0.005721514187810264,0.005364764973985331,0.005031432594962609,0.004719863436768154,0.004428533211664212,0.004156035385584941,0.003901070822057248,0.0036624384906913388,0.003439027111102097,0.003229807621204936,0.003033826374801013,0.002850198985340141,0.0026781047443345113,0.002516781552334958,0.002365521307607976,0.0022236657048781625,0.0020906024021400613,0.0019657615184438537,0.0018486124301737572,0.0017386608365510259,0.0016354460687029518,0.0015385386195424545,0.0014475378738129686,0.0013620700200904189,0.0012817861283910652,0.0012063603785732978,0.0011354884265171832,0.001068885895965075,0.001006286985337633,0.0009474431799147975,0.0008921220604815108,0.0008401062005192611,0.0007911921446678502,0.0007451894620031096,0.0007019198680174761,0.0006612164098903049,0.000622922710154121,0.0005868922641388136,0.0005529877870692548,0.0005210806070328998,0.000491050100306506,0.0004627831659220101,0.000436173736471715,0.0004111223224818432,0.0003875355879375871,0.00036532595462484326,0.00034441123322469843,0.0003247142792356878,0.0003061626719194823,0.000288688414682348,0.00027222765532543963,0.0002567204247763072,0.0002421103930423229,0.00022834464114895956,0.00021537344798101214,0.00020315009097987297,0.0001916306597801276,0.000180773881871126,0.00017054095947674312,0.00016089541691271213,0.00015180295769570175,0.00014323133076421784,0.00013515020519848245,0.00012753105287269424,0.00012034703852967883,0.00011357291677124718,0.00010718493551445428,5.05803727519254e-5
0.03442058019317462,0.0590127032176988,0.052592714605661284,0.047452054163360735,0.04312284158471669,0.03938192025572218,0.0360973280301119,0.03318154966600251,0.03057220499075375,0.028222562626991965,0.02609631949621738,0.02416448395912124,0.0224033966035041,0.02079341112605465,0.019317980119663403,0.017963000714040278,0.0167163333534332,0.015567439641143654,0.014507104318800257,0.013527218109522676,0.012620605504599425,0.01178088634762367,0.011002363245120939,0.010279929001495103,0.0096089897840331,0.008985400788659337,0.008405411948701369,0.007865621790406147,0.007362937957612392,0.00689454323913713,0.00645786617225666,0.00605055547863069,0.005670457729497591,0.005315597749304415,0.004984161354111741,0.004674480090802638,0.00438501770010763,0.004114358070219273,0.0038611944856143804,0.00362432000601709,0.0034026188343702773,0.003195058553842209,0.0030006831306951046,0.0028186065946792446,0.0026480073197400825,0.0024881228385888812,0.002338245133454875,0.0021977163520515916,0.00206592490450299,0.0019423019022145813,0.0018263179042261463,0.0017174799408713193,0.0016153287875528693,0.001519436464796145,0.0014294039434409427,0.0013448590357913737,0.001265454455808248,0.001190866033153215,0.0011207910673239584,0.0010549468097884283,0.0009930690628611148,0.0009349108853943487,0.0008802413963562815,0.0008288446680269901,0.0007805187014559099,0.0007350744774214171,0.0006923350768962971,0.0006521348653400552,0.0006143187357889636,0.0005787414061976092,0.0005452667667415097,0.0005137672732492132,0.00048412338324877943,0.00045622303136716273,0.00042996114118382806,0.0004052391707517686,0.00038196468930446707,0.00036005098290354653,0.0003394166868579702,0.00031998544299734113,0.00030168558001098314,0.00028444981517646885,0.0002682149760026894,0.0002529217403316386,0.00023851439360990292,0.00022494060215982534,0.00021215120130113618,0.0002000999973179162,0.0001887435822982889,0.00017804116099518538,0.00016795438885873308,0.00015844722049071155,0.0001494857678330623,0.0001410381674161027,0.00013307445607196357,0.0001255664545438723,0.0001184876584649215,0.00011181313623251452,0.00010551943330775306,9.95844825219098e-5,4.699376000456628e-5
0.03200594210106156,0.054872976320110345,0.04890339554728751,0.04412338461771004,0.040097890196299724,0.03661941256951795,0.033565248198408004,0.030854022005915138,0.028427730478979507,0.02624292096120817,0.02426583743209043,0.022469522329720326,0.02083197620261179,0.01933493114249668,0.017963000714040278,0.016703071506253664,0.01554385567349753,0.014475554189407214,0.013489598332565744,0.012578447765771994,0.011735430405518082,0.01095461371764267,0.010230700027445638,0.009558940449181708,0.00893506344196135,0.008355214989327064,0.007815908117201925,0.007313979986996372,0.006846555189949005,0.006411014158098971,0.006004965830283551,0.005626223881685863,0.005272785956080231,0.0049428154443773575,0.004634625434130582,0.004346664519464985,0.004077504213875094,0.0038258277490289816,0.003590420077904777,0.0033701589287745,0.0031640067788052534,0.0029710036357216835,0.0027902605315957354,0.0026209536466254846,0.002462318991107215,0.0023136475838142698,0.002174281073147377,0.0020436077536654454,0.0019210589368471448,0.001806105639806023,0.001698255559913979,0.001597050307275083,0.0015020628697668438,0.0014128952884836857,0.0013291765239259942,0.0012505604951003509,0.001176724275802097,0.0011073664339552973,0.0010422055012150773,0.000980978561588467,0.0009234399486067711,0.0008693600418188119,0.0008185241543032587,0.0007707315035115521,0.0007257942586007607,0.0006835366579715351,0.0006437941914355077,0.000606412841731567,0.0005712483807148051,0.0005381657159907842,0.0005070382840057855,0.00047774748603021146,0.0004501821637667453,0.0004242381115505435,0.0003998176224461938,0.00037682906565011595,0.00035518649289107643,0.00033480927174105776,0.0003156217438195306,0.0002975529061082236,0.0002805361137135148,0.0002645088025177442,0.00024941223034799596,0.00023519123530867537,0.00022179401007929762,0.00020917189108954088,0.0001972791615030096,0.00018607286707502356,0.000175512643980154,0.00016556055781751866,0.0001561809530040291,0.0001473403118586016,0.00013900712273758097,0.00013115175659435827,0.0001237463514103727,0.00011676470396810527,0.00011018216847658805,0.00010397556160889315,9.812307351387715e-5,9.260418441362265e-5,4.3699793216238586e-5
0.029784344185959766,0.05106419840523091,0.045509014683273064,0.041060819078124755,0.03731476053892435,0.03407774440215405,0.031235585462089155,0.0287125578681785,0.026454684830183983,0.024421530262008717,0.02258168155087742,0.020910052577648552,0.019386171129619545,0.017993037484388186,0.0167163333534332,0.01554385567349753,0.014465100211314308,0.013470948195311305,0.012553425748036529,0.011705515983313097,0.010921009992426095,0.010194387074798583,0.00952071731598264,0.008895581492421256,0.008315004587211627,0.007775400122594284,0.007273523182518005,0.0068064304844716594,0.006371446222041749,0.005966132668888333,0.005588264742348539,0.005235807883197038,0.004906898729646697,0.004599828160876243,0.004313026360803579,0.004045049613124768,0.003794568587945246,0.003560357918195603,0.0033412868967712117,0.0031363111515655684,0.0029444651762778745,0.0027648556131838267,0.002596655198595116,0.002439097294572236,0.002291470940078949,0.0021531163640812964,0.002023420910679738,0.0019018153321730055,0.001787770411761258,0.0016807938821294388,0.001580427610090425,0.0014862450211782507,0.001397848740662875,0.0013148684303611394,0.0012369588029509035,0.001163797797192917,0.0010950848994229039,0.0010305395981700348,0.0009698999599945801,0.0009129213160818765,0.0008593750498520174,0.000809047476995492,0.0007617388102093836,0.0007172622014793347,0.0006754428555415543,0.0006361172086762987,0.0005991321676442705,0.0005643444038520157,0.0005316196983946222,0.0005008323340419483,0.0004718645304559437,0.00044460591932358323,0.0004189530563639167,0.00039480896738701594,0.0003720827258967179,0.0003506890598256847,0.00033054798525564665,0.00031158446517997977,0.00029372809143174416,0.00027691278811796047,0.0002610765350127527,0.0002461611094588473,0.00023211184550112583,0.0002188774089926463,0.00020640958755760094,0.00019466309439893255,0.00018359538495611206,0.00017316648554337958,0.00016333883312685468,0.0001540771255035549,0.00014534818114734106,0.0001371208080731567,0.00012936568112425356,0.00012205522709886557,0.00011516351720194506,0.00010866616632928053,0.0001025402387285065,9.676415962705793e-5,9.131763241971257e-5,8.618156105415133e-5,4.066898864250217e-5
0.027737002821108137,0.047554167042855866,0.04238087375035593,0.0382384650835661,0.03474992300193358,0.03173542786127703,0.029088644552419662,0.026739053287074266,0.024636388114033625,0.02274299287715148,0.021029614538679076,0.019472891613838583,0.0180537593221492,0.016756386642503673,0.015567439641143654,0.014475554189407214,0.013470948195311305,0.01254512977911193,0.011690673244603295,0.010901044094493523,0.010170460261220704,0.009493780571721039,0.00886641402314775,0.008284245194155743,0.007743572331436466,0.007241055509334238,0.0067736728820975145,0.006338683500761555,0.005933595504020894,0.005556138743172664,0.005204241094463463,0.004876007859607082,0.004569703768438335,0.0042837371881886965,0.0040166462141150855,0.003767086372369721,0.003533819711914951,0.0033157050975495955,0.0031116895466090297,0.002920800476329047,0.002742138748148659,0.0025748724122790917,0.0024182310694013873,0.002271500778312237,0.00213401944730017,0.002005172655707356,0.001884389859197498,0.0017711409376602386,0.0016649330500922085,0.001565307765016781,0.001471838438672133,0.0013841278166529317,0.0013018058370949694,0.0012245276161950078,0.001151971599030844,0.001083837860226887,0.0010198465408340872,0.000959736409184106,0.0009032635346291028,0.0008502000644235591,0.0008003330946772247,0.0007534636273801073,0.0007094056063049834,0.0006679850251246934,0.0006290391018161628,0.0005924155139044995,0.0005579716897155512,0.0005255741510605972,0.0004950979033008247,0.0004664258691281821,0.0004394483626054251,0.0004140626003777872,0.0003901722472238857,0.00036768699331766585,0.0003465221608657497,0.00032659833787438124,0.0003078410370465764,0.0002901803780001322,0.0002735507910586084,0.0002578907410702262,0.00024314246981359602,0.00022925175563952033,0.00021616768916034226,0.0002038424638137505,0.00019223118026232,0.00018129166368597,0.00017098429304134152,0.00016127184147805623,0.00015211932712821214,0.0001434938735827727,0.00013536457937039087,0.00012770239583465362,0.00012048001285531757,0.0001136717518701656,0.00010725346571841161,0.00010120244484685889,9.549732945464927e-5,9.011802719479842e-5,8.504563605320355e-5,8.026237206837741e-5,3.787575079252194e-5
