0.061341554748301386,0.10866506301054768,0.09916613998475388,0.09138414094338798,0.08470004612608317,0.07881802296216134,0.0735633833535645,0.06882035530158603,0.0645064150109198,0.06055969985226839,0.05693208900744651,0.05358507764404008,0.0504871610665063,0.047612094303872476,0.04493768816039445,0.0424449491583474,0.040117448324905935,0.03794084713503487,0.035902534336269,0.03399134285570671,0.03219732573824685,0.030511576396805684,0.028926082657092178,0.02743360695293351,0.026027587024123555,0.02470205287243621,0.023451556752998648,0.02227111371713758,0.021156150776634408,0.020102463165564632,0.01910617649324281,0.018163713822725303,0.017271766890937568,0.016427270835577157,0.015627381907110494,0.014869457734727753,0.014151039791055364,0.013469837754779002,0.012823715521040058,0.012210678649406725,0.01162886306830982,0.011076524883505579,0.010552031159006048,0.010053851559249316,0.00958055075366085,0.00913078149972818,0.008703278332438225,0.008296851795025595,0.007910383155591921,0.00754281956049449,0.007193169580946512,0.006860499115528135,0.006543927613792022,0.006242624591204768,0.005955806409388101,0.005682733297076845,0.005422706590796397,0.005175066176250617,0.004939188112889528,0.004714482427010475,0.0045003910586989965,0.004296385950238998,0.004101967265087991,0.003916661726626983,0.0037400210675549023,0.003571620581214352,0.003411057767614467,0.0032579510665271955,0.003111938671326725,0.0029726774180405258,0.002839841743829251,0.0027131227100705008,0.0025922270855421384,0.002476876485366347,0.002366806562205344,0.0022617662458036675,0.002161517027672942,0.0020658322881807398,0.0019744966629418256,0.0018873054460741487,0.0018040640279429893,0.0017245873650466523,0.0016486994802645955,0.0015762329912883122,0.0015070286655124998,0.0014409349999391571,0.0013778078243370621,0.0013175099263650417,0.001259910697213689,0.0012048857967185862,0.0011523168365939439,0.001102091080753917,0.0010541011618327434,0.0010082448128180752,0.0009644246129962494,0.000922547747356596,0.0008825257786568043,0.0008442744315309732,0.0008077133878374512,0.0007727660926338479,0.0003696797851385162
0.10866506301054768,0.19249783321117642,0.17567091528206147,0.16188543438977288,0.1500448317025893,0.13962505628595734,0.13031665791636415,0.12191455296822351,0.11427255515399137,0.10728107828588795,0.10085487902348156,0.09492574820388988,0.08943787701143457,0.08434477393461193,0.07960713203736391,0.07519130541611108,0.07106819104132955,0.06721238899221138,0.06360155911238796,0.060215919526797945,0.05703784972907977,0.054051572165145334,0.0512428936818925,0.04859899330014472,0.04610824630663335,0.0437600771464004,0.04154483540659126,0.03945369049157477,0.03747854157039576,0.035611940097185046,0.03384702276732443,0.03217745319894605,0.03059737095108339,0.029101346753864665,0.027684343026630254,0.026341678920230427,0.02506899925429662,0.02386224681654786,0.022717637581026906,0.0216316384729196,0.020600947359121324,0.019622474994524075,0.0186933286909714,0.017810797511846277,0.01697233881719107,0.01617556601077208,0.015418237361278342,0.014698245782421404,0.014013609473725708,0.013362463335029218,0.012743051077535261,0.012153717965337818,0.011592904125748482,0.011059138375704824,0.010551032518142933,0.010067276064785025,0.009606631348146932,0.009167928989091856,0.008750063688876292,0.008351990319743652,0.00797272028803478,0.007611318147903362,0.0072668984463204744,0.00693862278025173,0.006625697049835483,0.006327368892126234,0.006042925282588513,0.005771690290836587,0.005513022979405674,0.00526631543575673,0.005030990927269968,0.004806502170681057,0.004592329707980153,0.004387980381088022,0.004192985899092935,0.004006901491131407,0.003829304639235892,0.003659793886299431,0.0034979877136621096,0.0033435234840018813,0.0031960564453192425,0.0030552587918586463,0.002920818778816052,0.002792439886970477,0.002669840034188617,0.0025527508312389105,0.002440916878801082,0.002334095103383796,0.0022320541295895724,0.002134573686872719,0.0020414440483967136,0.0019524655001615793,0.0018674478388269813,0.0017862098963074002,0.0017085790897204967,0.0016343909951775856,0.0015634889440026278,0.0014957236402843126,0.001430952798339026,0.0013690407989995317,0.00065492918191974
0.09916613998475388,0.17567091528206147,0.16031504421228737,0.14773470959627621,0.13692922088786963,0.12742034301384608,0.11892567986804803,0.1112580775558909,0.10428413033887729,0.09790383276114545,0.0920393940037143,0.08662856818512865,0.08162042565026395,0.07697253946682969,0.07264903915368048,0.06861922033599455,0.06485652434368294,0.06133777186396716,0.05804257584261907,0.054952883843914835,0.05205261583887877,0.04932737362703732,0.04676420488951705,0.0443514095163815,0.04207837907775924,0.03993546257745939,0.037913853279165854,0.036005492589835764,0.034202987880211255,0.03249954177907466,0.030888890990883988,0.02936525307591753,0.027923279925639144,0.026558016907008875,0.025264866832401256,0.024039558058172816,0.02287811613766988,0.021776838542336807,0.02073227204656175,0.019741192436459443,0.01880058624981168,0.01790763430074238,0.017059696776450917,0.016254299726197186,0.015489122782742504,0.014761987980651647,0.014070849554821019,0.013413784614071445,0.012788984600183517,0.012194747452999616,0.011629470411178122,0.011091643388300848,0.010579842868052164,0.01009272627036023,0.009629026746413888,0.009187548362813963,0.008767161640916149,0.008366799420635479,0.007985453020372624,0.007622168669387447,0.00727604418886349,0.006946225901667602,0.006631905753177597,0.006332318625732913,0.006046739831950559,0.005774482772819764,0.005514896748881434,0.0052673649121678795,0.005031302348669414,0.004806154282386427,0.00459139439161764,0.0043865232296856765,0.0041910667428178006,0.0040045748781682294,0.003826620276308909,0.0036567970418766443,0.003494719587195952,0.003340021544451899,0.0031923547413980624,0.0030513882366594164,0.002916807410788029,0.0027883131092781427,0.002665620834664713,0.0025484599841816002,0.002436573130195109,0.002329715341073034,0.0022276535396479613,0.0021301658971871335,0.002037041260531912,0.001948078610714818,0.0018630865508699815,0.0017818828217670973,0.0017042938435324964,0.0016301542818019724,0.0015593066370103194,0.0014916008554385699,0.00142689396072921,0.0013650497048694026,0.001305938237344581,0.0012494357914718743,0.0005977121935508162
0.09138414094338798,0.16188543438977288,0.14773470959627621,0.13614168468539312,0.12618420826533194,0.11742157946418486,0.10959356599876902,0.10252770273184009,0.09610105426492566,0.09022146406325549,0.08481724671341428,0.07983104169434108,0.07521591655605486,0.07093277423378797,0.0669485595294006,0.06323497788781984,0.05976755508176801,0.056524931011234125,0.05348831868328774,0.05064108249004029,0.04796840442520278,0.045457016311992504,0.04309498237463272,0.04087152076619338,0.038776855638920416,0.03680209343426688,0.03493911859161081,0.03318050497543734,0.03151944014577246,0.02994966020183476,0.028465393401624683,0.027061311119072284,0.025732484970934055,0.024474349167696252,0.023282667311350036,0.022153502997770136,0.02108319369456224,0.0200683274462084,0.0191057220338815,0.018192406276801687,0.017325603205331608,0.016502714878730118,0.01572130865157767,0.014979104723182257,0.014273964822709762,0.013603881905086213,0.012966970750192763,0.012361459368443711,0.011785681130161096,0.011238067545598973,0.010717141630730148,0.010221511803228556,0.009749866256783063,0.009300967769409668,0.008873648906978338,0.008466807585332276,0.008079402959721621,0.007710451613232416,0.0073590240180964606,0.0070242412480645,0.00670527191995246,0.006401329345932377,0.006111668880326451,0.005835585444826916,0.0055724112185428915,0.0053215134798934305,0.005082292589570173,0.004854180103212757,0.004636637004366631,0.004429152049483728,0.004231240216350476,0.004042441248756287,0.0038623182906921683,0.0036904566036159714,0.003526462361556862,0.0033699615182419262,0.003220598741471223,0.0030780364106626074,0.002941953672945301,0.002812045554171076,0.00268802212130273,0.002569607692683759,0.0024565400935395512,0.002348569953462401,0.0022454600433147384,0.002146984649394612,0.0020529289822446214,0.001963088618181029,0.001877268971389165,0.0017952847950260878,0.0017169597093175046,0.0016421257551104268,0.0015706229715577516,0.001502298996317035,0.0014370086870703486,0.0013746137630943032,0.0013149824656915055,0.0012579892365624963,0.001203514412921821,0.0011514439384457849,0.0005508345446518393
0.08470004612608317,0.1500448317025893,0.13692922088786963,0.12618420826533194,0.11695510036123036,0.10883343473822471,0.10157801580243175,0.0950289947102334,0.08907242912355029,0.08362290400992745,0.07861397793865632,0.0739924864647663,0.06971493037072118,0.06574507264261631,0.06205227615246667,0.05861031615978507,0.05539650878308122,0.05239105645998432,0.04957654650430743,0.046937560234265874,0.04446036360633543,0.04213265903153929,0.03994338385254892,0.03788254492734733,0.035941081521113194,0.03411075064605551,0.03238403039939752,0.030754037869972106,0.029214458948540134,0.027759487937861427,0.026383775296714207,0.025082382184705487,0.02385074072549087,0.022684619111847493,0.02158009083231288,0.02053350742410659,0.01954147426190972,0.01860082896711185,0.017708622092161508,0.016862099789794305,0.0160586882170759,0.015295979463790355,0.014571718823523427,0.013883793253871402,0.01323022088929171,0.012609141490783238,0.01201880773277944,0.011457577237434902,0.010923905279759394,0.010416338095804,0.009933506733758396,0.009474121396458451,0.0090369662272331,0.008620894498000381,0.00822482416366721,0.007847733748888919,0.007488658538198689,0.0071466870432595475,0.0068209577230354534,0.006510655936658977,0.006215011108706869,0.005933294089804864,0.005664814697505308,0.005408919422539418,0.005164989287838345,0.00493243784829224,0.004710709321259568,0.004499276837300101,0.004297640802391298,0.004105327363991232,0.003921886972963043,0.0037468930346993695,0.003579940643227794,0.0034206453923062013,0.0032686422586633984,0.0031235845519930264,0.002985142927277022,0.002853004455657525,0.0027268717495745054,0.002606462138804125,0.002491506894115647,0.0023817504953072346,0.0022769499411644037,0.0021768740983312967,0.0020813030867165294,0.0019900276994356605,0.0019028488548629569,0.0018195770790096835,0.0017400320162330798,0.0016640419668303777,0.001591443449652702,0.0015220807883126013,0.001455805719758143,0.0013924770237145612,0.0013319601718871435,0.0012741269957477624,0.0012188553718032492,0.0011660289234917375,0.0011155367385985472,0.0010672731013455505,0.0005105686192304285
0.07881802296216134,0.13962505628595734,0.12742034301384608,0.11742157946418486,0.10883343473822471,0.10127581603650837,0.09452427994216461,0.08843007987692997,0.08288718734369915,0.07781611979294634,0.07315505046839887,0.0688545074478839,0.06487401273878857,0.06117984615578309,0.05774349845910298,0.05454056633369775,0.05154994139268254,0.04875320109852588,0.04613414214784961,0.04367841674769102,0.041373244736433334,0.03920718263774636,0.03716993613451447,0.03525220614154723,0.03344556122035647,0.03174233088276368,0.03013551564259087,0.028618710624092714,0.02718604024734117,0.0258321020327128,0.0245519179743795,0.023340892242238898,0.022194774205077705,0.021109625959294886,0.020081793692925065,0.019107882331025006,0.01818473300605794,0.017309402966741494,0.016479147603977173,0.015691404323798896,0.01494377803464153,0.014234028053078829,0.01356005625900153,0.012919896357325378,0.012311704119230715,0.011733748495163288,0.011184403506896978,0.010662140835080103,0.01016552303103449,0.009693197289720623,0.009243889727906046,0.008816400119611795,0.008409597044106543,0.008022413408210305,0.007653842309460562,0.007302933208553158,0.006968788384082714,0.006650559645157927,0.00634744527936848,0.0060586872172870565,0.0057835683946265565,0.005521410296158574,0.00527157066738515,0.0050334413800983,0.004806446440097464,0.004590040125870734,0.004383705248944034,0.004186951526104821,0.003999314055365341,0.003820351888560211,0.003649646693147088,0.0034868014970124706,0.0033314395104946243,0.003183203020049305,0.003041752349050006,0.0029067648807053065,0.002777934138976264,0.002654968923976271,0.0025375924978676967,0.0024255418181236277,0.0023185668151012723,0.0022164297109118353,0.002118904377301431,0.0020257757297420798,0.0019368391555201342,0.0018518999739623107,0.001770772926541292,0.0016932816952013804,0.0016192584470472726,0.0015485434040507888,0.0014809844360396188,0.0014164366756411924,0.001354762154039773,0.0012958294561517258,0.0012395133941896959,0.0011856946985197188,0.0011342597247860665,0.001085100176509285,0.001038112842125908,0.000993199345682625,0.0004751329552698906
0.0735633833535645,0.13031665791636415,0.11892567986804803,0.10959356599876902,0.10157801580243175,0.09452427994216461,0.08822288023112046,0.0825349880825248,0.07736164467413698,0.07262866712389116,0.06827835110462321,0.06426452333724453,0.060549404781519156,0.057101523611978955,0.05389427149656778,0.05090487225549589,0.04811362493972737,0.04550333536389961,0.04305888060380414,0.04076686952480513,0.03861537409782145,0.03659371385218224,0.03469228085333864,0.03290239603908296,0.0312161901414153,0.029626504104423135,0.02812680513352639,0.026711115397534124,0.02537395106906526,0.024110269876037094,0.02291542571746885,0.021785129185760754,0.020715413055396426,0.019702601976786527,0.018743285749679428,0.01783429565914263,0.01697268344817543,0.016155702566193808,0.015380791393434123,0.014645558189218644,0.013947767546902412,0.013285328172707778,0.012656281830688954,0.012058793320444988,0.011491141369049884,0.010951710336617404,0.010438982648980771,0.00995153187948239,0.009488016413391448,0.009047173636071132,0.008627814592661792,0.008228819074552779,0.007849131090892303,0.007487754689450621,0.007143750095615409,0.006816230140041762,0.006504356949777135,0.006207338880067442,0.00592442766582113,0.005654915775171299,0.005398133947512415,0.00515344890118008,0.004920261197697784,0.004698003249650598,0.00448613746123884,0.004284154491061717,0.004091571628457996,0.003907931274260271,0.003732799518372673,0.0035657648075390763,0.0034064366963669074,0.003254444675821172,0.0031094370737873717,0.0029710800225000653,0.0028390564886298236,0.0027130653613453154,0.0025928205945084035,0.0024780503997189132,0.002368496486489312,0.0022639133466262687,0.002164067579969578,0.0020687372586738056,0.001977711327900089,0.00189078904030366,0.0018077794222520205,0.0017285007700378607,0.0016527801739794623,0.0015804530688595872,0.0015113628089695637,0.0014453602665035273,0.0013823034516822104,0.0013220571533680177,0.0012644925991058126,0.0012094871332869045,0.0011569239124762168,0.0011066916168791865,0.0010586841769918906,0.0010128005146926924,0.0009689442978127426,0.0009270237074505173,0.00044347560871416634
0.06882035530158603,0.12191455296822351,0.1112580775558909,0.10252770273184009,0.0950289947102334,0.08843007987692997,0.0825349880825248,0.07721384299795209,0.07237406708800065,0.06794626109925694,0.06387644172487539,0.06012141313376618,0.05664583243609922,0.05342025723944532,0.05041979502479199,0.04762313831077081,0.0450118565417742,0.042569864278169334,0.0402830137769401,0.03813877741078331,0.03612599631007507,0.034234678715212796,0.03245583624058901,0.030781349474938158,0.029203856581932475,0.027716660139604166,0.026313648603145223,0.02498922960460903,0.023738272924309134,0.02255606142445038,0.02143824859153398,0.020380821604360055,0.019380069048194837,0.018432552562907878,0.017535081839850752,0.0166846924838136,0.01587862634159215,0.015114313959664227,0.014389358890368686,0.013701523610782529,0.013048716851120246,0.012428982161649976,0.01184048757053996,0.011281516207857611,0.010750457784831802,0.010245800834281171,0.009766125631270245,0.009310097721016874,0.008876461991856183,0.008464037238180289,0.00807171116448821,0.007698435788701913,0.007343223205692195,0.007005141677628279,0.0066833120219464415,0.006376904269357331,0.00608513456833977,0.005807262314793532,0.005542587487187223,0.005290448170770262,0.005050218254364566,0.0048213052858594035,0.004603148474177213,0.004395216825604412,0.004197007404246403,0.004008043706830611,0.003827874143743762,0.0036560706177498487,0.0034922271932877613,0.0033359588501434,0.0031869003150092196,0.0030447049655178138,0.0029090438016974585,0.0027796044799813444,0.0026560904058348656,0.00253821988061953,0.002425725299099145,0.0023183523945169496,0.0022158595277631116,0.002118017017899078,0.002024606511371922,0.0019354203872863907,0.0018502611967391794,0.001768941133769776,0.0016912815359956188,0.0016171124133083498,0.0015462720026588155,0.0014786063474824876,0.0014139689001435272,0.0013522201462231147,0.0012932272491364312,0.001236863713919508,0.0011830090691891289,0.001131548566057565,0.001082372893103544,0.001035377906442432,0.0009904643740005353,0.0009475377332998462,0.0009065078618523507,0.0008672888594768342,0.00041489942098733336
0.0645064150109198,0.11427255515399137,0.10428413033887729,0.09610105426492566,0.08907242912355029,0.08288718734369915,0.07736164467413698,0.07237406708800065,0.06783768099009557,0.06368743795681175,0.05987273904231749,0.056353096478998665,0.05309538311688944,0.05007200238388232,0.04725962233613801,0.04463827131059628,0.04219067420667311,0.039901754017184876,0.03775824995132793,0.035748419763883654,0.03386180415559681,0.03208903776744254,0.030421695709731966,0.02885216758841125,0.027373553089650837,0.025979574659815485,0.024664503892025624,0.023423099007529646,0.02225055140242055,0.021142439657410084,0.02009468974204892,0.019103540398126062,0.018165512877949486,0.017277384369962012,0.016436164563155276,0.015639074896938443,0.014883530122976885,0.014167121862659393,0.013487603897177791,0.01284287896919828,0.012230986905687607,0.011650093901608122,0.011098482826148198,0.010574544434534372,0.010076769381486023,0.009603740948116085,0.00915412840641322,0.008726680952904048,0.00832022215320083,0.00793364484580586,0.007565906459371191,0.007216024704192886,0.00688307360133239,0.006566179818071671,0.006264519282328018,0.0059773140501786365,0.0057038294044174515,0.005443371164156177,0.005195283187035965,0.004958945048650409,0.004733769883729283,0.004519202376074699,0.004314716885786232,0.004119815702426935,0.003934027414531735,0.0037569053862951396,0.0035880263338330803,0.0034269889930012287,0.0032734128721145367,0.003126937083751627,0.0029872192495633,0.0028539344730119168,0.0027267743753053852,0.002605446189963813,0.0024896719123286976,0.002379187499908869,0.002273742120193878,0.0021730974430557506,0.0020770269744772585,0.0019853154290441974,0.0018977581387020631,0.00181416049531017,0.0017343374251222732,0.0016581128929019223,0.0015853194338611085,0.0015157977119008258,0.0014493961023048958,0.0013859702975294944,0.0013253829345682422,0.0012675032427921888,0.0012122067108440264,0.0011593747715004411,0.0011088945035682245,0.0010606583496723804,0.001014563849093847,0.0009705133847600009,0.0009284139435486935,0.0008881768892558921,0.000849717747382385,0.0008129560010955751,0.00038890744891909197
0.06055969985226839,0.10728107828588795,0.09790383276114545,0.09022146406325549,0.08362290400992745,0.07781611979294634,0.07262866712389116,0.06794626109925694,0.06368743795681175,0.05979112970338263,0.05620983363325882,0.05290553949672949,0.04984714725119044,0.04700874900479812,0.044368440532671416,0.04190747226813929,0.03960962619864461,0.03746074789898357,0.03544838802211536,0.03356152284346714,0.03179033307815571,0.03012602644092821,0.028560693566497708,0.027087189744459894,0.025699036893306104,0.024390341583712005,0.023155725929686566,0.021990268895610343,0.020889456113893257,0.019849136709006343,0.01886548593690729,0.017934972686718398,0.01705433107080012,0.016220535476522913,0.015430778564765268,0.014682451789536477,0.013973128088094977,0.013300546444575734,0.01266259808020781,0.012057314062625168,0.011482854155485667,0.010937496757924187,0.010419629803967767,0.009927742512117421,0.009460417887518252,0.00901632589391732,0.008594217224186962,0.008192917605199551,0.007811322582324087,0.007448392735076331,0.007103149280924093,0.006774670030426588,0.0064620856593396725,0.006164576268310282,0.005881368204459642,0.005611731120588215,0.00535497525127486,0.005110448887105934,0.004877536029728777,0.0046556542132727,0.0044442524776314996,0.0042428094813963535,0.0040508317436764585,0.0038678520041540293,0.003693427692362153,0.0035271394975837506,0.003368590032231028,0.003217402581179446,0.0030732199308071972,0.002935703272280328,0.002804531173374751,0.0026793986140721884,0.00256001608148395,0.0024461087198193315,0.0023374155319346585,0.002233688628608385,0.0021346925223788976,0.0020402034632422683,0.0019500088131480034,0.0018639064568863883,0.001781704247021558,0.0017032194805536305,0.0016282784055540456,0.0015567157556219714,0.0014883743104618166,0.0014231044811529626,0.001360763918376695,0.0013012171423254539,0.001244335192867596,0.0011899952989341094,0.0011380805657937344,0.0010884796791966675,0.0010410866255098766,0.000995800426771911,0.0009525248898765298,0.0009111683690430986,0.0008716435407859283,0.0008338671907722889,0.000797760011776439,0.0007632464121248312,0.00036512716706844743
0.05693208900744651,0.10085487902348156,0.0920393940037143,0.08481724671341428,0.07861397793865632,0.07315505046839887,0.06827835110462321,0.06387644172487539,0.05987273904231749,0.05620983363325882,0.0528430686675625,0.04973671107933064,0.0468615240198641,0.044193151729685076,0.04171100225657909,0.03939744931083744,0.03723724649126536,0.03521708735428697,0.03332526838304084,0.03155142627388685,0.029886330004712414,0.02832171402533301,0.026850142809669353,0.02546489967595389,0.024159894633509593,0.022929587317292333,0.021768922019375192,0.020673272512307717,0.019638394873221,0.018660386894550796,0.017735652961755,0.016860873501982676,0.016032978276202148,0.015249122925634295,0.014506668288372493,0.013803162086086618,0.01313632265118464,0.01250402441524201,0.011904284926569919,0.01133525320185827,0.010795199243819276,0.010282504583371876,0.00979565372427621,0.009333226387000904,0.008893890460089399,0.008476395581187818,0.008079567280776717,0.007702301628240871,0.007343560328826743,0.007002366225922346,0.006677799168237436,0.006368992207269192,0.006075128092744214,0.0057954360384196435,0.005529188734083271,0.005275699580939153,0.005034320130893305,0.0048044377120989995,0.004585473224493444,0.004376879091734245,0.00417813735589978,0.003988757903473236,0.003808276812492656,0.0036362548108516968,0.0034722758372799783,0.003315945696916109,0.0031668908047609023,0.003024757009935264,0.0028892084948687613,0.0027599267442856637,0.0026366095786217597,0.002518970247394531,0.0024067365783469116,0.0022996501783376574,0.0021974656827226796,0.0020999500496027557,0.0020068818959644713,0.0019180508731733645,0.0018332570789404631,0.0017523105035005052,0.0016750305077962158,0.0016012453314906555,0.0015307916291572646,0.001463514032624253,0.0013992647378752061,0.001337903115162669,0.0012792953407035658,0.0012233140487581673,0.0011698380027508962,0.0011187517844617155,0.0010699455000342285,0.001023314501841805,0.0009787591253873906,0.0009361844402289085,0.0008955000141872352,0.0008566196900448193,0.0008194613739946482,0.0007839468352655934,0.0007500015161790406,0.000717554352068335,0.00034326880029744104
0.05358507764404008,0.09492574820388988,0.08662856818512865,0.07983104169434108,0.0739924864647663,0.0688545074478839,0.06426452333724453,0.06012141313376618,0.056353096478998665,0.05290553949672949,0.04973671107933064,0.046812979184929326,0.04410682602470051,0.041595327900852186,0.039259103618433766,0.03708156326979384,0.035048356902884326,0.033146960457408836,0.03136635855066605,0.029696797211106185,0.02812958817262534,0.026656951873067825,0.025271889970492123,0.02396808070055656,0.022739792141752868,0.021581809681268216,0.02048937486651642,0.019458133472795014,0.018484091101261813,0.017563574976245167,0.016693200888100557,0.01586984443825301,0.015090615901708737,0.014352838152524916,0.013654027196582763,0.012991874935086911,0.012364233848546152,0.011769103338462178,0.011204617508246029,0.010669034199766142,0.010160725127339204,0.009678166976018532,0.009219933349270654,0.008784687468889885,0.008371175540812681,0.007978220713568823,0.0076047175663514766,0.007249627069887271,0.006911971971683084,0.006590832562762078,0.006285342787844872,0.005994686666395382,0.00571809499412243,0.00545484229894351,0.005204244028671659,0.004965653948952584,0.004738461733113153,0.004522090727317393,0.004315995875718681,0.004119661792815699,0.003932600970177794,0.0037543521067348873,0.003584478553108922,0.0034225668605604304,0.0032682254265775507,0.0031210832294956622,0.0029807886458298113,0.0028470083436612365,0.00271942624654814,0.002597742563130362,0.0024816728773763425,0.0023709472952583785,0.002265309643921881,0.0021645167195591328,0.0020683375809222443,0.0019765528850650416,0.001888954262514668,0.0018053437294816219,0.0017255331343987643,0.001649343636660472,0.0015766052154857699,0.0015071562068561806,0.0014408428669740458,0.0013775189603378278,0.0013170453709294982,0.0012592897352503157,0.001204126095669427,0.0011514345729574903,0.0011011010567426628,0.001053016912974724,0.0010070787072170469,0.0009631879428643776,0.0009212508135102646,0.0008811779685155598,0.0008428842910785002,0.0008062886880610722,0.0007713138908748488,0.0007378862668861678,0.0007059356406392478,0.0006753951243622536,0.00032310047865880855
0.0504871610665063,0.08943787701143457,0.08162042565026395,0.07521591655605486,0.06971493037072118,0.06487401273878857,0.060549404781519156,0.05664583243609922,0.05309538311688944,0.04984714725119044,0.0468615240198641,0.04410682602470051,0.041557126586245885,0.03919082747938618,0.03698966814928706,0.0349380179320985,0.033022356601989045,0.031230884249034307,0.029553222406834223,0.027980181083378297,0.026503574371342098,0.025116072524660193,0.02381108184611047,0.022582646095307468,0.021425364769089683,0.020334324761431932,0.019305042750690338,0.01833341627008328,0.017415681873073907,0.01654837913963414,0.015728319530526835,0.014952559295015988,0.014218375786877346,0.013523246666260147,0.012864831558093648,0.012240955812234583,0.0116495960730503,0.011088867410857378,0.010557011809368633,0.010052387836169158,0.009573461347177986,0.009118797099649495,0.00868705116544996,0.008276964053075403,0.007887354457065732,0.007517113565788103,0.007165199868214955,0.006830634406164465,0.0065124964263781615,0.006209919392030153,0.005922087317822358,0.005648231397969147,0.005387626898421538,0.005139590288840118,0.004903476592891698,0.004678676936639634,0.004464616277748537,0.004260751299859866,0.004066568457712402,0.003881582160954758,0.003705333084557963,0.0035373865956477707,0.003377331287784169,0.003224777613807489,0.0030793566097383693,0.002940718702560789,0.0028085325959351856,0.002682484227568095,0.0025622757930283055,0.002447624831458245,0.0023382633684214255,0.0022339371119153018,0.0021344046978429634,0.0020394369813730787,0.0019488163713002951,0.0018623362041927036,0.001779800155689279,0.0017010216866941152,0.0016258235219147876,0.0015540371587389433,0.0014855024044932476,0.0014200669401535602,0.0013575859090424539,0.00129792152872003,0.0012409427246508897,0.001186524784455835,0.001134549031302258,0.0010849025153700613,0.001037477722203868,0.000992172297089821,0.0009488887843452157,0.000907534380670913,0.000868020701835278,0.0008302635617959409,0.0007941827636003575,0.0007597019013629112,0.0007267481726620402,0.0006952522008485361,0.0006651478666041509,0.000636372148246387,0.00030443248518312923
0.047612094303872476,0.08434477393461193,0.07697253946682969,0.07093277423378797,0.06574507264261631,0.06117984615578309,0.057101523611978955,0.05342025723944532,0.05007200238388232,0.04700874900479812,0.044193151729685076,0.041595327900852186,0.03919082747938618,0.03695928235472412,0.03488347199030317,0.03294865595558005,0.031142084058344843,0.029452628441909323,0.027870501734934883,0.026387037351012776,0.024994515600854472,0.02368602419383109,0.022455344966557156,0.021296860906193482,0.020205479085179445,0.01917656621346303,0.01820589430708769,0.017289594545463194,0.01642411781944786,0.01560620078764402,0.014832836504592939,0.014101248871534466,0.0134088703013453,0.01275332210496627,0.012132397194459299,0.011544044768100864,0.010986356701853939,0.010457555413739161,0.009955983006982388,0.00948009152881138,0.009028434204346653,0.008599657527286031,0.008192494105283832,0.007805756173704936,0.007438329701041024,0.007089169020894015,0.006757291934533505,0.006441775233545,0.006141750599542292,0.005856400842840004,0.005584956446281375,0.005326692385274848,0.005080925197019304,0.004847010275823363,0.00462433937431371,0.004412338291454501,0.004210464731082483,0.00401820631620628,0.003835078745463724,0.0036606240803733897,0.0034944091519742843,0.003336024077255334,0.0031850808769120775,0.0030412121860563593,0.002904070050793496,0.0027733248039051514,0.0026486640140240617,0.0025297915023834716,0.0024164264222291468,0.0023083023966013333,0.0022051667099983116,0.0021067795501776704,0.002012913296599396,0.0019233518521436371,0.0018378900153799768,0.0017563328903576134,0.0016784953314298023,0.0016042014209874458,0.0015332839776948937,0.0014655840933358727,0.0014009506964254709,0.0013392401407667787,0.001280315817571806,0.0012240477894548026,0.0011703124449614112,0.0011189921725103039,0.0010699750523834456,0.0010231545657625324,0.0009784293196898504,0.0009357027871412793,0.0008948830611626886,0.0008558826222682392,0.0008186181184110068,0.000783010156683063,0.0007489831061234728,0.000716464910972105,0.0006853869137500024,0.0006556836876864779,0.0006272928778697038,0.0006001550506454078,0.0002871067754369825
0.04493768816039445,0.07960713203736391,0.07264903915368048,0.0669485595294006,0.06205227615246667,0.05774349845910298,0.05389427149656778,0.05041979502479199,0.04725962233613801,0.044368440532671416,0.04171100225657909,0.039259103618433766,0.03698966814928706,0.03488347199030317,0.03292426202927656,0.031098125930201004,0.029393029785786284,0.027798470883014348,0.026305211687013053,0.02490507248318069,0.02359076725822634,0.02235577203860445,0.02119421798258725,0.02010080362692196,0.019070722151029895,0.01809960054986376,0.017183448354796182,0.016318614083156935,0.015501748002700266,0.01472977009483628,0.013999842332917345,0.013309344568339154,0.012655853450250998,0.012037123913862746,0.011451072855234834,0.010895764676754821,0.010369398443129424,0.009870296427527986,0.009396893864662248,0.008947729756837719,0.008521438600318842,0.008116742920353803,0.007732446518495278,0.007367428350746552,0.0070206369641309385,0.006691085430245242,0.006377846722951608,0.006080049492557915,0.005796874195880458,0.005527549546223129,0.005271349251368643,0.005027589012260969,0.004795623756877435,0.004574845087492452,0.004364678922263901,0.004164583313135267,0.003974046424674499,0.0037925846599251856,0.00361974092043095,0.0034550829897044277,0.003298202029378569,0.0031487111789788302,0.00300624425133085,0.0028704545156984715,0.002741013561965565,0.002617610239479498,0.0024999496652574477,0.0023877522959715874,0.002280753059076178,0.002178700539025469,0.0020813562143464637,0.0019884937420324433,0.0018998982859581848,0.001815365886138641,0.0017347028662611785,0.0016577252766307518,0.001584258370181113,0.001514136109546628,0.001447200702922466,0.001383302166927912,0.001322297914731957,0.0012640523677222397,0.0012084365894144966,0.0011553279400057029,0.0011046097503093488,0.0010561710140127543,0.0010099060969689932,0.0009657144625775244,0.0009235004121945466,0.0008831728398066216,0.0008446449999776652,0.0008078342883128288,0.0007726620337884325,0.0007390533021525113,0.0007069367098091767,0.0006762442475621161,0.0006469111136325739,0.000618875555499011,0.000592078719970265,0.0005664645110434411,0.00027098972758939077
0.0424449491583474,0.07519130541611108,0.06861922033599455,0.06323497788781984,0.05861031615978507,0.05454056633369775,0.05090487225549589,0.04762313831077081,0.04463827131059628,0.04190747226813929,0.03939744931083744,0.03708156326979384,0.0349380179320985,0.03294865595558005,0.031098125930201004,0.029373287357765676,0.02776277395503446,0.026256665683538016,0.024846237491795098,0.023523763461487435,0.02228236179369303,0.021115870451812624,0.020018746184821634,0.018985981642429317,0.018013036674617677,0.017095780879156475,0.016230445167430996,0.015413580630140256,0.014642023367573698,0.01391286423023158,0.013223422635100568,0.012571223789585473,0.011953978780747193,0.011369567090631666,0.010816021176777546,0.010291512819624482,0.00979434099108678,0.009322921036152898,0.008875774994459712,0.008451522916421456,0.008048875048612125,0.007666624782943804,0.007303642278622374,0.006958868679930896,0.006631310861454909,0.006320036642718602,0.006024170422318981,0.00574288918655147,0.005475418854173117,0.005221030923333536,0.00497903939053887,0.004748797915843955,0.004529697210185438,0.004321162624268238,0.004122651920992829,0.003933653214417035,0.0037536830607250715,0.0035822846880535775,0.0034190263530458204,0.0032634998140029375,0.0031153189104650217,0.0029741182406648817,0.0028395519293110127,0.0027112924782338663,0.0025890296935797696,0.00247246968352402,0.0023613339214988774,0.002255358369661821,0.0021542926582247338,0.002057899316817449,0.0019659530538847156,0.0018782400807786787,0.001794557477430861,0.0017147125966014837,0.0016385225042791982,0.0015658134535288734,0.0014964203895711688,0.0014301864841994305,0.001366962697387817,0.0013066073644045495,0.0012489858067858649,0.0011939699655472563,0.0011414380554013587,0.0010912742384742054,0.0010433683163284073,0.000997615439291992,0.0009539158318766817,0.0009121745333923598,0.0008723011527575937,0.0008342096367820011,0.0007978180509856901,0.0007630483722412037,0.0007298262926232323,0.0006980810337147651,0.0006677451708155188,0.0006387544664625162,0.0006110477127106283,0.000584566581745511,0.0005592554842731509,0.000535061435262392,0.00025596696334648575
0.040117448324905935,0.07106819104132955,0.06485652434368294,0.05976755508176801,0.05539650878308122,0.05154994139268254,0.04811362493972737,0.0450118565417742,0.04219067420667311,0.03960962619864461,0.03723724649126536,0.035048356902884326,0.033022356601989045,0.031142084058344843,0.029393029785786284,0.02776277395503446,0.026240573646901688,0.024817052869228307,0.02348396507903988,0.022234008070104838,0.021060677460729538,0.019958149156921012,0.018921183913608586,0.017945048995544666,0.017025453244658373,0.01615849277850312,0.015340605212417258,0.014568530781200406,0.013839279098247781,0.013150100555723854,0.012498461576866349,0.011882023089055838,0.011298621705046363,0.010746253197229105,0.010223057923812784,0.009727307924998901,0.009257395456895634,0.008811822766444877,0.008389192943803775,0.007988201714733384,0.007607630054568576,0.007246337524092844,0.006903256241292843,0.006577385416261877,0.006267786384618779,0.005973578084592673,0.005693932930598042,0.005428073040763176,0.00517526678216014,0.004934825601630569,0.004706101113724659,0.0044884824213643065,0.004281393646463974,0.0040842916510502175,0.003896663931856656,0.003718026672319033,0.00354792293824166,0.0033859210047044175,0.003231612802748293,0.0030846124762627797,0.0029445550394663414,0.0028110951268915454,0.0026839058287455794,0.00256267760458926,0.002447117269365792,0.002336947046080784,0.0022319036804044415,0.0021317376122098677,0.002036212199908932,0.0019451029939684741,0.00185819705582594,0.0017752923190489656,0.0016961969897941812,0.0016207289837278024,0.0015487153971137334,0.001479992009515648,0.001414402816017752,0.0013517995871741122,0.001292041454657826,0.00123499452101666,0.0011805314919807845,0.0011285313297881468,0.0010788789263646154,0.0010314647949330354,0.0009861847789253038,0.0009429397772508959,0.0009016354847726539,0.0008621821471452296,0.0008244943290711265,0.0007884906952897383,0.0007540938034159526,0.0007212299079528903,0.0006898287748977449,0.0006598235062306636,0.0006311503737628683,0.0006037486617861739,0.0005775605180021997,0.0005525308123268905,0.0005286070030453161,0.0005057390099161146,0.00024193954694865134
0.03794084713503487,0.06721238899221138,0.06133777186396716,0.056524931011234125,0.05239105645998432,0.04875320109852588,0.04550333536389961,0.042569864278169334,0.039901754017184876,0.03746074789898357,0.03521708735428697,0.033146960457408836,0.031230884249034307,0.029452628441909323,0.027798470883014348,0.026256665683538016,0.024817052869228307,0.02347076521815561,0.022210003669305978,0.021027862255038887,0.01991818953919794,0.018875477458276668,0.017894771061524317,0.01697159442283591,0.016101889231612765,0.015281963437832446,0.014508447958301307,0.013778259908030221,0.013088571163155982,0.012436781313061807,0.011820494255594283,0.011237497838276933,0.010685746060725393,0.01016334344566902,0.009668531255968171,0.009199675291006182,0.00875525504280128,0.008333854025789872,0.007934151125596062,0.007554912836799904,0.007194986277704013,0.0068532928878310695,0.006528822726795447,0.006220629305765654,0.005927824890388567,0.005649576223306016,0.005385100621645461,0.0051336624092566535,0.004894569649410763,0.004667171147596516,0.004450853697478274,0.004245039546949075,0.00404918406274811,0.003862773575239925,0.0036853233872550517,0.003516375931789939,0.0033554990655813854,0.003202284486800447,0.0030563462660249535,0.0029173194814336723,0.002784858949135126,0.0026586380409813343,0.0025383475831240176,0.002423694828639647,0.0023144024985778736,0.0022102078860448404,0.0021108620188482335,0.002016128875989051,0.0019257846540858548,0.001839617080310739,0.001757424768260983,0.001679016613782655,0.0016042112279606655,0.0015328364045922964,0.0014647286199739283,0.0013997325625865753,0.0013377006906981036,0.0012784928161894832,0.0012219757126863927,0.0011680227464890523,0.0011165135288305934,0.0010673335880125104,0.0010203740603175332,0.000975531398351423,0.0009327070957489102,0.0008918074273485781,0.0008527432037497319,0.0008154295394527458,0.0007797856336887975,0.0007457345632918347,0.0007132030867770152,0.0006821214589870471,0.000652423255756816,0.0006240452079247991,0.0005969270441958854,0.0005710113423280216,0.0005462433881493218,0.0005225710420231448,0.0004999446122646387,0.0004783167351298627,0.00022882113053349692
