0.06134155474829717,0.09622669209126489,0.08042238226704246,0.06849360640134994,0.05896398209806075,0.05112784380691582,0.04456807012577191,0.039009026871812846,0.0342555440220913,0.030162798490139475,0.026619649139092205,0.023538628308743925,0.0208495479569627,0.018495212869004296,0.01642843301407393,0.014609874265386846,0.013006470960727434,0.011590227158525979,0.010337294202982433,0.009227249354974348,0.0082425237397247,0.007367943173071212,0.006590355665774067,0.005898326417342517,0.0052818860108047455,0.004732321007296328,0.004241998667703709,0.0038042193862459495,0.003413091807311558,0.0030634266424885773,0.0027506460057104415,0.0024707057021060644,0.002220028387791874,0.0019954458979640904,0.001794149341765909,0.0016136458036186616,0.0014517206855070401,0.0013064048819204123,0.0011759461085087929,0.0010587838113511189,0.0009535271709478071,0.0008589357877987966,0.0007739026969300847,0.0006974394095667236,0.0006286627225597311,0.0005667830723985225,0.0005110942411726219,0.0004609642476634396,0.00041582727899029497,0.0003751765371428264,0.00033855789096706983,0.00030556423818957866,0.00027583049402203456,0.0002490291333715833,0.00022486622268928433,0.00020307788526248254,0.00018342715059272569,0.00016570114442006302,0.00014970858109175297,0.00013527752453811525,0.00012225338800434232,0.00011049714619210029,9.98837364973768e-5,9.030062868043928e-5,8.164654466570219e-5,7.383031222935716e-5,6.676983817087857e-5,6.0391188146276904e-5,5.462776178260338e-5,4.941955294988443e-5,4.471248616683143e-5,4.045782110936587e-5,3.661161806523829e-5,3.313425794797351e-5,2.9990011179047626e-5,2.7146650348015486e-5,2.4575102110984694e-5,2.224913427263306e-5,2.014507441986009e-5,1.8241556864653785e-5,1.6519294993594543e-5,1.4960876423877596e-5,1.35505786424904e-5,1.2274203041288696e-5,1.1118925481525032e-5,1.007316171529164e-5,9.126446160786356e-6,8.269322686401266e-6,7.493246194407896e-6,6.790493921465557e-6,6.1540854810008e-6,5.577710773893536e-6,5.0556649826013984e-6,4.582789942403527e-6,4.154421256149336e-6,3.76634058210522e-6,3.414732582361247e-6,3.096146071097762e-6,2.807458947421166e-6,2.545846539776846e-6,1.154376513178121e-6
0.09622669209126489,0.1509763144070111,0.12619515269025783,0.10748878169452158,0.09254320922101855,0.08025241910051273,0.06996263639416256,0.0612418394298464,0.053784117000404974,0.04736246552762402,0.041802670293813016,0.036967619516303785,0.032747283594303234,0.029051996717015416,0.02580777457144179,0.02295294596595332,0.0204356649811277,0.018212032284501467,0.016244649472442196,0.014501488516192207,0.012954995210857523,0.011581369522073864,0.010359981769754473,0.009272894577702223,0.008304468197038228,0.0074410322768338755,0.006670611117677083,0.005982692355084487,0.005368031192380496,0.004818483941249438,0.004326865883381076,0.003886829434555289,0.0034927593472764973,0.00313968228373869,0.002823188562759184,0.0025393642623092877,0.0022847321645297625,0.002056200276469737,0.0018510168624974038,0.0016667310901819637,0.0015011585281144608,0.0013523508481384262,0.001218569179270712,0.0010982606402575971,0.0009900376441697618,0.0008926596252092842,0.00080501688575162,0.0007261163021043942,0.0006550686623272347,0.0005910774390900913,0.0005334288259937134,0.0004814828877461076,0.00043466569333157346,0.0003924623177410866,0.0003544106119516919,0.0003200956530278248,0.00028914479693395445,0.0002612232659275149,0.00023603021045497628,0.00021329519263102968,0.0001927750444734532,0.00017425105956239,0.00015752648154818182,0.0001424242570863157,0.00012878502448227707,0.00011646531255979494,0.00010533592714920357,9.528050507341809e-5,8.619421777035963e-5,7.798260866208502e-5,7.056055010651449e-5,6.385130732515986e-5,5.7785698071830894e-5,5.2301338015308275e-5,4.734196290065624e-5,4.285681949650719e-5,3.8800118199910764e-5,3.513054093118057e-5,3.181079861484001e-5,2.8807233154146974e-5,2.6089459340109217e-5,2.3630042610687184e-5,2.1404209010377948e-5,1.9389584071020525e-5,1.7565957681378412e-5,1.5915072317536317e-5,1.442043227219749e-5,1.3067131769260178e-5,1.1841700063268027e-5,1.0731961821955783e-5,9.726911259442248e-6,8.816598646903457e-6,7.99202796689284e-6,7.245064600865065e-6,6.56835205370556e-6,5.955236818370232e-6,5.399700574678409e-6,4.8962989977664484e-6,4.440106523064002e-6,4.026666481143852e-6,1.8259730372972716e-6
0.08042238226704246,0.12619515269025783,0.1054907816505759,0.08986058769513883,0.07737184812085496,0.06710078242628881,0.05850133367324806,0.05121265741543968,0.044979238301448565,0.03961146535694515,0.03496381728453879,0.03092176151367776,0.02739338489578269,0.024303782562363874,0.02159114733729861,0.019203956523891008,0.017098894096528205,0.01523928165354066,0.013593871022619164,0.012135900030963848,0.010842343706018415,0.009693313214026361,0.008671568244019101,0.007762117723005335,0.006951890161597751,0.006229459493876238,0.005584815584485564,0.0050091710072525525,0.004494797514140683,0.004034886981804889,0.0036234326712854814,0.003255127444719827,0.002925276213271384,0.0026297203879317166,0.002364772498905876,0.002127159464955619,0.0019139732490018393,0.0017226278420162666,0.0015508216865183222,0.0013965047894991776,0.001257849888727066,0.001133227131595728,0.0010211818048558932,0.0009204147201012508,0.0008297649153815,0.000748194380728066,0.0006747745553399784,0.0006086743779680232,0.0005491497011522184,0.0004955339047178313,0.00044722956518820217,0.0004037010561238393,0.00036446797005155324,0.0003290992663736352,0.0002972080614406054,0.0002684469871495074,0.00024250405338204026,0.00021909895734869775,0.0001979797896332642,0.0001789200927114704,0.00016171623280752945,0.00014618505054431706,0.00013216175981627934,0.0001194980677851707,0.00010806049199403893,9.772885329433476e-5,8.839492569054927e-5,7.996122627965379e-5,7.233993035261205e-5,6.545189837276182e-5,5.922580298807858e-5,5.3597345536126684e-5,4.850855264692589e-5,4.390714455870261e-5,3.974596767405568e-5,3.5982484672059264e-5,3.2578316214347254e-5,2.949882891932487e-5,2.6712764833475874e-5,2.4191908139937232e-5,2.1910785290527143e-5,1.9846395144405328e-5,1.797796605990142e-5,1.628673719596699e-5,1.4755761569686847e-5,1.3369728670932783e-5,1.2114804657739446e-5,1.0978488363680091e-5,9.94948152684304e-6,9.017571816180884e-6,8.173527372636735e-6,7.4090017157100085e-6,6.7164479826982274e-6,6.089041571075631e-6,5.520610350065751e-6,5.005571690552561e-6,4.538875638570837e-6,4.115953625790243e-6,3.732672170116548e-6,3.3852910751824394e-6,1.535212843356568e-6
0.06849360640134994,0.10748878169452158,0.08986058769513883,0.07655171544889883,0.06591705318840035,0.05717028993015072,0.04984662622948299,0.04363891099522166,0.03832964612737455,0.033757429141792916,0.029798385172533637,0.02635501593930023,0.023349076165771976,0.020716797655001395,0.018405560808456012,0.016371500178818,0.014577735959454718,0.012993038500597742,0.011590800640101373,0.010348234021147096,0.009245731745638558,0.008266356770394834,0.007395426858981313,0.006620174713951682,0.005929467373022024,0.0053135728377233515,0.004763964719626215,0.004273157758532806,0.0038345686114018562,0.0034423974754570624,0.0030915270011165896,0.0027774356383529417,0.0024961230965485984,0.002244046021291503,0.002018062326925238,0.0018153828923233653,0.0016335295443216727,0.0014702984283296479,0.0013237280097207343,0.0011920710674794693,0.0010737701387193224,0.0009674359537156195,0.000871828468485502,0.000785840158572507,0.0007084812849301285,0.0006388668831530005,0.0005762052613177606,0.0005197878204552895,0.00046898003645961216,0.00042321346330521925,0.00038197863553475746,0.0003448187635997678,0.0003113241289621725,0.00028112709754863144,0.00025389768018933574,0.00022933957733726508,0.00020718665298518832,0.00018719978929704903,0.00016916407919827106,0.00015288631926047968,0.0001381927695493731,0.00012492715101446346,0.0001129488543824505,0.00010213133747140855,9.23606904786585e-5,8.353435109393508e-5,7.555995334127376e-5,6.835429581825169e-5,6.184241661082927e-5,5.5956763565154265e-5,5.063644982596853e-5,4.582658566003783e-5,4.147767855948914e-5,3.754509448000026e-5,3.39885738461545e-5,3.077179662746828e-5,2.786199140414347e-5,2.5229583883498068e-5,2.2847880800684606e-5,2.0692785572865003e-5,1.8742542456019425e-5,1.697750629181061e-5,1.5379935241570104e-5,1.3933804168527603e-5,1.2624636576535116e-5,1.1439353230553446e-5,1.036613577376738e-5,9.394303833229462e-6,8.51420425790892e-6,7.71711127466477e-6,6.995136468379196e-6,6.341147606085218e-6,5.7486954242982115e-6,5.2119475867536396e-6,4.725629101258764e-6,4.2849685551996e-6,3.885649594127791e-6,3.5237671259803603e-6,3.195787784396418e-6,2.8985142320497084e-6,1.31452646344229e-6
0.05896398209806075,0.09254320922101855,0.07737184812085496,0.06591705318840035,0.05676335985170988,0.049234221621680896,0.04292972054289146,0.03758557832705256,0.03301465310631457,0.02907806686102299,0.025669229745469924,0.022704245951806812,0.020115784759593747,0.017848971475494968,0.015858523722961204,0.014106691348576506,0.012561734862758467,0.011196776439008127,0.009988915742534077,0.00891853846574886,0.007968767969798757,0.00712502510789953,0.006374671119391606,0.005706715204536375,0.005111573086547236,0.004580866209831946,0.004107253646621831,0.0036842905644613455,0.003306308435702454,0.0029683131721522787,0.0026658981355914893,0.0023951695667515996,0.0021526824368563804,0.00193538509006929,0.001740571333708446,0.0015658388642141169,0.0014090531035090212,0.0012683156710178826,0.0011419368405644302,0.0010284114327749339,0.0009263976771834229,0.0008346986479453831,0.0007522459350412375,0.0006780852615674241,0.0006113637983515812,0.0005513189618472237,0.0004972685105266352,0.000448601779734218,0.00040477191628572953,0.00036528899222432014,0.000329713892709008,0.0002976528864516194,0.00026875279858355836,0.0002426967158875755,0.00021920016296861442,0.00019800769539322092,0.0001788898623853617,0.000161640497345458,0.0001460742993885278,0.0001320246734786896,0.00011934180046625342,0.0001078909116988499,9.755074578960484e-5,8.82121676690534e-5,7.977693231602076e-5,7.215657754131694e-5,6.527143196424128e-5,5.904972584131049e-5,5.3426793792238835e-5,4.834435967609823e-5,4.374989492792901e-5,3.959604262065899e-5,3.5840100357872494e-5,3.244355584342852e-5,2.9371669643281947e-5,2.6593100232743323e-5,2.4079566952454315e-5,2.1805546963004957e-5,1.9748002695099773e-5,1.788613666729586e-5,1.620117087059201e-5,1.467614821044715e-5,1.3295753763505633e-5,1.2046153833724201e-5,1.0914851005463551e-5,9.890553578042783e-6,8.963057929566135e-6,8.123142510342953e-6,7.362472297139428e-6,6.673512661536631e-6,6.049451709659649e-6,5.484130248425994e-6,4.971978619084373e-6,4.507959714628314e-6,4.087517567908091e-6,3.706530958298956e-6,3.361271540699862e-6,3.0483660507323707e-6,2.764762183883623e-6,2.507697787239477e-6,1.1373365193139199e-6
0.05112784380691582,0.08025241910051273,0.06710078242628881,0.05717028993015072,0.049234221621680896,0.04270624522422872,0.03723976837768206,0.03260574992397669,0.028641998081290976,0.025228148212247836,0.022271817710326214,0.01970029142604479,0.017455210166076374,0.015489009700303868,0.01376243902505686,0.012242775058464522,0.010902504038229482,0.009718325782286541,0.008670387451727601,0.007741684313404995,0.006917584517606129,0.006185447625324025,0.005534315123908257,0.00495465699449317,0.0044381624645960654,0.003977565975877825,0.003566501496991864,0.0031993798542318957,0.0028712849040926497,0.0025778852401697194,0.0023153587919783197,0.002080328186166318,0.0018698051405283897,0.0016811424768615746,0.001511992588719764,0.0013602714004059477,0.0012241270152871034,0.0011019123820422624,0.0009921614148643357,0.0008935680915155356,0.0008049681255498688,0.0007253228694261721,0.0006537051554738361,0.00058928682389023,0.0005313277221647723,0.0004791659904122836,0.00043220947245787775,0.000389928113958226,0.00035184722732368046,0.00031754151891364314,0.0002866297874669294,0.0002587702143772713,0.00023365617636066875,0.00021101251977519858,0.00019059224334133564,0.00017217354247263525,0.00015555717411123039,0.00014056410588500186,0.00012703341767575328,0.00011482042748569296,0.00010379501672185942,9.384013293540616e-5,8.485045057670488e-5,7.673117253231723e-5,6.939695717665499e-5,6.277095738649948e-5,5.678395949788536e-5,5.137361150211561e-5,4.648373097917286e-5,4.2063684314109346e-5,3.806782965882398e-5,3.445501692940435e-5,3.1188138858236135e-5,2.823372776219167e-5,2.5561593268722134e-5,2.3144496742816864e-5,2.0957858617523322e-5,1.8979495235453526e-5,1.7189382161688933e-5,1.556944125387556e-5,1.410334905917372e-5,1.2776364360401321e-5,1.157517292509259e-5,1.0487747708451818e-5,9.503222945880595e-6,8.611780732932815e-6,7.804548832238264e-6,7.07350857927016e-6,6.411411872422266e-6,5.811706338761354e-6,5.268467857050076e-6,4.776339704586411e-6,4.330477668706504e-6,3.9265005295952585e-6,3.560445382008292e-6,3.228727316484007e-6,2.928103029155611e-6,2.655637972759955e-6,2.4086766995192903e-6,2.1848160820824565e-6,9.909405650568382e-7
0.04456807012577191,0.06996263639416256,0.05850133367324806,0.04984662622948299,0.04292972054289146,0.03723976837768206,0.03247479615021043,0.02843524668270292,0.02497980494791896,0.022003597456386248,0.01942612979239705,0.017184042648392017,0.015226484278844377,0.01351200806926478,0.012006410391198263,0.010681175208958588,0.009512325288043966,0.00847955468705891,0.007565561194582959,0.006755524257252676,0.006036690950122894,0.005398043621693535,0.004830030255123699,0.004324343661678304,0.0038737391682950734,0.0034718829846975136,0.0031132252649484285,0.0027928932224047867,0.002506600660126909,0.0022505710352533695,0.0020214717553207473,0.0018163578513298098,0.001632623520766055,0.0014679603087524896,0.0013203209133184554,0.0011878877752446067,0.001069045753852426,0.0009623583038133182,0.0008665466616253302,0.0007804716269621016,0.0007031175871828228,0.0006335784859192832,0.0005710454804231466,0.0005147960691348867,0.00046418450161544826,0.0004186333091942187,0.00037762581678041536,0.00034069951496601067,0.0003074401876483985,0.00027747670408649356,0.00025047639605655075,0.00022614095092307867,0.0002042027600976182,0.00018442166995079508,0.000166582088767059,0.00015049040896182413,0.00013597270873416797,0.00012287270161755052,0.00011104990611398788,0.00010037801090689077,9.074341396444205e-5,8.204391638780956e-5,7.418755405819177e-5,6.70915520584077e-5,6.0681388558922814e-5,5.488995635323491e-5,4.9656811562272057e-5,4.492750017557592e-5,4.065295414435084e-5,3.678894965441018e-5,3.329562100620547e-5,3.013702425075978e-5,2.7280745365843235e-5,2.4697548316528423e-5,2.2361058850369224e-5,2.0247480314354084e-5,1.8335338181623404e-5,1.660525032884868e-5,1.5039720412924793e-5,1.362295197938207e-5,1.2340681182441271e-5,1.1180026216990965e-5,1.0129351764547148e-5,9.178146927279926e-6,8.316915285276898e-6,7.537075853665369e-6,6.830873839782476e-6,6.1913002160203875e-6,5.612019223047185e-6,5.087303010488581e-6,4.611972700859082e-6,4.181345236643573e-6,3.791185435252404e-6,3.4376627339722756e-6,3.1173121602260916e-6,2.826999108671287e-6,2.5638875490150727e-6,2.3254113263700276e-6,2.109248249199988e-6,1.913296690895918e-6,8.678272292128915e-7
0.039009026871812846,0.0612418394298464,0.05121265741543968,0.04363891099522166,0.03758557832705256,0.03260574992397669,0.02843524668270292,0.024899486132028137,0.02187483732647838,0.019269549074044656,0.017013197437751537,0.015050348606026664,0.013336510672420532,0.011835419615362497,0.010517147852392605,0.009356743584941013,0.008333225838514063,0.007428825568223635,0.006628401674049267,0.005918984289615167,0.005289412584323361,0.004730044012738882,0.004232518426666623,0.0037895649045486673,0.003394842254687544,0.0030428063563583616,0.0027285991032559437,0.0024479548894779657,0.0021971214557192434,0.001972792575072095,0.0017720505647231197,0.001592317000695391,0.0014313103175519308,0.001287009215506764,0.0011576209879118268,0.0010415540347107136,0.0009373939507081736,0.0008438826769668721,0.0007599002854960513,0.0006844490343635556,0.0006166393855449055,0.0005556777238593155,0.0005008555536274231,0.0004515399818582587,0.0004071653236099697,0.0003672256880991537,0.00033126842346103275,0.0002988883144042073,0.00026972244108870204,0.000243445619528152,0.00021976635409855488,0.00019842324161514638,0.00017918177401264525,0.00016183149330717406,0.0001461834582257627,0.00013206798681548873,0.00011933264367823722,0.00010784044423005302,9.746825164151456e-5,8.810534501173706e-5,7.965213979310194e-5,7.201904370865778e-5,6.512543332900275e-5,5.8898738157110025e-5,5.3273620569696924e-5,4.81912412720754e-5,4.359860109159571e-5,3.944795093954224e-5,3.569626268802584e-5,3.230475450746923e-5,2.9238464909746883e-5,2.6465870373696223e-5,2.3958541986022065e-5,2.169083702062343e-5,1.9639621822433665e-5,1.778402274431914e-5,1.6105202236516524e-5,1.4586157497049608e-5,1.3211539360999391e-5,1.1967489354948181e-5,1.0841493059641035e-5,9.8222481168407e-6,8.899545393055788e-6,8.064161963440932e-6,7.307764720241195e-6,6.622823534026555e-6,6.002533004172619e-6,5.4407419361483035e-6,4.931889769941466e-6,4.470949264870515e-6,4.053374814964178e-6,3.675055834009516e-6,3.3322747061523717e-6,3.0216688482118183e-6,2.7401964764697754e-6,2.4851057111842595e-6,2.253906689176796e-6,2.0443463880895333e-6,1.8543858950184744e-6,1.6821798793831462e-6,7.630290269530596e-7
0.0342555440220913,0.053784117000404974,0.044979238301448565,0.03832964612737455,0.03301465310631457,0.028641998081290976,0.02497980494791896,0.02187483732647838,0.019218579184586693,0.01693049537328073,0.014948769670137696,0.01322474270167151,0.011719358856629697,0.010400784227823978,0.009242746523293488,0.00822334084628265,0.007324147662858521,0.006529566735354736,0.005826304569103102,0.005202973562924637,0.004649774110530289,0.004158239408373482,0.0037210284142600025,0.0033317562972117326,0.002984854441521606,0.0026754540054376233,0.0023992884395130087,0.0021526114015680206,0.0019321272753239846,0.0017349320805256987,0.0015584630072400345,0.001400455150049735,0.0012589042853343967,0.0011320347459263004,0.0010182716146359232,0.000916216592087158,0.000824627002475712,0.0007423974881550759,0.0006685440157901731,0.0006021898755909846,0.0005425534035675417,0.0004889371971504696,0.00044071862812163423,0.00039734148503567986,0.00035830860086639386,0.0003231753417371813,0.000291543849557839,0.00026305794573233503,0.00023739861546466512,0.0002142800026977013,0.00019344585474440372,0.00017466636346415848,0.00015773535648481388,0.0001424677978019745,0.0001286975620972972,0.00011627545144145181,0.00010506742685203281,9.495303047108361e-5,8.58239769865373e-5,7.758289546439738e-5,7.014220492197894e-5,6.342310892585657e-5,5.735469618807021e-5,5.187313561057249e-5,4.692095554501572e-5,4.244639818374598e-5,3.840284102356415e-5,3.474827822605236e-5,3.144485550320912e-5,2.8458452858820516e-5,2.575831013020241e-5,2.331669082967781e-5,2.1108580273696595e-5,1.9111414417847953e-5,1.7304836205150474e-5,1.5670476570896696e-5,1.4191757555575006e-5,1.2853715248771025e-5,1.1642840523605979e-5,1.0546935739516746e-5,9.554985781558837e-6,8.657041973898853e-6,7.844117560404379e-6,7.108093577554153e-6,6.441634068841338e-6,5.838109698679022e-6,5.291528918887367e-6,4.796475929686638e-6,4.348054753358185e-6,3.941838809847097e-6,3.5738254441492184e-6,3.2403949123798592e-6,2.938273383324223e-6,2.6644995564543224e-6,2.4163945383553538e-6,2.1915346550885058e-6,1.987726910629e-6,1.8029868307405442e-6,1.635518457235748e-6,1.4836962814421193e-6,6.730244634021108e-7
0.030162798490139475,0.04736246552762402,0.03961146535694515,0.033757429141792916,0.02907806686102299,0.025228148212247836,0.022003597456386248,0.019269549074044656,0.01693049537328073,0.01491555420904822,0.013170317658467934,0.011651956943936753,0.010326095450043565,0.00916471234490182,0.008144681591381153,0.00724672095674761,0.0064546157682310035,0.005754632731677867,0.005135068850452576,0.004585898649373574,0.004098494399404323,0.0036654015268534484,0.003280156397348258,0.002937137093749813,0.0026314402030846867,0.00235877833267175,0.0021153943117360324,0.0018979889429223823,0.0017036598458517876,0.0015298494459430323,0.0013743005532220812,0.0012350182777150845,0.0011102372634013008,0.0009983934084690366,0.0008980993867616603,0.0008081234031732561,0.0007273707109474118,0.0006548674956482637,0.000589746793789583,0.0005312361658276858,0.00047864688584171866,0.00043136444578031896,0.0003888402017225446,0.00035058401444979306,0.00031615775735268064,0.0002851695824082918,0.0002572688498914495,0.0002321416401058242,0.00020950677630054114,0.0001891122971858861,0.00017073232540394407,0.00015416428516927755,0.00013922642814550136,0.0001257556317558711,0.00011360543853575298,0.00010264430894065023,9.27540633722814e-5,8.382849208505953e-5,7.577211415238849e-5,6.849906891038117e-5,6.193212520100083e-5,5.600179545620109e-5,5.0645543152328656e-5,4.580707346377719e-5,4.1435698104489295e-5,3.748576635723621e-5,3.3916155193714696e-5,3.0689812165192606e-5,2.7773345452221333e-5,2.5136656079770357e-5,2.2752607844938244e-5,2.0596730992889813e-5,1.8646956106868195e-5,1.688337505709338e-5,1.5288026196056033e-5,1.3844701283514439e-5,1.2538771895982578e-5,1.1357033314514674e-5,1.0287564093014071e-5,9.319599701536325e-6,8.443418806740143e-6,7.65024090092762e-6,6.9321341278735424e-6,6.281932270189747e-6,5.6931599721722425e-6,5.15996536795865e-6,4.677059368578978e-6,4.239660939760439e-6,3.843447769516571e-6,3.484511787209748e-6,3.1593190491419656e-6,2.864673556006324e-6,2.5976846115051636e-6,2.3557373703766315e-6,2.1364662601675277e-6,1.9377309924499937e-6,1.7575949079206725e-6,1.5943054255783954e-6,1.4462763887268224e-6,1.3120721215909263e-6,5.951965144718368e-7
0.026619649139092205,0.041802670293813016,0.03496381728453879,0.029798385172533637,0.025669229745469924,0.022271817710326214,0.01942612979239705,0.017013197437751537,0.014948769670137696,0.013170317658467934,0.01162984443372811,0.010289566971097008,0.009119157914236786,0.008093896393784272,0.007193379318277071,0.006400594318961811,0.0057012350425163505,0.005083184093557527,0.004536115144927702,0.004051181759396408,0.003620770602501683,0.0032383033313723025,0.0028980758605329088,0.002595126730256858,0.0023251284163960106,0.002084296924629317,0.0018693161024005145,0.0016772739028270908,0.0015056084326536406,0.0013520620671169797,0.0012146422599084439,0.0010915879426818126,0.000981340616166615,0.0008825193987986799,0.0007938994285639697,0.0007143931177173782,0.0006430338440018609,0.0005789617297456348,0.0005214112159737105,0.0004697001842886104,0.00042322041686461073,0.00038142921626110014,0.0003438420328413525,0.0003100259695007577,0.0002795940516908714,0.0002522001663482218,0.00022753458650450874,0.0002053200094885039,0.00018530804622695404,0.00016727610730935677,0.00015102463848750336,0.00013637466433141744,0.00012316560392444014,0.00011125332700778583,0.00010050842287502863,9.081465767442668e-5,8.20675987313862e-5,7.417338706170221e-5,6.704764146689e-5,6.0614479577659336e-5,5.480564289176218e-5,4.9559714369690915e-5,4.482141846435324e-5,4.05409946076684e-5,3.667363620024492e-5,3.31789880427272e-5,3.0020695944336408e-5,2.7166002929515155e-5,2.458538708909367e-5,2.2252236667649077e-5,2.0142558455999067e-5,1.823471598889811e-5,1.6509194427710477e-5,1.494838934229661e-5,1.3536416908856098e-5,1.2258943301540222e-5,1.110303129530114e-5,1.005700230843597e-5,9.110312297261835e-6,8.253440085075455e-6,7.477786855588508e-6,6.775585672822511e-6,6.1398200101985e-6,5.564150374449102e-6,5.042848206403237e-6,4.570736325358154e-6,4.1431352577017715e-6,3.755814859578895e-6,3.4049507027038815e-6,3.0870847477635548e-6,2.7990898769760786e-6,2.5381379017805862e-6,2.301670700468136e-6,2.087374174952343e-6,1.8931547477632726e-6,1.7171181480452792e-6,1.5575502607295178e-6,1.4128998358039893e-6,1.2817628745246903e-6,1.1628685280010483e-6,5.275331800143048e-7
0.023538628308743925,0.036967619516303785,0.03092176151367776,0.02635501593930023,0.022704245951806812,0.01970029142604479,0.017184042648392017,0.015050348606026664,0.01322474270167151,0.011651956943936753,0.010289566971097008,0.009104175778296114,0.008068975906648568,0.007162115113928447,0.006365557402354893,0.005664263681357598,0.005045586619527351,0.004498813665956405,0.0040148153918136975,0.003585770466907126,0.003204947544490133,0.002866530165292182,0.002565474694808313,0.002297393981014695,0.0020584612874704616,0.0018453303860043596,0.0016550686568066603,0.0014851007516661352,0.0013331609044084508,0.0011972523709889021,0.0010756127868755544,0.0009666844646711303,0.00086908883840002,0.0007816044056923044,0.000703147633793675,0.0006327563872096063,0.0005695755089953746,0.000512844247579046,0.0004618852702816881,0.0004160950450143343,0.00037493540485115506,0.0003379261378939971,0.0003046384678927058,0.0002746893104560435,0.0002477362058450998,0.0002234728431484709,0.00020162510227593206,0.00018194755004717665,0.00016422033513432575,0.00014824643382676085,0.00013384920477899033,0.00012087021625037473,0.00010916731390713495,9.861290125903863e-5,8.909240824168246e-5,8.050292642292371e-5,7.275199192358973e-5,6.575649940404257e-5,5.944173243119504e-5,5.374049728627925e-5,4.859234875893544e-5,4.39428978145311e-5,3.9743192182106995e-5,3.5949161924184636e-5,3.25211229543587e-5,2.9423332257593284e-5,2.662358927279563e-5,2.4092878503207164e-5,2.1805048973271143e-5,1.9736526632758522e-5,1.786605623096244e-5,1.6174469565016845e-5,1.4644477342183756e-5,1.3260482191721737e-5,1.2008410629493418e-5,1.0875562009344262e-5,9.850472707256092e-6,8.922793970887483e-6,8.083182029837882e-6,7.323199212094599e-6,6.635224943066351e-6,6.01237562018663e-6,5.4484324628945486e-6,4.937776528813917e-6,4.4753301722607345e-6,4.056504296111045e-6,3.677150813481792e-6,3.3335197968462483e-6,3.0222208446776614e-6,2.7401882446856924e-6,2.484649554403617e-6,2.2530972591821536e-6,2.043263202013753e-6,1.8530955100401681e-6,1.6807377708162724e-6,1.5245102359139354e-6,1.38289285192185e-6,1.254509939035102e-6,1.1381163550588462e-6,1.032584999106397e-6,4.6844776191184237e-7
0.0208495479569627,0.032747283594303234,0.02739338489578269,0.023349076165771976,0.020115784759593747,0.017455210166076374,0.015226484278844377,0.013336510672420532,0.011719358856629697,0.010326095450043565,0.009119157914236786,0.008068975906648568,0.007151813035466165,0.006348319961251819,0.005642526050393157,0.00502111400734849,0.004472884131299273,0.003988349748216713,0.0035594258831473102,0.0031791857772717202,0.002841667785499359,0.0025417203586234477,0.0022748762695004796,0.0020372496092715825,0.0018254507332105124,0.0016365155125565509,0.0014678461017782092,0.0013171610574271887,0.0011824531124494247,0.001061953262512575,0.0009541000910782867,0.0008575134682621693,0.0007709719209506444,0.0006933930998340027,0.0006238168705515676,0.0005613906374813838,0.0005053565743958471,0.000455040489209255,0.00040984209366640503,0.0003692264845107417,0.00033271667207851723,0.00029988701680135933,0.00027035745450427074,0.00024378840853436085,0.0002198763010589598,0.00019834958809540962,0.00017896525313748851,0.00016150570295463216,0.00014577601664955133,0.00013160150544297726,0.00011882554613644632,0.00010730765593906138,9.692178038284995e-5,8.755476959469385e-5,7.91050212372872e-5,7.14812710591831e-5,6.460151430640634e-5,5.839204325053921e-5,5.2786587826384335e-5,4.772554791819571e-5,4.3155307148620356e-5,3.902761921238836e-5,3.5299058824454234e-5,3.1930530250129504e-5,2.8886827185968804e-5,2.613623845892064e-5,2.365019463537087e-5,2.140295116836706e-5,1.937130420124109e-5,1.753433557288896e-5,1.587318394376258e-5,1.437083929935472e-5,1.3011958385392044e-5,1.1782698890968349e-5,1.0670570432856066e-5,9.664300598766765e-6,8.753714495122154e-6,7.929626410235042e-6,7.183742347957589e-6,6.508572319876969e-6,5.897351400155923e-6,5.343968650416272e-6,4.842903116722633e-6,4.389166181370288e-6,3.978249627782673e-6,3.606078843201518e-6,3.2689706418294003e-6,2.963595245296045e-6,2.6869420038259237e-6,2.436288484889448e-6,2.2091725930725026e-6,2.0033674197348017e-6,1.8168585514907358e-6,1.6478235935200834e-6,1.4946136887324334e-6,1.3557368355386794e-6,1.2298428269049757e-6,1.1157096512188332e-6,1.012231211127758e-6,9.18406231101482e-7,4.1666411868604696e-7
0.018495212869004296,0.029051996717015416,0.024303782562363874,0.020716797655001395,0.017848971475494968,0.015489009700303868,0.01351200806926478,0.011835419615362497,0.010400784227823978,0.00916471234490182,0.008093896393784272,0.007162115113928447,0.006348319961251819,0.005635352230617605,0.0050090490193936965,0.004457600091889682,0.003971072871641959,0.003541053737827052,0.003160371990829816,0.0028228839704215677,0.002523301842209842,0.0022570561504371423,0.0020201842989365643,0.0018092392203192809,0.001621213959570461,0.001453478941582223,0.0013037294485165052,0.0011699413885398746,0.0010503338521459168,0.0009433372649766646,0.0008475661855857734,0.0007617959812758947,0.0006849427591469909,0.0006160460431442714,0.0005542537779142341,0.0004988093123886334,0.0004490400742548778,0.00040434769346348216,0.0003641993715988471,0.0003281203255812116,0.0002956871602398971,0.000266522046051482,0.000240287596426891,0.0002166823541352612,0.00019543680913360756,0.00017630988090905396,0.00015908580757509425,0.00014357139168673805,0.0001295935593977806,0.00011699719524299211,0.00010564321968891018,9.540688079542653e-5,8.617623491138189e-5,7.785079446937112e-5,7.034032364460993e-5,6.356376497269108e-5,5.744828207165302e-5,5.192840538953197e-5,4.694526943996508e-5,4.2445931359392825e-5,3.838276178570765e-5,3.471290011172203e-5,3.139776707826024e-5,2.840262846797413e-5,2.5696204371605975e-5,2.3250319118214055e-5,2.1039587514434712e-5,1.904113351388541e-5,1.723433787239703e-5,1.5600611723585577e-5,1.4123193340848648e-5,1.2786965651481475e-5,1.1578292332477225e-5,1.0484870550017575e-5,9.495598614947965e-6,8.600457007979412e-6,7.7904013949893e-6,7.0572663994934585e-6,6.393679027268351e-6,5.792980756144146e-6,5.249157406938575e-6,4.756776003166788e-6,4.310927911171448e-6,3.907177623882252e-6,3.5415166185107056e-6,3.2103217774014277e-6,2.9103179127116903e-6,2.6385439837132087e-6,2.3923226367863874e-6,2.1692327367072315e-6,1.9670845906266278e-6,1.783897597066545e-6,1.6178800793015916e-6,1.4674110864387151e-6,1.331023967719036e-6,1.2073915448570503e-6,1.0953127249202178e-6,9.937004121056798e-7,9.015705906480202e-7,8.180324640491403e-7,3.7113977363945725e-7
0.01642843301407393,0.02580777457144179,0.02159114733729861,0.018405560808456012,0.015858523722961204,0.01376243902505686,0.012006410391198263,0.010517147852392605,0.009242746523293488,0.008144681591381153,0.007193379318277071,0.006365557402354893,0.005642526050393157,0.0050090490193936965,0.004452549880622228,0.003962541037841091,0.0035302020114059557,0.0031480609778800003,0.0028097497034126687,0.0025098118804107034,0.0022435511203992425,0.002006908924338101,0.0017963656716824122,0.0016088595323416055,0.0014417195073008343,0.0012926097299557245,0.0011594828317050866,0.0010405406686452116,0.0009342010743482385,0.0008390695813105635,0.0007539152663066807,0.000677650038844917,0.0006093108197628601,0.000548044157896093,0.0004930929126693365,0.00044378469447615976,0.0003995218064153233,0.00035977247266870405,0.00032406317314066964,0.0002919719320685762,0.00026312243145989664,0.00023717883952351516,0.00021384126032272452,0.00019284172437512414,0.0001739406511825363,0.00015692372429584748,0.0001415991276294071,0.0001277950985964435,0.00011535775954843279,0.00010414919402612329,9.404573864555646e-5,8.493646517018305e-5,7.672183049959886e-5,6.931247509519602e-5,6.262815276007381e-5,5.659677675936073e-5,5.1153569087921064e-5,4.62403012692228e-5,4.180461643784781e-5,3.7799423675605485e-5,3.418235660684215e-5,3.0915289194167594e-5,2.796390248521849e-5,2.5297296768242168e-5,2.288764422542206e-5,2.0709877723295894e-5,1.874141187130498e-5,1.696189290227335e-5,1.535297431464773e-5,1.3898115552802822e-5,1.2582401296238531e-5,1.1392379194637592e-5,1.031591412015411e-5,9.342057214787046e-6,8.460928197511267e-6,7.663609557028968e-6,6.9420514040491104e-6,6.288985887338149e-6,5.697850191424799e-6,5.162717238724537e-6,4.678233310325688e-6,4.2395618811264495e-6,3.842333039667399e-6,3.482597926592534e-6,3.1567876853028017e-6,2.8616764707222036e-6,2.5943481078198347e-6,2.3521660343021997e-6,2.132746198573444e-6,1.9339326183091753e-6,1.7537753341409062e-6,1.5905105204374581e-6,1.4425425392095056e-6,1.308427744447096e-6,1.186859863945876e-6,1.0766568028272183e-6,9.767487286824731e-7,8.861673123665316e-7,8.04036010803627e-7,7.295612896889311e-7,3.310123470787104e-7
0.014609874265386846,0.02295294596595332,0.019203956523891008,0.016371500178818,0.014106691348576506,0.012242775058464522,0.010681175208958588,0.009356743584941013,0.00822334084628265,0.00724672095674761,0.006400594318961811,0.005664263681357598,0.00502111400734849,0.004457600091889682,0.003962541037841091,0.0035266127319038554,0.0031419729976731245,0.002801978528275857,0.002500967055341613,0.002234086985465754,0.0019971622849227558,0.001786584009649754,0.0015992222952644283,0.0014323542777116005,0.0012836045720792943,0.0011508957604547919,0.0010324069365466315,0.0009265387932610204,0.0008318840666365276,0.0007472023962820408,0.0006713988514709789,0.0006035055177769783,0.0005426656527628363,0.00048812000891244704,0.0004391949930247097,0.00039529238818744247,0.0003558804104022593,0.0003204859090094603,0.0002886875505791805,0.0002601098509016188,0.0002344179402812641,0.00021131296450492033,0.00019052803812787036,0.0001718246787195195,0.0001549896607162607,0.00013983223608157519,0.00012618167618175984,0.00011388509538033361,0.00010280552210883151,9.282018763801837e-5,8.381900660981269e-5,7.570322670380318e-5,6.838422763849952e-5,6.178245218743726e-5,5.582645402113897e-5,5.045204902500409e-5,4.5601558361949056e-5,4.1223132950388066e-5,3.727015024497949e-5,3.370067528996447e-5,3.047697893567697e-5,2.7565106940654694e-5,2.4934494401460583e-5,2.2557620581058094e-5,2.0409699767790358e-5,1.8468404286436793e-5,1.6713616220045437e-5,1.5127204777159672e-5,1.3692826582349432e-5,1.2395746467179389e-5,1.1222676600665437e-5,1.0161632034962005e-5,9.20180095048963e-6,8.333428068361861e-6,7.547709864128715e-6,6.836700360221125e-6,6.193226406164853e-6,5.6108114715717366e-6,5.083607077991195e-6,4.60633108901485e-6,4.17421215939726e-6,3.7829397164151955e-6,3.4286189131049245e-6,3.10773004958913e-6,2.8170920117589064e-6,2.553829323162194e-6,2.315342446629024e-6,2.099281010224843e-6,1.9035196647623108e-6,1.7261363105807259e-6,1.5653924572405027e-6,1.4197155042456765e-6,1.2876827523011233e-6,1.1680069735523572e-6,1.059523386831116e-6,9.611778991926201e-7,8.720164890273146e-7,7.911756185762302e-7,7.178735746604363e-7,6.514026466911025e-7,2.9556103004796966e-7
0.013006470960727434,0.0204356649811277,0.017098894096528205,0.014577735959454718,0.012561734862758467,0.010902504038229482,0.009512325288043966,0.008333225838514063,0.007324147662858521,0.0064546157682310035,0.0057012350425163505,0.005045586619527351,0.004472884131299273,0.003971072871641959,0.0035302020114059557,0.0031419729976731245,0.0027994060108919167,0.0024965880882593453,0.002228479294614713,0.0019907611298649805,0.0017797163001498015,0.0015921321977872063,0.0014252225863914253,0.0012765634609334942,0.0011440400819734756,0.0010258029158921218,0.0009202307440290512,0.0008258995937739065,0.0007415564358074951,0.0006660968112348689,0.0005985457205267327,0.000538041235853437,0.00048382039949665737,0.0004352070508159677,0.0003916012874462995,0.0003524703170286461,0.0003173404966633304,0.0002857903902653818,0.0002574447011546776,0.00023196895942760327,0.0002090648619612681,0.0001884661781739981,0.0001699351473668756,0.00015325930414587146,0.00013824867732741128,0.0001247333153401183,0.00011256109754947388,0.00010159579635516747,9.171535958663784e-5,8.281038669661874e-5,7.478277566613095e-5,6.754452048306496e-5,6.101664157143411e-5,5.512823375535057e-5,4.981561823805042e-5,4.5021586712909174e-5,4.069472716399533e-5,3.67888221612417e-5,3.32623115382436e-5,3.0077812304075665e-5,2.7201689459959745e-5,2.4603672132036925e-5,2.2256510072046732e-5,2.0135666137343646e-5,1.821904086121538e-5,1.6486725660125974e-5,1.4920781613711063e-5,1.3505041087974738e-5,1.2224929777750719e-5,1.106730701087356e-5,1.0020322389665273e-5,9.073287056078275e-6,8.216558052434223e-6,7.441434413204829e-6,6.7400637712271565e-6,6.1053583893961325e-6,5.53091964613245e-6,5.010970106163675e-6,4.540292398159539e-6,4.114174203855993e-6,3.7283587357672904e-6,3.3790001451115934e-6,3.062623360731874e-6,2.77608791017203e-6,2.5165553213247124e-6,2.2814597445603747e-6,2.0684814714783966e-6,1.8755230603255396e-6,1.700687807199583e-6,1.5422603293080574e-6,1.3986890496570429e-6,1.268570394341499e-6,1.150634532668153e-6,1.0437325072164806e-6,9.468246166027719e-7,8.589699273107472e-7,7.793168034238608e-7,7.070943542739737e-7,6.416047098058324e-7,5.822160425964582e-7,2.6417813177530823e-7
0.011590227158525979,0.018212032284501467,0.01523928165354066,0.012993038500597742,0.011196776439008127,0.009718325782286541,0.00847955468705891,0.007428825568223635,0.006529566735354736,0.005754632731677867,0.005083184093557527,0.004498813665956405,0.003988349748216713,0.003541053737827052,0.0031480609778800003,0.002801978528275857,0.0024965880882593453,0.002226621656642655,0.0019875888929237195,0.0017756420968298575,0.0015874691222077623,0.0014202074072568634,0.0012713742192656564,0.0011388095243111684,0.0010206288092878026,0.0009151838361297314,0.0008210297811009556,0.0007368975595042071,0.0006616703954730411,0.0005943638920455959,0.0005341090065015801,0.00048013745142980353,0.0004317691320366267,0.0003884013012705155,0.0003494991706240128,0.0003145877595631631,0.00028324480294919605,0.00025509456519880007,0.00022980243411244508,0.00020707018708465436,0.00018663183871208897,0.00016824999241781035,0.0001517126300218932,0.00013683028269601862,0.0001234335346692538,0.00011137081783006621,0.00010050646108234113,9.071896314324186e-5,8.189946163540099e-5,7.395037486580564e-5,6.678419572429947e-5,6.0322419761088325e-5,5.4494591742782796e-5,4.923745695236813e-5,4.449420518766662e-5,4.021379687068466e-5,3.6350361963573144e-5,3.286266349823816e-5,2.971361849136132e-5,2.686986987484913e-5,2.4301403801724056e-5,2.1981207347140886e-5,1.9884962194888992e-5,1.7990770398331564e-5,1.627890874981384e-5,1.4731608680735296e-5,1.333285896128086e-5,1.2068228766952085e-5,1.0924708951376628e-5,9.890569602241569e-6,8.955232164969512e-6,8.109154606550666e-6,7.343728257349838e-6,6.651185114417245e-6,6.024514521695264e-6,5.457388256270936e-6,4.944093154340143e-6,4.479470502565669e-6,4.05886150073263e-6,3.678058175673535e-6,3.333259191029374e-6,3.0210300549331147e-6,2.738267280438301e-6,2.4821660984241325e-6,2.250191364840248e-6,2.0400513411475885e-6,1.8496740591119823e-6,1.6771860113389588e-6,1.5208929348585502e-6,1.3792624792803607e-6,1.2509085716410354e-6,1.1345773095027198e-6,1.0291342308581654e-6,9.335528244458271e-7,8.469041580436031e-7,7.683475144381635e-7,6.971219358892695e-7,6.32538587880283e-7,5.739738616727388e-7,5.208631433355159e-7,2.3634759206427076e-7
