0.06134155474834846,0.09302249170849386,0.07585901707945597,0.06318833468065921,0.053268370516620145,0.04526664257707902,0.038692098008413556,0.03322148772402811,0.028627153732619925,0.024741298742209428,0.02143616393074349,0.01861209522550772,0.016189903383146242,0.014105733417538402,0.012307485238527288,0.010752237877407284,0.00940434789730718,0.008234015224695468,0.007216181849330955,0.006329673076220038,0.005556519056167622,0.00488141263895428,0.004291271873136979,0.003774883906963594,0.003322612951525944,0.002926159182993035,0.0025783585231562364,0.0022730154937497665,0.002004763026877833,0.0017689443895399712,0.0015615133579470301,0.0013789495328352316,0.0012181862769848062,0.0010765492214408513,0.0009517036560529393,0.0008416094154348359,0.000744482109649695,0.0006587597415347365,0.0005830739101583306,0.0005162249288016649,0.0004571602919606621,0.0004049560138218635,0.0003588004336850907,0.0003179801447769984,0.00028186775378609245,0.0002499112214002924,0.00022162457023150797,0.000196579776967477,0.00017439969149783295,0.00015475184771805229,0.00013734304941991288,0.0001219146306606308,0.00010823830362278021,9.611251870875041e-5,8.53592716510644e-5,7.582130103858035e-5,6.735962710892871e-5,5.9851389071829096e-5,5.318794375588627e-5,4.72731931830425e-5,4.2022112799101506e-5,3.7359455702805616e-5,3.3218611334628e-5,2.9540599792879417e-5,2.6273185307957832e-5,2.337009445684251e-5,2.079032649392442e-5,1.8497544725430692e-5,1.6459539223408193e-5,1.4647752363988937e-5,1.3036859710605184e-5,1.1604399674156556e-5,1.0330446178366082e-5,9.19731925388647e-6,8.189329097738995e-6,7.292549667219886e-6,6.494618349415544e-6,5.784558660138208e-6,5.1526232863048865e-6,4.590155105775441e-6,4.0894640979653745e-6,3.6437183040293673e-6,3.24684721327389e-6,2.8934561413307083e-6,2.5787503345899875e-6,2.29846768325511e-6,2.0488190548312668e-6,1.8264353755684956e-6,1.628320688018443e-6,1.4518105028596042e-6,1.29453484128825e-6,1.1543854343851796e-6,1.0294866072355712e-6,9.181694296431131e-7,8.189487635090116e-7,7.305028791336067e-7,6.516553502727074e-7,5.813589709424267e-7,5.18681466102558e-7,4.6279279442044593e-7,2.0647693212944974e-7
0.09302249170849386,0.1410960151969074,0.11508054535929979,0.09587229964252586,0.08083209217585652,0.06869873433085316,0.05872828101101857,0.050430995658375055,0.04346195288443033,0.03756691022402814,0.032552279787466776,0.028267050342890676,0.024591214041254916,0.02142799446695831,0.018698424525518564,0.016337444581053795,0.014291021845813379,0.012513977808783577,0.01096831988172245,0.009621940452701178,0.008447589017835183,0.007422050809383407,0.006525483939915061,0.005740879852438971,0.005053620813386506,0.004451114570937192,0.003922490939754386,0.0034583484906460515,0.003050542078690051,0.0026920038755249634,0.0023765920523678014,0.002098962404640796,0.0018544591027134655,0.001639021458012209,0.0014491041528275905,0.0012816088297070531,0.00113382529712127,0.001003380899833397,0.0008881968410908367,0.0007864504390103048,0.0006965424602509967,0.0006170688073149824,0.0005467959464291391,0.00048463955533271756,0.0004296459473868211,0.00038097589349621926,0.0003378905180361257,0.00029973899112287206,0.00026594777882458457,0.00023601124618030395,0.00020948343624285423,0.00018597087258481965,0.00016512625334966485,0.00014664292271246524,0.00013025002083013248,0.00011570822642617464,0.00010280601745034281,9.135638497845288e-5,8.119394389950524e-5,7.217239123346588e-5,6.416226917728917e-5,5.7048995457961585e-5,5.073112830154434e-5,4.511883743233628e-5,4.0132556101267806e-5,3.570179225456801e-5,3.176407967566037e-5,2.8264052286789657e-5,2.5152626873916348e-5,2.2386281302460437e-5,1.992641686371935e-5,1.7738794775075558e-5,1.5793038065790486e-5,1.4062191135741906e-5,1.2522330205219125e-5,1.115221868246808e-5,9.933002192462142e-6,8.847938637079444e-6,7.882159203938732e-6,7.022456727209006e-6,6.257098227982949e-6,5.5756588347367935e-6,4.968874615421561e-6,4.428512139709051e-6,3.947252846692742e-6,3.518590518067485e-6,3.1367403535566914e-6,2.796558321248038e-6,2.4934696084856004e-6,2.2234051357980468e-6,1.9827452151496757e-6,1.7682695404246825e-6,1.5771127913794962e-6,1.4067252145247477e-6,1.2548376177605236e-6,1.1194302797646252e-6,9.987053322977758e-7,8.910622240473009e-7,7.950759189645913e-7,7.094775217295806e-7,3.1656852894613987e-7
0.07585901707945597,0.11508054535929979,0.09387249227961969,0.07821214786830755,0.06594882625536025,0.05605477535707992,0.047923741159698996,0.04115662028358169,0.03547231299551257,0.030663615102099362,0.02657274869887749,0.023076631144789195,0.020077444509093878,0.017496302586452184,0.01526883268914958,0.013341996208647955,0.011671741331674562,0.010221232688286369,0.008959491849254347,0.007860337195487205,0.006901546297698069,0.006064186554406811,0.005332074993522604,0.004691338548222998,0.00413005340799362,0.003637947248703491,0.0032061519250990433,0.0028269969935929076,0.0024938365150166328,0.0022009031612837543,0.0019431848564774104,0.001716320115235731,0.0015165089694055486,0.0013404369481430471,0.0011852100321628999,0.0010482988674977226,0.0009274908181074425,0.0008208486743857234,0.0007266750290997742,0.0006434814913940587,0.0005699620404529902,0.0005049699289922903,0.0004474976368870204,0.0003966594505161805,0.00035167630622740583,0.000311862589357937,0.00027661462482873444,0.00024540063293795444,0.00021775195597597847,0.0001932553884033991,0.00017154646643884573,0.00015230359264943203,0.00013524288796379954,0.00012011367802422469,0.00010669453319856999,9.478979222460066e-5,8.422650866862801e-5,7.485176730988113e-5,6.653032439652394e-5,5.9142531669163214e-5,5.2582509147825916e-5,4.6756536148652396e-5,4.158163385444783e-5,3.6984316111487894e-5,3.289948804924292e-5,2.9269474658152254e-5,2.604316368111381e-5,2.3175249094378432e-5,2.0625563148200842e-5,1.8358486409565244e-5,1.6342426532202435e-5,1.454935760793869e-5,1.2954412939800868e-5,1.153552493877343e-5,1.0273106605788909e-5,9.14976972050919e-6,8.15007544357029e-6,7.260313550577709e-6,6.468306962751746e-6,5.763238635983497e-6,5.135498216480859e-6,4.576546175704779e-6,4.078793407621162e-6,3.6354945056507306e-6,3.240653146424467e-6,2.888938190999163e-6,2.5756092748948267e-6,2.296450802003372e-6,2.0477133823982007e-6,1.8260618658694482e-6,1.628529220078593e-6,1.45247558935276e-6,1.295551946401602e-6,1.1556678164351352e-6,1.0309626131220445e-6,9.197801782791812e-7,8.206461639107206e-7,7.322479364620944e-7,6.534167193963612e-7,5.831117226414305e-7,2.6020301800252946e-7
0.06318833468065921,0.09587229964252586,0.07821214786830755,0.06517041608715934,0.054956813579414066,0.046715808582306284,0.03994273129458903,0.03430534594638601,0.02956964348546065,0.025563125725090785,0.022154437215405776,0.019241103302660267,0.01674168030292955,0.01459048406342861,0.012733912349257914,0.011127798348284895,0.009735456832553474,0.008526210534158418,0.007474258493300634,0.006557793589150873,0.00575830527739489,0.0050600223781587655,0.004449463374256071,0.0039150703407236365,0.0034469086945258798,0.0030364192839570717,0.002676212483059666,0.0023598962739674392,0.002081932032788003,0.001837513044923425,0.0016224617799623989,0.0014331427322821604,0.0012663882394959823,0.00111943516879821,0.0009898707403936738,0.0008755860607095878,0.0007747361827721861,0.0006857057089797169,0.0006070791133855127,0.000537615093026968,0.000476224366846429,0.00042195043112598814,0.0003739528553893378,0.0003314927653820651,0.00029392021203841334,0.00026066316949089046,0.0002312179422921945,0.00020514079332915273,0.00018204063054681058,0.00016157261317950459,0.00014343255742357537,0.0001273520379277385,0.0001130940954884572,0.00010044947340919408,8.92333153120256e-5,7.928226606056959e-5,7.045192512305132e-5,6.26146083083914e-5,5.5657379500637484e-5,4.9480318973022875e-5,4.399499911115828e-5,3.912314209873421e-5,3.479543733298635e-5,3.095049912659397e-5,2.7533947689041224e-5,2.449759849551601e-5,2.1798747001659595e-5,1.9399537262379573e-5,1.726640442517032e-5,1.5369582295096792e-5,1.3682668237769097e-5,1.2182238627493809e-5,1.0847508869952035e-5,9.66003274684526e-6,8.603436463241998e-6,7.663183328544251e-6,6.826365489818076e-6,6.081519562799466e-6,5.41846337826704e-6,4.828151392407428e-6,4.302546598680191e-6,3.834507032643333e-6,3.4176851866621262e-6,3.0464388468840414e-6,2.7157520398008456e-6,2.4211649288300902e-6,2.1587116354054384e-6,1.9248650789456087e-6,1.7164880343403048e-6,1.530789698873504e-6,1.3652871414974363e-6,1.2177710800779335e-6,1.086275495873855e-6,9.690506505929664e-7,8.645391214121729e-7,7.713545131301013e-7,6.882625456249289e-7,6.141642492233323e-7,5.48081030841888e-7,4.891414008475686e-7,2.1828458721033118e-7
0.053268370516620145,0.08083209217585652,0.06594882625536025,0.054956813579414066,0.04634775250163092,0.039400864374994904,0.033690964381658195,0.02893813849046767,0.024945225444415076,0.021566884797667607,0.018692437578279153,0.016235536186581745,0.014127551338300681,0.012313131181783121,0.010747103126446444,0.00939224432356825,0.008217635661618872,0.007197420305668278,0.006309850320764032,0.005536543211094647,0.004861894480304746,0.004272608172828304,0.0037573179843631427,0.003306278825819922,0.0029111138367458184,0.0025646054923676165,0.0022605220983908866,0.001993472920001335,0.0017587866511117461,0.001552409033649043,0.0013708162826173986,0.0012109416263565952,0.00107011278188816,0.0009459985878259441,0.0008365633367007491,0.0007400276042201694,0.0006548345791036799,0.0005796210637998254,0.0005131924527626407,0.00045450110651950974,0.000402627631595813,0.000356764652498758,0.0003162027251740092,0.0002803180941373948,0.00024856203954382386,0.00022045159765196956,0.00019556146941310118,0.00017351695829345617,0.000153987800885358,0.0001366827728878921,0.00012134496924880167,0.00010774767111443838,9.569072404216178e-5,8.499736210306787e-5,7.55114212086347e-5,6.709489247109222e-5,5.9625772872028745e-5,5.299617608031594e-5,4.711067105876883e-5,4.188482027678623e-5,3.7243892927463803e-5,3.312173168715585e-5,2.9459754265067847e-5,2.6206073342301497e-5,2.331472055408675e-5,2.0744961952378542e-5,1.8460693946251302e-5,1.6429910066713925e-5,1.462423009359335e-5,1.3018484116740514e-5,1.1590345005588947e-5,1.0320003554700042e-5,9.189881266457347e-6,8.184376337831668e-6,7.289638952406342e-6,6.493372443019724e-6,5.784657301975257e-6,5.1537953756925235e-6,4.592171894886413e-6,4.092133270627431e-6,3.646878830425193e-6,3.2503648828010684e-6,2.897219689109111e-6,2.5826680863404305e-6,2.3024646523123126e-6,2.0528344338943295e-6,1.830420372090647e-6,1.632236659009908e-6,1.4556273497847126e-6,1.2982296312679565e-6,1.157941217720461e-6,1.0328914051032583e-6,9.214153693333773e-7,8.220313412224029e-7,7.334203330866095e-7,6.544081289949917e-7,5.83949283569172e-7,5.211129033364388e-7,4.6507001019594694e-7,4.150823094417435e-7,1.8524610246276088e-7
0.04526664257707902,0.06869873433085316,0.05605477535707992,0.046715808582306284,0.039400864374994904,0.033497798687864955,0.028645506140972943,0.02460625429286767,0.02121258910591628,0.018341065693755154,0.015897675742397477,0.013809074742358318,0.012016965935036844,0.01047432896733641,0.009142788825667852,0.007990722454190913,0.0069918609059733405,0.006124235039152562,0.005369365857157929,0.004711633111200972,0.004137776397198478,0.0036364964433614755,0.0031981333103931336,0.0028144044222528086,0.002478189686281676,0.0021833540594599285,0.0019246001679074573,0.0016973452445964432,0.001497617889698634,0.0013219710952591564,0.001167408694233936,0.0010313229490121617,0.0009114414280194348,0.0008057816608581722,0.0007126123336423235,0.000630420003292987,0.0005578804845932355,0.000493834205331202,0.0004372649406661072,0.00038728143258577336,0.00034310147831002457,0.0003040381361537293,0.0002694877510451268,0.0002389195467275059,0.00021186656909173013,0.00018791779667883717,0.00016671126095072712,0.00014792804133380126,0.0001312870191059099,0.00011654029035752843,0.00010346915202842774,9.188058679075804e-5,8.160418257999267e-5,7.248943121808231e-5,6.44033579692792e-5,5.722844022089781e-5,5.086077897402744e-5,4.520849155899265e-5,4.019029806754629e-5,3.573427754397559e-5,3.1776773020526024e-5,2.8261427150637797e-5,2.513833249628741e-5,2.2363282524564957e-5,1.9897111114696548e-5,1.770510989261662e-5,1.575651403649573e-5,1.4024048343498597e-5,1.2483526360593819e-5,1.111349626180792e-5,9.894927921006021e-6,8.810936304045355e-6,7.846536893851852e-6,6.988429377065216e-6,6.224806275236056e-6,5.545183598289555e-6,4.940250948026848e-6,4.401738805555715e-6,3.92230100379503e-6,3.4954106237499474e-6,3.1152677606328933e-6,2.776717788229213e-6,2.4751789118042483e-6,2.2065779402014255e-6,1.9672933334278296e-6,1.7541046920002443e-6,1.5641479506214914e-6,1.394875624888278e-6,1.2440215346480207e-6,1.1095694946584953e-6,9.897255214089659e-7,8.828931572238048e-7,7.876515585192548e-7,7.027360353994781e-7,6.270207657639533e-7,5.595034385791896e-7,4.992916090202085e-7,4.4559057295405865e-7,3.976925900009106e-7,3.549673038954397e-7,1.584266130110414e-7
0.038692098008413556,0.05872828101101857,0.047923741159698996,0.03994273129458903,0.033690964381658195,0.028645506140972943,0.024497873158692507,0.021044973026375757,0.018143748166604023,0.01568873546349825,0.01359961783557645,0.011813730283137036,0.010281262525394824,0.008962037444433052,0.007823263581446388,0.006837917773584973,0.005983551078719826,0.005241388156919394,0.00459563562625126,0.0040329426893249976,0.003541974935874284,0.0031130737278589754,0.002737981283371174,0.002409616868244542,0.0021218932121564033,0.0018695649122422373,0.0016481025094226068,0.0014535873387286173,0.0012826233136049095,0.0011322626047429105,0.0009999427875744746,0.0008834335066817238,0.0007807910756307806,0.0006903197227383882,0.0006105384249278454,0.0005401524572762346,0.0004780289353616962,0.00042317574841053453,0.000374723380163906,0.0003319091953046145,0.00029406383590110767,0.00026059942755886096,0.0002309993408270098,0.00020480929170649687,0.00018162959707242144,0.00016110842781236982,0.00014293592517225506,0.0001268390649443586,0.00011257717042137188,9.993798884787687e-5,8.873425786642183e-5,7.88006985120973e-5,6.999137988042588e-5,6.217740797895646e-5,5.5244897593342834e-5,4.909319142680686e-5,4.363329546612927e-5,3.87865035696574e-5,3.4483187757529984e-5,3.066173371881831e-5,2.7267603651473407e-5,2.425251083170674e-5,2.1573692277948608e-5,1.91932675832935e-5,1.7077673483105276e-5,1.5197165020494174e-5,1.3525375306366948e-5,1.2038926851369331e-5,1.0717088312856932e-5,9.541471252187645e-6,8.495762153262287e-6,7.565485530317868e-6,6.737794457324837e-6,6.001285291896619e-6,5.345833755241914e-6,4.762449867331463e-6,4.243149535903144e-6,3.780840859812681e-6,3.36922343587023e-6,3.002699161551004e-6,2.67629320340076e-6,2.385583956963492e-6,2.1266409625978437e-6,1.8959698616513997e-6,1.6904635849930311e-6,1.5073590600255045e-6,1.3441988047183874e-6,1.1987968509254382e-6,1.0692085033762426e-6,9.537034981184352e-7,8.507421740122939e-7,7.589543156240458e-7,6.77120365032886e-7,6.041547345852722e-7,5.390909834436264e-7,4.810686477337387e-7,4.2932153811813765e-7,3.831673398332206e-7,3.419983688666175e-7,3.052733546423186e-7,1.3625506713583997e-7
0.03322148772402811,0.050430995658375055,0.04115662028358169,0.03430534594638601,0.02893813849046767,0.02460625429286767,0.021044973026375757,0.018080011139329444,0.015588601137835889,0.0134802354029811,0.011685984240914826,0.010152065404101018,0.008835727554455441,0.007702485912074508,0.0067241937213376735,0.005877654424792572,0.0051435970467995085,0.004505903381265261,0.003951014491456475,0.0034674678665731623,0.0030455316896149665,0.002676912539935003,0.0023545194693867857,0.002072271932336063,0.001824942231361551,0.0016080254110399234,0.0014176311815083074,0.0012503936685373702,0.0011033956952298946,0.0009741049873654289,0.0008603202208701359,0.0007601252366965325,0.0006718500660778046,0.000594037659662915,0.0005254154127953704,0.00046487073831479736,0.0004114300665413913,0.00036424075583153283,0.0003225554819710095,0.00028571874410678044,0.00025315518207950916,0.0002243594474141495,0.0001988874095760016,0.00017634851196457685,0.0001563991195489096,0.00013873672320908114,0.00012309488532069764,0.0001092388275477146,9.696157578894279e-5,8.608058907402186e-5,7.64348093030586e-5,6.788207735596973e-5,6.02968684543289e-5,5.3568305998176165e-5,4.7598418525706754e-5,4.2300609103465146e-5,3.7598310484565156e-5,3.34238028428717e-5,2.9717173882824657e-5,2.64254037299947e-5,2.350155924084389e-5,2.0904084328562554e-5,1.8596174592202088e-5,1.6545226003685843e-5,1.472234868923005e-5,1.3101937954751908e-5,1.1661295678790014e-5,1.0380296038676854e-5,9.241090279404858e-6,8.227845880706545e-6,7.3265160410614354e-6,6.524635893093194e-6,5.811142298101432e-6,5.176214445976187e-6,4.611132820643007e-6,4.1081543812927925e-6,3.6604020669671518e-6,3.261766957110459e-6,2.9068216171744988e-6,2.5907433330371254e-6,2.309246090490421e-6,2.058520290138724e-6,1.8351793071301638e-6,1.6362121083796435e-6,1.4589412323806864e-6,1.3009855176181161e-6,1.160227036447594e-6,1.0347817546956126e-6,9.229734923681945e-7,8.23310810201678e-7,7.344664896330837e-7,6.552593122460378e-7,5.846378784335316e-7,5.216662347049649e-7,4.655111055685395e-7,4.1543054910579954e-7,3.7076387601976186e-7,3.309226901838752e-7,2.9538292475295136e-7,2.636777622572415e-7,1.176956698700477e-7
0.028627153732619925,0.04346195288443033,0.03547231299551257,0.02956964348546065,0.024945225444415076,0.02121258910591628,0.018143748166604023,0.015588601137835889,0.013441412317206525,0.011624228272490766,0.010077678582075394,0.008755437974525632,0.007620681234007998,0.006643702596222739,0.005800254936142904,0.005070354599976096,0.0044373990219224585,0.003887501185249831,0.0034089784995226385,0.002991954193728108,0.0026280423373747155,0.0023100961004466486,0.002032004560146815,0.0017885272731959362,0.00157515857224666,0.0013880155002559333,0.0012237447169269368,0.0010794447576369832,0.0009526008074968971,0.0008410297446935118,0.0007428336606092045,0.0006563604145180275,0.0005801700542160202,0.0005130061496884646,0.0004537712580695262,0.00040150587516787385,0.0003553703392987122,0.00031462924248606364,0.00027863797719186647,0.0002468311065225992,0.00021871229508934123,0.0001938455785132822,0.00017184778345703507,0.000152381938366016,0.00013515153872893865,0.00011989555061429728,0.00010638405301059651,9.441443364807504e-5,8.380806502108562e-5,7.440739753777383e-5,6.607341542224591e-5,5.86834084300989e-5,5.2129018775503005e-5,4.631452812954378e-5,4.115535422359422e-5,3.657673060595613e-5,3.251254657208886e-5,2.8904327278857938e-5,2.570033663103731e-5,2.285478777334357e-5,2.032714794577504e-5,1.80815261477047e-5,1.608613351289682e-5,1.4312807562209102e-5,1.2736592605621538e-5,1.1335369524564443e-5,1.0089529005012095e-5,8.98168301777198e-6,7.996409983493765e-6,7.120029616888233e-6,6.340403930168431e-6,5.646761303137847e-6,5.02954090092512e-6,4.480255046715136e-6,3.991367444745986e-6,3.5561853989982822e-6,3.1687643949067745e-6,2.8238236054995656e-6,2.5166710528159837e-6,2.243137306112598e-6,1.9995167298973477e-6,1.7825154104890727e-6,1.5892049925260747e-6,1.416981745901179e-6,1.2635302633504828e-6,1.1267912587334604e-6,1.0049329971724869e-6,8.963259429156999e-7,7.995202583605626e-7,7.132258302583765e-7,6.36294536092395e-7,5.677044968308706e-7,5.065460913288713e-7,4.520095332751161e-7,4.0337383445720126e-7,3.5999699813240423e-7,3.2130730413025336e-7,2.8679556306445206e-7,2.5600823087450155e-7,2.2854128731563917e-7,1.0201739646450952e-7
0.024741298742209428,0.03756691022402814,0.030663615102099362,0.025563125725090785,0.021566884797667607,0.018341065693755154,0.01568873546349825,0.0134802354029811,0.011624228272490766,0.01005337406364637,0.008716384090193346,0.00757323767129045,0.006592120082702629,0.005747366336696008,0.005018026676255477,0.004386834262139511,0.0038394430207253916,0.0033638527850058664,0.0029499678075447164,0.0025892524551377055,0.002274459134207721,0.0019994108366620175,0.0017588256166216829,0.0015481736862862673,0.00136356018557943,0.0012016283690008296,0.0010594791797881448,0.0009346040851727216,0.0008248287221110304,0.0007282654137430455,0.0006432730083706598,0.0005684227952976947,0.0005024694881377318,0.0004443264525295955,0.000393044503020603,0.00034779371221778897,0.0003078477707160821,0.00027257051346037207,0.00024140429132910642,0.00021385991837213295,0.00018950796765270384,0.00016797122389814465,0.00014891813043512456,0.00013205709233379218,0.00011713151809186577,0.00010391549942122746,9.221004318686371e-5,8.183978177161641e-5,7.26500985426847e-5,6.450461391417704e-5,5.7282985015077396e-5,5.087897839617492e-5,4.5198780684929446e-5,4.015951681618599e-5,3.568794950532328e-5,3.171933709926651e-5,2.8196429941144724e-5,2.506858796829124e-5,2.2291004491007196e-5,1.9824023039761117e-5,1.7632535831745195e-5,1.5685453866394212e-5,1.3955239918568855e-5,1.2417496791185636e-5,1.1050604144154569e-5,9.835398045782373e-6,8.754888118543447e-6,7.7940077787276e-6,6.939393623757472e-6,6.179190502526673e-6,5.502879223916426e-6,4.901124228231393e-6,4.365638869340815e-6,3.889066237529326e-6,3.4648737020648177e-6,3.0872595688374928e-6,2.7510704403528114e-6,2.451728033227055e-6,2.1851643549002003e-6,1.9477642716083144e-6,1.7363146134403735e-6,1.547959062362388e-6,1.3801581579676221e-6,1.2306538327601606e-6,1.0974379577844112e-6,9.787244398193408e-7,8.729244642544508e-7,7.786245250980301e-7,6.945669247391641e-7,6.196324629401932e-7,5.528250665354147e-7,4.932581400570021e-7,4.40142442674205e-7,3.9277531901179897e-7,3.5053113121858006e-7,3.128527569835858e-7,2.79244033642243e-7,2.4926304215305363e-7,2.2251613671116894e-7,1.9865263650139864e-7,8.868005277187312e-8
0.02143616393074349,0.032552279787466776,0.02657274869887749,0.022154437215405776,0.018692437578279153,0.015897675742397477,0.01359961783557645,0.011685984240914826,0.010077678582075394,0.008716384090193346,0.007557683149126165,0.006566915400097684,0.005716526317151624,0.004984286736046686,0.004352050724491713,0.0038048617073849766,0.0033302925199163724,0.002917947633738281,0.0025590808664726072,0.0022462972381257773,0.001973317370041132,0.001734789178254155,0.001526135873839117,0.0013434322076302692,0.001183302945668565,0.0010428390239676615,0.0009195278933134543,0.0008111953472578794,0.0007159567114268291,0.000632175714590337,0.0005584297009523925,0.0004934801050735273,0.0004362473154036397,0.0003857892137362788,0.0003412828058830097,0.0003020084613299008,0.0002673363622473675,0.00023671482902294736,0.00020966024414925764,0.00018574834101743815,0.00016460666098119282,0.00014590801258358927,0.00012936479218538617,0.00011472404640426462,0.00010176317444563453,9.028618332770368e-5,8.012042154947104e-5,7.111372733611455e-5,6.313193660526981e-5,5.605670343502341e-5,4.9783592323173224e-5,4.422040709151651e-5,3.928572603139561e-5,3.4907616974276284e-5,3.102250946946338e-5,2.7574204255931983e-5,2.4513002814390364e-5,2.179494202419525e-5,1.9381120879692333e-5,1.7237107901588026e-5,1.5332419319997786e-5,1.3640059369715183e-5,1.2136115129247004e-5,1.079939928233528e-5,9.611135008327434e-6,8.554677926436586e-6,7.615270647892241e-6,6.77982603391401e-6,6.036735737855982e-6,5.375701027269595e-6,4.787583245515503e-6,4.26427159293011e-6,3.7985661875961763e-6,3.384074610427381e-6,3.015120355157119e-6,2.6866617913937475e-6,2.394220415318055e-6,2.133817308156437e-6,1.9019168496518647e-6,1.6953768467755357e-6,1.511404336595926e-6,1.3475164089980924e-6,1.2015054720307047e-6,1.0714084494844165e-6,9.554794601613623e-7,8.521655806944477e-7,7.600853396623349e-7,6.780096318102328e-7,6.04844776904313e-7,5.396174797247996e-7,4.814614754659228e-7,4.296056697539866e-7,3.833636043315085e-7,3.4212409870279386e-7,3.053429352237953e-7,2.7253547015664314e-7,2.4327006661395013e-7,2.171622571558329e-7,1.938695542060838e-7,1.7308683577378734e-7,7.727112108536127e-8
0.01861209522550772,0.028267050342890676,0.023076631144789195,0.019241103302660267,0.016235536186581745,0.013809074742358318,0.011813730283137036,0.010152065404101018,0.008755437974525632,0.00757323767129045,0.006566915400097684,0.005706389156375266,0.004967743260435309,0.00433168336606593,0.0037824586127064713,0.0033070859718947465,0.002894777580348805,0.0025365087948700654,0.0022246864546962702,0.0019528901597982845,0.0017156678185589122,0.0015083722338127548,0.0013270291933807701,0.00116823006913842,0.0010290437065743202,0.0009069436555912934,0.0007997477149035426,0.0007055674413061312,0.0006227657826549,0.0005499213771950444,0.00048579835602840203,0.00042932071280276686,0.00037955048220207014,0.0003356691088023424,0.0002969614989106733,0.00026280233691022836,0.00023264431931398297,0.00020600801769042696,0.000182473129055968,0.00016167091113151186,0.0001432776318060422,0.00012700888863982455,0.00011261467623470325,9.987509767048837e-5,8.859663154144807e-5,7.860887907663633e-5,6.976172671575723e-5,6.192286869921527e-5,5.497564204993478e-5,4.881713295306581e-5,4.335651918888279e-5,3.8513618103781485e-5,3.421761372071684e-5,3.040594013854357e-5,2.702330140650223e-5,2.4020810668567516e-5,2.1355233628783936e-5,1.8988323332073845e-5,1.688623493057204e-5,1.5019010565077906e-5,1.336012574239113e-5,1.1886089686760393e-5,1.0576093091021343e-5,9.411697515498887e-6,8.376561401487542e-6,7.456198290251519e-6,6.6377633847413905e-6,5.909865063628207e-6,5.262398374540405e-6,4.686397895939588e-6,4.1739076731563514e-6,3.7178662124135294e-6,3.3120047599452572e-6,2.9507573058735597e-6,2.6291809400641044e-6,2.3428853501516566e-6,2.0879703965240567e-6,1.8609708255330073e-6,1.6588072926360234e-6,1.4787429653914036e-6,1.3183450619824121e-6,1.1754507563628703e-6,1.0481369481161883e-6,9.346934532021838e-7,8.335992237963696e-7,7.435012509755167e-7,6.631958438930625e-7,5.916120147883185e-7,5.277967302261883e-7,4.709018167671762e-7,4.2017233340668606e-7,3.749362448118855e-7,3.3459524837335504e-7,2.986166248262088e-7,2.6652599714329603e-7,2.3790089548107093e-7,2.1236503761771316e-7,1.8958324461966098e-7,1.6925692052194956e-7,1.5112003291510343e-7,6.746776923418541e-8
0.016189903383146242,0.024591214041254916,0.020077444509093878,0.01674168030292955,0.014127551338300681,0.012016965935036844,0.010281262525394824,0.008835727554455441,0.007620681234007998,0.006592120082702629,0.005716526317151624,0.004967743260435309,0.004324975167920006,0.003771444091706322,0.0032934528569371485,0.00287971074879418,0.0025208356632871465,0.002208978591951412,0.0019375352196332601,0.0017009209968728914,0.0014943933900093895,0.0013139098070252368,0.0011560129112106327,0.0010177372409971852,0.0008965325998872668,0.0007902007833832016,0.0006968430109725986,0.0006148160214122702,0.0005426952307731586,0.00047924368634110794,0.0004233858051707305,0.0003741850836715861,0.00033082511889965995,0.0002925934039149881,0.0002588674561024053,0.00022910291463754725,0.00020282330559116216,0.0001796112235500488,0.0001591007198659209,0.00014097072137575582,0.00012493933120835644,0.00011075888632091583,9.8211665530989e-5,8.710615778125008e-5,7.72738137066705e-5,6.85662148326464e-5,6.0852604199107324e-5,5.4017730193380324e-5,4.79599621731429e-5,4.258964222441427e-5,3.782764231179765e-5,3.360410027787423e-5,2.9857311728303105e-5,2.6532757924763433e-5,2.358225244885817e-5,2.0963191668661285e-5,1.8637896002060583e-5,1.657303066131407e-5,1.473909602062748e-5,1.3109979018126414e-5,1.1662558091930862e-5,1.037635510473713e-5,9.23322853544679e-6,8.217102931924844e-6,7.313730244287703e-6,6.510479201142787e-6,5.796149366492302e-6,5.160806926062452e-6,4.595639614927624e-6,4.092828513795806e-6,3.6454347163882223e-6,3.247299112554147e-6,2.8929537434971208e-6,2.577543370484816e-6,2.296756061672619e-6,2.0467617435224807e-6,1.824157789173344e-6,1.6259208262231795e-6,1.449364042524159e-6,1.292099354103504e-6,1.1520038739848275e-6,1.0271901863490359e-6,9.159799888145925e-7,8.168807161929512e-7,7.285648043848637e-7,6.498512927514642e-7,5.796894980330863e-7,5.171445239835996e-7,4.613843979340575e-7,4.1166864971786964e-7,3.6733816941636384e-7,3.2780619927817726e-7,2.925503317086378e-7,2.611053998068596e-7,2.3305715995219343e-7,2.0803667733629444e-7,1.857153354962152e-7,1.6580039987633524e-7,1.480310733325075e-7,1.321749885574151e-7,5.9012544313072656e-8
0.014105733417538402,0.02142799446695831,0.017496302586452184,0.01459048406342861,0.012313131181783121,0.01047432896733641,0.008962037444433052,0.007702485912074508,0.006643702596222739,0.005747366336696008,0.004984286736046686,0.00433168336606593,0.003771444091706322,0.003288955524254497,0.002872287101117761,0.002511603922017193,0.002198733240570884,0.0019268374771381006,0.0016901630843300722,0.0014838446821145643,0.0013037502722280624,0.0011463575167766152,0.0010086538645340051,0.0008880552295263966,0.0007823392722719497,0.0006895902944292903,0.0006081534551850079,0.0005365965315897118,0.0004736778292241516,0.00041831914007015025,0.0003695828671000899,0.0003266526071323524,0.0002888166178423371,0.00025545370077201257,0.00022602111623444554,0.0002000442133022061,0.00017710751232321176,0.00015684702127856604,0.00013894360319976215,0.00012311724123443462,0.00010912207213148494,9.674207896933512e-5,8.578735060170493e-5,7.609082920372978e-5,6.750547891103739e-5,5.9901818349141715e-5,5.316576809447776e-5,4.7196771064722596e-5,4.190614975697741e-5,3.721566927207965e-5,3.3056279341689594e-5,2.9367012232660718e-5,2.6094016521103114e-5,2.3189709416254214e-5,2.061203261475035e-5,1.8323798642037805e-5,1.6292116347253825e-5,1.4487885690416392e-5,1.288535323043478e-5,1.1461720828566532e-5,1.0196801030160492e-5,9.072713419376415e-6,8.073616959676478e-6,7.18547395638875e-6,6.395841822561579e-6,5.693689302544271e-6,5.0692342219500915e-6,4.513800190889097e-6,4.019690003842234e-6,3.580073754537406e-6,3.188889923946699e-6,2.840757910658536e-6,2.5309006574523435e-6,2.2550761891789397e-6,2.0095170193798985e-6,1.790876506752129e-6,1.5961813523135303e-6,1.4227895241306547e-6,1.2683529803000476e-6,1.1307846354437704e-6,1.0082290810893381e-6,8.990366275700119e-7,8.017402859636345e-7,7.150353526989761e-7,6.377612989799969e-7,5.688857017798813e-7,5.074899834595327e-7,4.5275675419161724e-7,4.039585749657655e-7,3.604479800802106e-7,3.216486163699939e-7,2.870473729085058e-7,2.5618738935352283e-7,2.2866184383309904e-7,2.0410843263207205e-7,1.8220446388406133e-7,1.626624963401562e-7,1.452264621165716e-7,1.2966821920616932e-7,1.1578448570624735e-7,5.169705657229864e-8
0.012307485238527288,0.018698424525518564,0.01526883268914958,0.012733912349257914,0.010747103126446444,0.009142788825667852,0.007823263581446388,0.0067241937213376735,0.005800254936142904,0.005018026676255477,0.004352050724491713,0.0037824586127064713,0.0032934528569371485,0.002872287101117761,0.0025085546277234805,0.0021936763452139393,0.0019205227627685575,0.0016831288508323897,0.001476475044365419,0.0012963164404535127,0.0011390478165238666,0.0010015957361703236,0.0008813314499858636,0.000775999973959135,0.0006836619014854526,0.0006026453424724954,0.0005315059912838829,0.0004689937733459975,0.00041402485522425495,0.0003656580562700889,0.000323074894069862,0.00028556264593076596,0.0002524999257775837,0.0002233443682200277,0.00019762208484059348,0.00017491861642872754,0.00015487115219503522,0.00013716182525320107,0.0001215119249637327,0.00010767689234554133,9.544198584766125e-5,8.46185222598975e-5,7.504061206104113e-5,6.656232063211422e-5,5.9055196886556235e-5,5.2406119419911744e-5,4.651541747118632e-5,4.129523005484237e-5,3.6668071786395196e-5,3.2565578302645596e-5,2.8927407909209112e-5,2.570027927853197e-5,2.2837127741192297e-5,2.029636505776765e-5,1.80412295653118e-5,1.60392153163705e-5,1.4261570319903667e-5,1.2682855278118942e-5,1.1280555320955602e-5,1.0034738205030842e-5,8.927753271190288e-6,7.943966180648401e-6,7.0695250763217604e-6,6.292154360038559e-6,5.600972751847782e-6,4.9863327106259864e-6,4.4396786566926e-6,3.953421749795631e-6,3.520829252068441e-6,3.135926745584234e-6,2.793411683418609e-6,2.4885769374377524e-6,2.217243167160428e-6,1.975698974837083e-6,1.7606479361529834e-6,1.5691617039397634e-6,1.398638478107677e-6,1.246766218841028e-6,1.1114900533006904e-6,9.909833911974789e-7,8.836223214599807e-7,7.879629122333043e-7,7.027210808861492e-7,6.267547392299981e-7,5.590479536760838e-7,4.98696890280752e-7,4.448973411004303e-7,3.9693365197583506e-7,3.5416889247755056e-7,3.160361272064841e-7,2.8203066367050023e-7,2.517031663643956e-7,2.2465353929346713e-7,2.0052549029962261e-7,1.7900170048167855e-7,1.5979953069166755e-7,1.4266720483827374e-7,1.273804165729957e-7,1.137393119505021e-7,1.0156580604577076e-7,4.535059812848819e-8
0.010752237877407284,0.016337444581053795,0.013341996208647955,0.011127798348284895,0.00939224432356825,0.007990722454190913,0.006837917773584973,0.005877654424792572,0.005070354599976096,0.004386834262139511,0.0038048617073849766,0.0033070859718947465,0.00287971074879418,0.002511603922017193,0.0021936763452139393,0.0019184347887504435,0.0016796518734131238,0.0014721171038711532,0.0012914456518927468,0.0011339292183578167,0.0009964181704508503,0.0008762273292526948,0.0007710599136928342,0.0006789456094188229,0.0005981897557162316,0.0005273313747657989,0.0004651082985903266,0.0004104280402550172,0.00036234334834804854,0.0003200316049122732,0.00028277739648752825,0.0002499577188859693,0.00022102937859262272,0.00019551823434221707,0.00017300998641074606,0.00015314227238843754,0.0001355978695044939,0.00012009883697271673,0.0001064014591608234,9.429187274816457e-5,8.358227944728911e-5,7.410766113292977e-5,6.572292689992752e-5,5.830043216214684e-5,5.1727818744880597e-5,4.590613238975765e-5,4.074818036934745e-5,3.6177097206434175e-5,3.212509100255687e-5,2.8532346703763847e-5,2.5346065890447054e-5,2.2519625464605597e-5,2.0011839983113077e-5,1.778631443327851e-5,1.5810875999785622e-5,1.4057074877847078e-5,1.249974549019436e-5,1.1116620587712383e-5,9.8879916811945e-6,8.796410094806843e-6,7.826423654619852e-6,6.964344659729694e-6,6.1980453309713415e-6,5.516777407611246e-6,4.9110129779307495e-6,4.372303990474318e-6,3.893158208652747e-6,3.466929644611004e-6,3.0877217496884634e-6,2.7503018485777752e-6,2.4500254872015e-6,2.182769525422754e-6,1.944872946549092e-6,1.7330844786614779e-6,1.5445162314301253e-6,1.3766026464720474e-6,1.227064143084985e-6,1.0938749144846901e-6,9.75234393674141e-7,8.695419650135148e-7,7.753745472792205e-7,6.914667177337884e-7,6.166930855932311e-7,5.500526569704738e-7,4.906549635664182e-7,4.3770775381588217e-7,3.905060683482537e-7,3.484225423523426e-7,3.108987954656833e-7,2.774377859585773e-7,2.4759702000472873e-7,2.2098251943393232e-7,1.9724346239770388e-7,1.760674211072193e-7,1.5717612949410743e-7,1.403217212490481e-7,1.2528338547443593e-7,1.118643931772959e-7,9.988945309348348e-8,8.920236005272676e-8,3.9831951624200274e-8
0.00940434789730718,0.014291021845813379,0.011671741331674562,0.009735456832553474,0.008217635661618872,0.0069918609059733405,0.005983551078719826,0.0051435970467995085,0.0044373990219224585,0.0038394430207253916,0.0033302925199163724,0.002894777580348805,0.0025208356632871465,0.002198733240570884,0.0019205227627685575,0.0016796518734131238,0.0014706748844052486,0.001289035142413849,0.0011308978753165957,0.0009930198203358977,0.0008726461902599549,0.0007674283128591558,0.0006753571411409892,0.0005947091105644904,0.0005240017149264614,0.0004619568117329928,0.00040747013207179106,0.0003595858119534393,0.0003174750177268029,0.0002804179314709063,0.00024778851041140637,0.00021904154888117023,0.00019370166073546516,0.00017135387063425345,0.00015163555853399142,0.0001342295465088239,0.00011885815312427618,0.00010527806978001064,9.327593733085755e-5,8.266452084214186e-5,7.327939642866755e-5,6.497607747321318e-5,5.762751860292751e-5,5.1121945060024054e-5,4.536096283134757e-5,4.025791142879976e-5,3.57364267011851e-5,3.172918568965439e-5,2.8176809481615726e-5,2.5026903360774355e-5,2.2233216400326778e-5,1.9754905082749335e-5,1.7555887606469055e-5,1.560427733028277e-5,1.3871885339117654e-5,1.2333783431471177e-5,1.0967919968171214e-5,9.754782003504678e-6,8.677097966056828e-6,7.719575894008884e-6,6.868672861799009e-6,6.112391789752169e-6,5.44010230717219e-6,4.842382755233438e-6,4.310880779507113e-6,3.838190277649024e-6,3.4177427441627213e-6,3.04371129318805e-6,2.710925851495418e-6,2.4147981974178645e-6,2.1512556815044044e-6,1.9166826056476246e-6,1.7078683606913184e-6,1.5219615302275546e-6,1.3564292633658693e-6,1.2090213018687651e-6,1.0777381203789186e-6,9.608027026160403e-7,8.566355324435354e-7,7.638324285505601e-7,6.811448950202772e-7,6.074626983419427e-7,5.417984154517865e-7,4.832737268852289e-7,4.3110725556064914e-7,3.846037748625252e-7,3.431446299656118e-7,3.06179234495391e-7,2.7321752041031315e-7,2.4382323313584036e-7,2.1760797626061803e-7,1.9422592114455982e-7,1.7336910645490228e-7,1.5476326116789147e-7,1.381640921875174e-7,1.2335398439442502e-7,1.101390668792571e-7,9.834660436268981e-8,8.782267741727027e-8,7.843011924071517e-8,3.502334018530545e-8
0.008234015224695468,0.012513977808783577,0.010221232688286369,0.008526210534158418,0.007197420305668278,0.006124235039152562,0.005241388156919394,0.004505903381265261,0.003887501185249831,0.0033638527850058664,0.002917947633738281,0.0025365087948700654,0.002208978591951412,0.0019268374771381006,0.0016831288508323897,0.0014721171038711532,0.001289035142413849,0.0011298939449631805,0.0009913362910080013,0.0008705226747234285,0.0007650411402845159,0.0006728352068586935,0.0005921456811293323,0.0005214632739102103,0.0004594897210735815,0.0004051056682375081,0.0003573439848391022,0.0003153674724297034,0.0002784501557097927,0.00024596151395465775,0.00021735314010838495,0.00019214741498449267,0.00016992786222765847,0.00015033091137943303,0.00013303884532894165,0.00011777374760979465,0.00010429229659474114,9.238127918410758e-5,8.185371749063028e-5,7.254551912733143e-5,6.431257578737521e-5,5.702824648381099e-5,5.0581171515133214e-5,4.487337132414338e-5,3.981859118060702e-5,3.5340858330496004e-5,3.137322305796816e-5,2.785665915965767e-5,2.4739102781501485e-5,2.1974611494001068e-5,1.9522627975721235e-5,1.7347334807365448e-5,1.5417088696621274e-5,1.3703924021340563e-5,1.2183116920304847e-5,1.083280231348825e-5,9.633637231118317e-6,8.568504690007888e-6,7.622253096553578e-6,6.781466801423282e-6,6.034263984433627e-6,5.370118533819571e-6,4.779703003427406e-6,4.254750095499199e-6,3.787930435034787e-6,3.3727446781818516e-6,3.00342823915924e-6,2.674867129567547e-6,2.3825235889494986e-6,2.1223703462359283e-6,1.8908324919040298e-6,1.68473606416181e-6,1.5012625604428848e-6,1.3379086798492312e-6,1.1924506854727788e-6,1.0629128479044823e-6,9.475394954901683e-7,8.447702531046835e-7,7.532181003037365e-7,6.716499233932194e-7,5.989692740979075e-7,5.342010810649445e-7,4.764780902600454e-7,4.2502883616702913e-7,3.7916696887435753e-7,3.382817824221104e-7,3.0182980755423275e-7,2.6932734793494936e-7,2.403438527308957e-7,2.1449603086123898e-7,1.914426229845642e-7,1.708797569707533e-7,1.5253682108181562e-7,1.3617279655782166e-7,1.215729979808701e-7,1.0854617563197149e-7,9.692193926612689e-8,8.654846733362033e-8,7.729046972132789e-8,6.90273757144132e-8,3.0825861035971146e-8
