0.061341554748175486,0.09136054825384687,0.07353399720198595,0.060527844824393995,0.05045461432693554,0.042412766976719585,0.035871365917012565,0.030481818128862637,0.025999469861194613,0.022244757161009543,0.019081623895043753,0.016404513382813735,0.014130033243250129,0.012191355221788047,0.01053430805430508,0.009114567068169294,0.007895581344698283,0.006847012671637398,0.005943539156758368,0.005163924611559206,0.004490285435027497,0.0039075067561927385,0.003402773040951726,0.002965187612273344,0.0025854620180393723,0.002255660815521539,0.001968990711509737,0.00171962548270458,0.0015025599605513577,0.0013134877720571633,0.0011486986067251528,0.00100499161347831,0.0008796021824430539,0.0007701398794058203,0.0006745357074938035,0.0005909971958183869,0.0005179700765196044,0.00045410552307121634,0.00039823209512485254,0.0003493316759637117,0.0003065188042643569,0.00026902289736684907,0.00023617294231482056,0.00020738429668423243,0.00018214729596276527,0.00016001741018330804,0.00014060673100087804,0.00012357660274952328,0.00010863123836192534,9.551218411949381e-5,8.399351676450367e-5,7.387767312573264e-5,6.499182651598752e-5,5.718473621721702e-5,5.032400663781446e-5,4.429370149839674e-5,3.899226592671463e-5,3.433071578549235e-5,3.023105907911934e-5,2.6624919048880776e-5,2.3452332639323562e-5,2.0660701548760798e-5,1.8203876109300235e-5,1.6041354857211437e-5,1.4137584918202256e-5,1.2461350285935852e-5,1.0985236765850934e-5,9.685163815560183e-6,8.53997478563972e-6,7.531078164096282e-6,6.6421333802711105e-6,5.858775553477922e-6,5.1683742916529035e-6,4.559822269953239e-6,4.023349864422832e-6,3.550362587708154e-6,3.1332984870293898e-6,2.7655030236450203e-6,2.4411192648666585e-6,2.154991493235638e-6,1.9025805750712437e-6,1.6798896378396352e-6,1.483398787602847e-6,1.3100077551714467e-6,1.1569854983282005e-6,1.0219259082380602e-6,9.027088733415459e-7,7.974660467339357e-7,7.045507434742416e-7,6.225114652164338e-7,5.500686110761082e-7,4.860939880217672e-7,4.2959278144568677e-7,3.796876880192888e-7,3.356049494491967e-7,2.966620575636055e-7,2.6225692917570084e-7,2.318583737035455e-7,2.0499769797061522e-7,1.8126131154496047e-7,8.014210626687948e-8
0.09136054825384687,0.13607538128395458,0.10952704119292811,0.09015702585726504,0.07515464862710908,0.0631774049320033,0.05343465995677388,0.04540730967211404,0.038731027308485544,0.033138412156707875,0.028426851685142474,0.024439150730958425,0.021051119611806113,0.018163234906456605,0.01569482133507355,0.013579866785429384,0.011763935635920375,0.010201844179860031,0.008855879062498573,0.0076944114733071,0.006690805433660074,0.005822548344731657,0.005070551983815855,0.00441858590180777,0.00385281483148181,0.0033614186176865873,0.002934278198768875,0.0025627148697700552,0.0022392728269527706,0.0019575370888762905,0.00171198049533354,0.0014978347269563146,0.0013109812576751582,0.001147858916029372,0.0010053853369860338,0.0008808900701574689,0.0007720574999998259,0.0006768780484015472,0.0005936063868196943,0.0005207255947769981,0.00045691637371661833,0.0004010305674259085,0.00035206835797464524,0.0003091586040353065,0.0002715418699752673,0.0002385557625258633,0.0002096222491465658,0.00018423668037438872,0.00016195827917331535,0.00014240189467810537,0.00012523084686232337,0.00011015071341228698,9.6903931098053e-5,8.526510188983072e-5,7.503690936209529e-5,6.604656399188352e-5,5.8142707164425935e-5,5.1192713295710726e-5,4.508033770635796e-5,3.970366497656609e-5,3.497331857836008e-5,3.081089783987898e-5,2.7147612813224037e-5,2.392309151315981e-5,2.108433736596984e-5,1.8584817618047956e-5,1.6383665976817173e-5,1.4444984930238672e-5,1.2737235086832512e-5,1.1232700515987357e-5,9.907020487240727e-6,8.738779243000337e-6,7.709146511769517e-6,6.801562399544867e-6,6.001461109267155e-6,5.2960286412049115e-6,4.673990242792293e-6,4.125423911356706e-6,3.641596717755775e-6,3.214821126517123e-6,2.838328842089974e-6,2.506160019597412e-6,2.2130659493799706e-6,1.954423559097506e-6,1.7261602838946334e-6,1.5246880350594557e-6,1.3468451543386375e-6,1.189845379215732e-6,1.0512329643310644e-6,9.288432099490537e-7,8.207677400577347e-7,7.25323953719189e-7,6.410281438780356e-7,5.665718396073174e-7,5.008009821855687e-7,4.426975928118444e-7,3.913636315217766e-7,3.460067834315526e-7,3.0592794039857986e-7,2.7051017440794213e-7,1.1960451183718539e-7
0.07353399720198595,0.10952704119292811,0.08816010650929762,0.07257022293951865,0.06049541053445506,0.050855249556615245,0.04301345177489646,0.03655225004031826,0.031178437911427936,0.026676812533565575,0.022884310972303923,0.019674421157041877,0.016947193170664787,0.014622528102761378,0.01263549580490858,0.010932966948181133,0.009471128952484864,0.008213615228350457,0.007130071416137723,0.006195040115077349,0.005387082290050929,0.004688077545897798,0.004082661573149848,0.0035577701462675276,0.003102266826946913,0.002706637079097775,0.0023627355405273567,0.002063576174953015,0.0018031572563512246,0.0015763148241439914,0.0013785995402387577,0.0012061728780370998,0.001055719353642258,0.0009243721241774111,0.0008096497655399708,0.0007094024316066008,0.0006217659105155308,0.000545122347013335,0.00047806660647796255,0.0004193774249541399,0.00036799262810705176,0.0003229878164518517,0.000283558008967082,0.00024900181600721275,0.00021870777803810904,0.00019214256177993222,0.0001688407514682062,0.00014839601171303058,0.00013045343121268708,0.00011470288424726824,0.00010087327032736902,8.872751229410691e-5,7.805821007616262e-5,6.868386176255362e-5,6.044557595936018e-5,5.3204209913629936e-5,4.683787690770637e-5,4.123977415131845e-5,3.631628901883523e-5,3.198534719023164e-5,2.8174971137276666e-5,2.4822021629157314e-5,2.1871098567453808e-5,1.9273580596245387e-5,1.6986785647423776e-5,1.4973236923949312e-5,1.3200020854730102e-5,1.163822530455679e-5,1.0262447848512186e-5,9.050365238742357e-6,7.982356333700603e-6,7.04117175480984e-6,6.211644398951163e-6,5.4804356843577e-6,4.835813061362219e-6,4.267454885398546e-6,3.766279245289304e-6,3.3242937705008698e-6,2.934463815073021e-6,2.5905967440698356e-6,2.2872403334168033e-6,2.0195935425933387e-6,1.7834281377604938e-6,1.5750198316881488e-6,1.3910877733014858e-6,1.2287413645345467e-6,1.0854335083736083e-6,9.589195032054321e-7,8.472208951032823e-7,7.485936848158811e-7,6.615003600448986e-7,5.845852888470527e-7,5.166530668365215e-7,4.566494606051672e-7,4.036446335950943e-7,3.5681837883824e-7,3.1544711660263155e-7,2.78892444429456e-7,2.465910527834958e-7,2.1804584226567138e-7,9.64090491060131e-8
0.060527844824393995,0.09015702585726504,0.07257022293951865,0.059738207825521084,0.0497992898697317,0.04186424409417422,0.03540938066636734,0.03009085967121583,0.02566735860844127,0.02196175441820769,0.018839836911063612,0.01619747852914849,0.013952413361080385,0.012038713684920571,0.010402936352012393,0.009001350874963343,0.007797894963581131,0.006762634831341957,0.005870585160792002,0.005100791193431112,0.004435605610957544,0.003860112628889495,0.003361664985858409,0.0029295086286148728,0.002554476288881863,0.0022287357192569343,0.0019455816790660482,0.0016992632124972346,0.0014848395953373991,0.00129805971464423,0.0011352607094450955,0.0009932825228280324,0.0008693956578371236,0.0007612399354778501,0.000666772454288098,0.0005842232716530039,0.0005120575851508772,0.0004489434007399866,0.0003937238446533788,0.0003453934147344788,0.0003030775809938751,0.00026601523936585145,0.00023354360062685913,0.0002050851613003904,0.00018013645737170042,0.00015825834695426403,0.00013906760601444402,0.00012222965317072992,0.00010745224656114527,9.448001854666537e-5,8.30897333192861e-5,7.30861688805675e-5,6.429853877452127e-5,5.657738085519041e-5,4.979185050138458e-5,4.3827364346174405e-5,3.8583548013409736e-5,3.3972447711513865e-5,2.9916970984082583e-5,2.634952661798029e-5,2.3210837729073627e-5,2.0448905529994905e-5,1.8018104277153226e-5,1.587839047560599e-5,1.3994611654809784e-5,1.2335901956748204e-5,1.0875153449837858e-5,9.58855352244117e-6,8.455179966058535e-6,7.456646443680979e-6,6.57679197912372e-6,5.801408922158282e-6,5.118004555125836e-6,4.515592123485043e-6,3.984507611068909e-6,3.516249046769791e-6,3.10333553742559e-6,2.7391835762406028e-6,2.4179984840159822e-6,2.1346791106338e-6,1.8847341589042402e-6,1.6642086975745854e-6,1.4696196098818644e-6,1.2978988794698176e-6,1.1463437525470493e-6,1.0125729344457017e-6,8.944880826486505e-7,7.902399499423492e-7,6.981986108272431e-7,6.169272744176377e-7,5.451592478493373e-7,4.817776679435208e-7,4.257976656804492e-7,3.7635066899696423e-7,3.326705855041944e-7,2.940816381625227e-7,2.599876546408994e-7,2.2986263533529312e-7,2.0324244621693365e-7,1.797175013966613e-7,7.946315832992083e-8
0.05045461432693554,0.07515464862710908,0.06049541053445506,0.0497992898697317,0.04151458763975546,0.03490014384315343,0.029519467260892496,0.025085969022603072,0.021398507005616962,0.018309448381061022,0.01570692761088366,0.013504152672665637,0.011632553022162678,0.010037175897094464,0.008673474400765047,0.0075049971635235135,0.00650168431611442,0.005638584177780431,0.004894869711759162,0.004253073455477513,0.0036984848049391034,0.0032186699974440097,0.0028030861905738377,0.0024427686339584115,0.0021300752613119187,0.0018584768400850618,0.0016223835862881203,0.0014170011952292297,0.0012382107674919,0.0010824682663376078,0.0009467200293304702,0.0008283315423204402,0.0007250272190486261,0.0006348393512855162,0.0005560647287604463,0.00048722769545456353,0.000427048623957196,0.0003744169633845612,0.0003283681580994787,0.00028806385021306474,0.0002527748739066388,0.0002218666281255388,0.00019478647919557966,0.0001710528989755781,0.00015024608916782822,0.0001319998801817602,0.00011599472459012305,0.00010195163181454803,8.96269131636263e-5,7.880762532966497e-5,6.93076165383332e-5,6.096409321310384e-5,5.363463661788156e-5,4.719460885758324e-5,4.153489606223946e-5,3.6559943794846664e-5,3.218604591227628e-5,2.83398534084619e-5,2.495707431158004e-5,2.1981339625846562e-5,1.9363213659193742e-5,1.7059329982628774e-5,1.5031636761979501e-5,1.3246737354659767e-5,1.1675313926789728e-5,1.0291623453677438e-5,9.073056860470013e-6,7.999753260614707e-6,7.0542622970707724e-6,6.221248496103272e-6,5.487232327440323e-6,4.840363347374474e-6,4.270221394047353e-6,3.767642318364234e-6,3.3245651828039567e-6,2.9338982488598083e-6,2.589401414062829e-6,2.285583055153721e-6,2.0176094907207288e-6,1.781225501878491e-6,1.572684545224919e-6,1.3886874629784785e-6,1.2263286449365463e-6,1.0830487265001632e-6,9.565930212913839e-7,8.4497498634974e-7,7.46444104537268e-7,6.59457645152863e-7,5.826558300266337e-7,5.148399908193859e-7,4.549533539399825e-7,4.020641342981315e-7,3.5535065814073915e-7,3.140882693764763e-7,2.7763780388303747e-7,2.454354425104329e-7,2.1698377658513397e-7,1.9184393994107123e-7,1.696286791796451e-7,1.4999624946904163e-7,6.632251842179896e-8
0.042412766976719585,0.0631774049320033,0.050855249556615245,0.04186424409417422,0.03490014384315343,0.02933998340975852,0.02481687904750557,0.021089943467487327,0.017990109337947424,0.015393285128081191,0.013205442577257198,0.011353628362528873,0.009780204829424433,0.00843898049840855,0.007292510387962997,0.006310154129273993,0.005466643695781245,0.0047410047498999824,0.004115729948698771,0.0035761358808187316,0.0031098564645931775,0.002706439476122119,0.002357022166932128,0.002054068317559221,0.001791153554136414,0.0015627889572930875,0.001364275321058643,0.0011915821367815584,0.001041246661857096,0.0009102894054081705,0.0007961431082670924,0.0006965928706388156,0.000609725530604838,0.0005338867510256487,0.0004676445534217994,0.0004097582620944361,0.00035915200256406155,0.00031489204448700674,0.000276167398344236,0.00024227317248108182,0.00021259627697450302,0.0001866031267973951,0.00016382905138333063,0.0001438691631368296,0.00012637047526581043,0.00011102509106308356,9.756431336240055e-5,8.575354525117498e-5,7.538787202325428e-5,6.628823031160991e-5,5.829808386401711e-5,5.1280536913654714e-5,4.51158258485796e-5,3.9699138219691146e-5,3.4938715226358265e-5,3.075419988358573e-5,2.7075198277207147e-5,2.384002576884042e-5,2.0994613830886927e-5,1.8491556486231536e-5,1.628927814399981e-5,1.4351307064440076e-5,1.2645640783352091e-5,1.1144191635552059e-5,9.822302082780735e-6,8.65832090301313e-6,7.633232469879799e-6,6.730332360451618e-6,5.9349434101134315e-6,5.2341670940077496e-6,4.616665773615245e-6,4.072471921092656e-6,3.5928209322581823e-6,3.170004571436991e-6,2.7972424687271036e-6,2.4685694168569928e-6,2.1787365008543207e-6,1.923124342291402e-6,1.6976669557481786e-6,1.498784904531112e-6,1.3233266072002023e-6,1.1685167899556502e-6,1.0319112058399934e-6,9.113568506873548e-7,8.04957001844691e-7,7.110404893213434e-7,6.28134681878141e-7,5.549417347859241e-7,4.903177017085286e-7,4.3325416231912824e-7,3.8286205988187806e-7,3.3835748070791026e-7,2.990491402158875e-7,2.6432736905073116e-7,2.336544180176797e-7,2.0655592263742432e-7,1.8261338754703603e-7,1.6145756797665946e-7,1.4276264039707648e-7,1.2624106755943747e-7,5.581953731420475e-8
0.035871365917012565,0.05343465995677388,0.04301345177489646,0.03540938066636734,0.029519467260892496,0.02481687904750557,0.020991347227058643,0.017839155828533515,0.015217325624340583,0.013020912555616382,0.011170396519914888,0.009604080138950505,0.008273218277795341,0.007138745705009247,0.006168994038742909,0.005338049538111955,0.004624541862479931,0.004010731875235221,0.003481812522357755,0.0030253650029044565,0.0026309303410647564,0.0022896681725443,0.0019940824150713396,0.0017377988938711078,0.0015153837821830878,0.0013221944249148,0.0011542560825654885,0.0010081595848310254,0.0008809759697975053,0.0007701850069146317,0.0006736151321323283,0.0005893928107153414,0.000515899723612755,0.00045173647296277257,0.00039569173996474756,0.0003467160183559109,0.0003038991996432922,0.00026645140977761637,0.00023368659770605857,0.00020500845851175592,0.00017989834141632745,0.00015790484873110704,0.00013863487804603898,0.00012174589837513419,0.0001069392829713767,9.39545483754163e-5,8.256437175696986e-5,7.25702775152715e-5,6.379890009001327e-5,5.6098743429070994e-5,4.933736899631657e-5,4.3398953919355446e-5,3.818216912476291e-5,3.359833435827991e-5,2.9569812991932253e-5,2.602861464933695e-5,2.2915178080682667e-5,2.017731048702397e-5,1.7769262723186954e-5,1.5650922594953967e-5,1.3787110848549925e-5,1.2146966515670573e-5,1.0703410051271674e-5,9.432674231480163e-6,8.313894103494475e-6,7.328748422531328e-6,6.461146002000045e-6,5.696951257008135e-6,5.023743966061752e-6,4.430608919326701e-6,3.9079516793189565e-6,3.447337165480156e-6,3.041348195576281e-6,2.6834614825612928e-6,2.367938904748924e-6,2.089732143424337e-6,1.84439902400184e-6,1.6280301070909997e-6,1.4371842584502775e-6,1.2688320870305259e-6,1.120306279482373e-6,9.892579808980307e-7,8.736184780706238e-7,7.715655337464569e-7,6.814938016401426e-7,6.019888227353489e-7,5.318041650302445e-7,4.6984132321717015e-7,4.151320419313679e-7,3.6682276778992316e-7,3.2416097150313015e-7,2.8648311321763725e-7,2.53204052019759e-7,2.2380772482934853e-7,1.9783894132377554e-7,1.7489616018666346e-7,1.5462512840650875e-7,1.367132797386952e-7,1.2088480102212853e-7,1.0689628614813681e-7,4.726645359650847e-8
0.030481818128862637,0.04540730967211404,0.03655225004031826,0.03009085967121583,0.025085969022603072,0.021089943467487327,0.017839155828533515,0.01516051343241176,0.01293252962591851,0.011066034997903235,0.009493462066743369,0.008162386784133113,0.007031390264986309,0.0060672784005855185,0.005243142031237366,0.004536961620499311,0.0039305781058079775,0.0034089178351748572,0.0029593985448734747,0.002571467282365611,0.0022362363813105343,0.001946193539170256,0.0016949687237238914,0.001477145223850066,0.0012881053794767325,0.0011239038264811013,0.0009811627653233228,0.0008569849961307698,0.0007488813860937332,0.0006547101336880148,0.000572625729684504,0.0005010359287978706,0.0004385653690023115,0.0003840247301864757,0.00033638452574161724,0.0002947527821164182,0.0002583559912957929,0.00022652282612500158,0.00019867019400398884,0.00017429127437993503,0.00015294524287667952,0.0001342484323195053,0.0001178667201716865,0.00010350896455235681,9.092133819010601e-5,7.988243248216215e-5,7.019902294254604e-5,6.170240338824952e-5,5.424520979509977e-5,4.76986662217544e-5,4.195019491844479e-5,3.6901340993505125e-5,3.2465969019038806e-5,2.8568694947629257e-5,2.5143521814291903e-5,2.213265205646851e-5,1.948545302399464e-5,1.7157555453000772e-5,1.5110067422176331e-5,1.3308888677622229e-5,1.1724112237002093e-5,1.0329501938709105e-5,9.102036109293814e-6,8.021508822719564e-6,7.070181350600036e-6,6.232477374079344e-6,5.49471637030582e-6,4.844880312140901e-6,4.272409452681127e-6,3.768023513050348e-6,3.3235650657224798e-6,2.9318623183183774e-6,2.5866088610317407e-6,2.28225825164315e-6,2.0139315833711497e-6,1.777336415625873e-6,1.5686956533888662e-6,1.3846851396429692e-6,1.222378880487425e-6,1.07920095875302e-6,9.528833102202731e-7,8.414286397251486e-7,7.430778449684909e-7,6.562813942059561e-7,5.796741730939232e-7,5.120533761062976e-7,4.523590703270878e-7,3.9965710560544676e-7,3.531240851337203e-7,3.120341458583851e-7,2.7574732878687784e-7,2.4369934635012176e-7,2.153925775855659e-7,1.9038814256373122e-7,1.6829892568039315e-7,1.4878343329479468e-7,1.3154038516161451e-7,1.1630395133579826e-7,1.0283955692177219e-7,9.094018648019201e-8,4.021156408162578e-8
0.025999469861194613,0.038731027308485544,0.031178437911427936,0.02566735860844127,0.021398507005616962,0.017990109337947424,0.015217325624340583,0.01293252962591851,0.011032108062682094,0.00944000989826671,0.00809860764471787,0.006963189156531324,0.005998428260642494,0.005176013473293523,0.004472993596867356,0.003870587699887934,0.0033533073935490543,0.002908295807430468,0.002524820967300563,0.0021938817033504768,0.001907897182887329,0.0016604596420534967,0.0014461355846399626,0.001260304629853045,0.0010990279366927674,0.0009589400949142762,0.0008371597993664069,0.0007312156768619679,0.000638984422037794,0.0005586389945104117,0.0004886050862866753,0.00042752442137685386,0.0003742237251781258,0.0003276884183702712,0.0002870402622749237,0.0002515183203141277,0.00022046271101028823,0.00019330071748901003,0.0001695348914544717,0.00014873284922460248,0.0001305185063771642,0.00011456453800077647,0.00010058588502699682,8.833415496879802e-5,7.759278857626725e-5,6.817288337934452e-5,5.990958138928429e-5,5.2658941932819635e-5,4.629523217772162e-5,4.070857768852297e-5,3.580292363998636e-5,3.1494264357939585e-5,2.7709104834693554e-5,2.4383122975791117e-5,2.1460005686793648e-5,1.8890435626449657e-5,1.663120864190277e-5,1.4644464632792382e-5,1.2897016932043165e-5,1.13597673108054e-5,1.0007195441855978e-5,8.816913152768574e-6,7.769275086078509e-6,6.84703849284377e-6,6.0350658461419805e-6,5.320064789757174e-6,4.6903606558031525e-6,4.135697404071843e-6,3.647063375812059e-6,3.2165387211639015e-6,2.8371617636501978e-6,2.502811917176575e-6,2.208107076569233e-6,1.9483136678225937e-6,1.719267775662824e-6,1.5173059663548955e-6,1.339204599129043e-6,1.1821265720542968e-6,1.043574580601214e-6,9.213500833145275e-7,8.135172699333386e-7,7.183714153251962e-7,6.344110798382156e-7,5.603136835298785e-7,4.949140406843351e-7,4.37185492339856e-7,3.862233192468002e-7,3.412301570786608e-7,3.015031699099789e-7,2.664227681358227e-7,2.35442683161194e-7,2.0808123430886132e-7,1.839136435348006e-7,1.6256527116706693e-7,1.4370566141248947e-7,1.270432999069303e-7,1.1232099750286483e-7,9.931182492490339e-8,8.781553204761283e-8,7.765539360662148e-8,3.4337715100248835e-8
0.022244757161009543,0.033138412156707875,0.026676812533565575,0.02196175441820769,0.018309448381061022,0.015393285128081191,0.013020912555616382,0.011066034997903235,0.00944000989826671,0.008077774217880612,0.006930026292342045,0.005958513574027838,0.005133013266864717,0.0044293037016705505,0.0038277489995819786,0.0033122810129293384,0.0028696484338901554,0.0024888512878209687,0.002160707516465653,0.0018775158301437209,0.0016327901001043366,0.0014210478172817509,0.001237640014435333,0.0010786133968709866,0.0009405977759433734,0.0008207135782746199,0.0007164954242544746,0.0006258286696667267,0.0005468964778143764,0.0004781354992547098,0.00041819862691648037,0.0003659235963473558,0.0003203064366296979,0.0002804789632918957,0.0002456896518660814,0.00021528734853050197,0.00018870736906883038,0.00016545961396213131,0.0001451183898872727,0.00012731367889860443,0.00011172363845834933,9.806815008036435e-5,8.610326299620568e-5,7.561640307784836e-5,6.642223708700672e-5,5.835909896867073e-5,5.128589885313112e-5,4.507944715358191e-5,3.9632136057526956e-5,3.484992907753083e-5,3.06506164183207e-5,2.696229994213293e-5,2.3722076628371672e-5,2.0874893795227545e-5,1.837255307430213e-5,1.6172843310045283e-5,1.4238785284537343e-5,1.253797350494806e-5,1.1042002293916529e-5,9.725965151142932e-6,8.568017831994375e-6,7.548996869799479e-6,6.652086368770971e-6,5.862526843550915e-6,5.167360702908392e-6,4.555209684212227e-6,4.016080160086858e-6,3.5411927683523184e-6,3.122833278344561e-6,2.754222005904438e-6,2.429399435174681e-6,2.1431260065923297e-6,1.8907942919495387e-6,1.6683520042825727e-6,1.4722344883919796e-6,1.2993055092185963e-6,1.1468053054379337e-6,1.0123050060959953e-6,8.936666214238159e-7,7.890079183895383e-7,6.966715779091096e-7,6.151981059693257e-7,5.433020370170313e-7,4.798510251815623e-7,4.238474693503237e-7,3.744123620290735e-7,3.307710901726459e-7,2.922409498933967e-7,2.582201662170573e-7,2.281782348687062e-7,2.0164742545545415e-7,1.7821530520007488e-7,1.5751815961784668e-7,1.392352016150594e-7,1.2308347377851752e-7,1.0881336020680298e-7,9.620463443479948e-8,8.506297893608279e-8,7.521691949702602e-8,6.651512465238746e-8,2.941201320180141e-8
0.019081623895043753,0.028426851685142474,0.022884310972303923,0.018839836911063612,0.01570692761088366,0.013205442577257198,0.011170396519914888,0.009493462066743369,0.00809860764471787,0.006930026292342045,0.005945429899786928,0.005112007427553744,0.004403835149320162,0.0038001366692661243,0.0032840689658111266,0.0028418491856921496,0.0024621105912544378,0.0021354175144135956,0.0018538936056473956,0.0016109326540191121,0.0014009707680716736,0.0012193049301806765,0.0010619471146502413,0.0009255060316312874,0.0008070905737018047,0.0007042304818133047,0.0006148107942488233,0.000537017414413277,0.00046929171096460505,0.00041029250099958517,0.00035886410207986927,0.00031400939788995066,0.0002748670645571971,0.00024069226401645868,0.00021084023716237514,0.00018475233055987878,0.00016194407178925837,0.0001419949741886914,0.0001245398053285455,0.00010926109729790436,9.58827128126115e-5,8.416431083073145e-5,7.389657993035824e-5,6.489712814055303e-5,5.700693492993454e-5,5.008728533683346e-5,4.401711818765111e-5,3.8690730405310206e-5,3.4015787911041945e-5,2.9911600799925847e-5,2.6307626553437975e-5,2.314217022023968e-5,2.0361254883297997e-5,1.791763948129089e-5,1.576996424617022e-5,1.3882006747199154e-5,1.2222033872501422e-5,1.0762237083693894e-5,9.478239997313926e-6,8.348668829114605e-6,7.354777504757894e-6,6.480120339225244e-6,5.710266131119527e-6,5.032548332187302e-6,4.435846657153668e-6,3.910396107271137e-6,3.4476199083964754e-6,3.0399833188221153e-6,2.6808656584345166e-6,2.3644482532369712e-6,2.0856162859837844e-6,1.8398728021179267e-6,1.6232633445399354e-6,1.4323098853883146e-6,1.2639528929220706e-6,1.1155005186660221e-6,9.845840187918734e-7,8.691186356385322e-7,7.672692624954024e-7,6.774203000745465e-7,5.981491871950582e-7,5.282031528388683e-7,4.664787934507623e-7,4.12004128445714e-7,3.639228301760177e-7,3.214803622884748e-7,2.8401179322519986e-7,2.5093108055663923e-7,2.2172164694391477e-7,1.9592809067699547e-7,1.7314889294214034e-7,1.5303000095152467e-7,1.352591808596956e-7,1.195610473369526e-7,1.0569268807477676e-7,9.343981143659267e-8,8.261335422068195e-8,7.304649416786507e-8,6.459201854794925e-8,5.7120006076744566e-8,2.525789229566927e-8
0.016404513382813735,0.024439150730958425,0.019674421157041877,0.01619747852914849,0.013504152672665637,0.011353628362528873,0.009604080138950505,0.008162386784133113,0.006963189156531324,0.005958513574027838,0.005112007427553744,0.004395464800992607,0.0037866002763786294,0.0032675532187913248,0.0028238442412047843,0.002443624582862028,0.0021171224705667235,0.0018362261639501762,0.0015941643904159586,0.0013852577590720873,0.0012047229211852827,0.0010485165938448025,0.0009132101547148913,0.0007958879843784593,0.0006940644646786492,0.0006056157791820959,0.0005287235618451364,0.0004618281037298555,0.00040358932419970114,0.00035285408884834675,0.00030862874444399866,0.00027005596381474064,0.0002363951674450044,0.0002070059255341117,0.00018133385288786764,0.00015889859585834073,0.00013928358043841784,0.00012212724708255806,0.00010711554387605147,9.397548728008157e-5,8.246963056501746e-5,7.239130555518748e-5,6.356052442856768e-5,5.582044588218148e-5,4.903432459961465e-5,4.3082875232228765e-5,3.786199238936625e-5,3.328077677683188e-5,2.925982493119921e-5,2.5729746167424015e-5,2.2629875586462197e-5,1.9907156432376924e-5,1.751516885968845e-5,1.5413285395444293e-5,1.3565936126260381e-5,1.1941968986226042e-5,1.0514092533893323e-5,9.258390329896658e-6,8.153897503855524e-6,7.1822313736468585e-6,6.327269069801334e-6,5.574866062449781e-6,4.912610299726225e-6,4.3296073665016754e-6,3.816292678254549e-6,3.364267247886571e-6,2.966154016751289e-6,2.6154721318579296e-6,2.306526891988015e-6,2.0343133799144674e-6,1.7944320530241458e-6,1.583014786861319e-6,1.3966600589969869e-6,1.2323761279984788e-6,1.0875312083681814e-6,9.598097687785024e-7,8.471741916897222e-7,7.478311286825731e-7,6.602019694339095e-7,5.828969156134864e-7,5.146922146954897e-7,4.5451016425812617e-7,4.014015461133292e-7,3.5453019182143274e-7,3.1315941837152367e-7,2.766401052080348e-7,2.4440021201039994e-7,2.1593556151486946e-7,1.908017332599292e-7,1.686069331843237e-7,1.4900572052407725e-7,1.3169348805690795e-7,1.1640160446313745e-7,1.0289313870520468e-7,9.095909613629154e-8,8.04151045954746e-8,7.10984962750931e-8,6.286573773878084e-8,5.559016623209725e-8,4.915999551724335e-8,2.1738279457467446e-8
0.014130033243250129,0.021051119611806113,0.016947193170664787,0.013952413361080385,0.011632553022162678,0.009780204829424433,0.008273218277795341,0.007031390264986309,0.005998428260642494,0.005133013266864717,0.004403835149320162,0.0037866002763786294,0.0032621141778726437,0.0028149933401492647,0.0024327664470709734,0.0021052278962895507,0.0018239609692129802,0.0015819787214442355,0.0013734487510414575,0.0011934790981340399,0.001037949573027188,0.000903377416943827,0.0007868092925010957,0.0006857337271408276,0.0005980096243471209,0.0005218075234757133,0.0004555610641117924,0.00039792668254374185,0.0003477499956241227,0.0003040376509681614,0.0002659336705058751,0.0002326995061559178,0.00020369717611364024,0.00017837496822114196,0.00015625529043670388,0.00013692432321627673,0.00012002318881417949,0.00010524040114128202,9.230539948084596e-5,8.098300175012952e-5,7.106863959634125e-5,6.238425958723513e-5,5.477479294706852e-5,4.8105111419002606e-5,4.225739943190289e-5,3.71288833219439e-5,3.262986721676287e-5,2.8682032634947297e-5,2.5216965148303506e-5,2.2174876768565378e-5,1.950349722422564e-5,1.7157111119823045e-5,1.509572121833236e-5,1.3284320863996143e-5,1.1692260927985892e-5,1.0292698679689857e-5,9.062117719749803e-6,7.979909595368155e-6,7.028008990742302e-6,6.1905754832432464e-6,5.453715794572422e-6,4.805241279862157e-6,4.234456096688168e-6,3.7319720989150584e-6,3.2895470222525565e-6,2.8999429789225407e-6,2.5568026694568414e-6,2.25454105620362e-6,1.9882505366763205e-6,1.753617908534603e-6,1.5468516377533555e-6,1.3646181329664728e-6,1.2039858951398545e-6,1.0623765559120528e-6,9.375219438005186e-7,8.274264264133324e-7,7.303338722264759e-7,6.446986584028793e-7,5.691602231490192e-7,5.025207242978736e-7,4.4372542070003543e-7,3.918454408890736e-7,3.4606264550396753e-7,3.0565632632026703e-7,2.6999151681415885e-7,2.3850871709864767e-7,2.107148603901464e-7,1.8617536960237418e-7,1.6450717126822118e-7,1.4537255040193373e-7,1.2847374414553356e-7,1.1354818462490209e-7,1.0036431240153857e-7,8.871789149864331e-8,7.842876543161116e-8,6.933800103755512e-8,6.130537338529777e-8,5.4207150728150965e-8,4.7934143428060885e-8,4.238998516535798e-8,1.8744809292133136e-8
0.012191355221788047,0.018163234906456605,0.014622528102761378,0.012038713684920571,0.010037175897094464,0.00843898049840855,0.007138745705009247,0.0060672784005855185,0.005176013473293523,0.0044293037016705505,0.0038001366692661243,0.0032675532187913248,0.0028149933401492647,0.0024291848218810225,0.0020993678817552916,0.0018167374375960624,0.0015740317397683057,0.0013652225620147257,0.0011852777543002943,0.0010299765341250378,0.0008957639693466558,0.000779635080066586,0.000679041655440929,0.0005918167154950003,0.0005161128348421772,0.00045035146484145167,0.0003931810594019168,0.00034344230282327276,0.0003001391070247819,0.00026241432475285816,0.00022952933936403255,0.00020084685720458875,0.00017581635777552153,0.00015396175864892123,0.0001348709328075912,0.00011818678060576725,0.00010359961047913362,9.084062448671605e-5,7.96763389840614e-5,6.990379866863889e-5,6.134646518704545e-5,5.3850680449111805e-5,4.7282620487265246e-5,4.152566875296332e-5,3.647814860969459e-5,3.20513639033177e-5,2.8167904132104095e-5,2.4760177162028727e-5,2.176913786359146e-5,1.9143185631329592e-5,1.6837207633078064e-5,1.4811747937563545e-5,1.3032285471466568e-5,1.1468606152771063e-5,1.0094256587754477e-5,8.886068462161771e-6,7.823744252624817e-6,6.889496165135583e-6,6.067731305169316e-6,5.3447770312242844e-6,4.708641253408673e-6,4.148803140818758e-6,3.6560303045838277e-6,3.222219043708333e-6,2.8402546912149835e-6,2.5038894868322116e-6,2.207635739524298e-6,1.9466723335696346e-6,1.716762885198842e-6,1.5141840756821628e-6,1.3356628763917843e-6,1.1783215465524876e-6,1.0396294277824961e-6,9.173606839467784e-7,8.095572434526466e-7,7.14496295128502e-7,6.306617711688197e-7,5.56719322181651e-7,4.914943515252602e-7,4.339527306542574e-7,3.831838645671215e-7,3.383858177707607e-7,2.98852247437921e-7,2.6396092181980883e-7,2.331636296551993e-7,2.0597731040870894e-7,1.8197625615889403e-7,1.6078525445917348e-7,1.4207355755052143e-7,1.255495774690293e-7,1.1095621887414655e-7,9.806677228220313e-8,8.668129984960664e-8,7.662345412945098e-8,6.773767751963691e-8,5.98867364769776e-8,5.294955017062665e-8,4.68192781514502e-8,4.1401635900480556e-8,3.661341090503124e-8,1.6190577611008504e-8
0.01053430805430508,0.01569482133507355,0.01263549580490858,0.010402936352012393,0.008673474400765047,0.007292510387962997,0.006168994038742909,0.005243142031237366,0.004472993596867356,0.0038277489995819786,0.0032840689658111266,0.0028238442412047843,0.0024327664470709734,0.0020993678817552916,0.0018143516058951592,0.0015701095672082804,0.0013603671805105348,0.00117991565321484,0.001024406830913517,0.0008901936084948631,0.0007742042023685895,0.0006738420133194593,0.0005869051148998123,0.0005115209870151377,0.0004460932261545862,0.00038925775826926124,0.0003398466580254583,0.00029685810426062064,0.0002594313202480972,0.0002268255886336062,0.00019840261580450751,0.00017361166337696897,0.00015197697608480007,0.0001330871232878548,0.00011658594104656294,0.00010216481745885372,8.95561088230612e-5,7.852751043858149e-5,6.887723541925263e-5,6.04298790358095e-5,5.3032865931419834e-5,4.6553393931921656e-5,4.0875801731504865e-5,3.589929901290096e-5,3.1536006950993686e-5,2.7709264929743293e-5,2.4352165904825468e-5,2.140628839422806e-5,1.8820597771374676e-5,1.6550493496880997e-5,1.4556982282634072e-5,1.280596003458038e-5,1.1267587842169282e-5,9.915749352426535e-6,8.727578629792341e-6,7.68304910910971e-6,6.764615541400841e-6,5.9569019387473165e-6,5.246429473184145e-6,4.621379102972276e-6,4.071384399422065e-6,3.5873506541520683e-6,3.161296867844942e-6,2.786217671131428e-6,2.455962617419379e-6,2.165130623410787e-6,1.9089776243179008e-6,1.6833357617475854e-6,1.4845426411221489e-6,1.3093793846540436e-6,1.1550163697720285e-6,1.01896568565009e-6,8.99039464406897e-7,7.933133510681941e-7,7.000944702450101e-7,6.178933287267856e-7,5.453991643512635e-7,4.814583133521906e-7,4.2505522209867166e-7,3.7529577627138635e-7,3.313926614622067e-7,2.9265250489857516e-7,2.584645793330344e-7,2.2829087726512115e-7,2.016573875857087e-7,1.781464275561144e-7,1.5738990117439103e-7,1.3906337097322304e-7,1.2288084417141034e-7,1.085901863435251e-7,9.59690863888075e-8,8.4821505966191e-8,7.497455473904889e-8,6.627573992961684e-8,5.8590544988170406e-8,5.1800297676377824e-8,4.580029270386982e-8,4.0498138295498026e-8,3.5812299772045944e-8,3.1670816499376705e-8,1.4005085711543373e-8
0.009114567068169294,0.013579866785429384,0.010932966948181133,0.009001350874963343,0.0075049971635235135,0.006310154129273993,0.005338049538111955,0.004536961620499311,0.003870587699887934,0.0033122810129293384,0.0028418491856921496,0.002443624582862028,0.0021052278962895507,0.0018167374375960624,0.0015701095672082804,0.0013587618038393562,0.001177265335269649,0.0010211134410685607,0.0008865440037875046,0.000770401440608668,0.0006700279295264039,0.0005831767749764575,0.0005079427523082321,0.00044270564151331106,0.0003860841224785404,0.00033689789142404575,0.0002941363579949223,0.00025693265110818264,0.00022454193744165726,0.00019632326517014928,0.0001717243055152271,0.00015026848832301858,0.0001315441244318519,0.00011519518366625995,0.00010091345761845377,8.843188460939911e-5,7.751885303797896e-5,6.797333068648236e-5,5.962069312696796e-5,5.230914525887324e-5,4.5906647162047656e-5,4.029826961852241e-5,3.5383916387052555e-5,3.107636007200975e-5,2.7299546551947632e-5,2.398712975152799e-5,2.1081204252811005e-5,1.8531208043487944e-5,1.6292971759371755e-5,1.4327894205920424e-5,1.260222684852766e-5,1.1086452429470023e-5,9.754744964534805e-6,8.584500163372861e-6,7.555926843129119e-6,6.651691208151169e-6,5.856606986666502e-6,5.157365372861095e-6,4.542299543553317e-6,4.001179226825551e-6,3.5250314054894737e-6,3.1059837632257394e-6,2.737127932198944e-6,2.412399989950819e-6,2.126475990130706e-6,1.8746806022973557e-6,1.6529071880601166e-6,1.457547857982589e-6,1.2854322430896167e-6,1.1337738784924882e-6,1.0001232384580608e-6,8.823265857775282e-7,7.784899055212628e-7,6.869472863125305e-7,6.062331934766092e-7,5.350581487291848e-7,4.722873926509589e-7,4.169221597098083e-7,3.6808324207455235e-7,3.2499655925195606e-7,2.8698048600946867e-7,2.534347219544622e-7,2.2383051326230696e-7,1.9770206052200617e-7,1.7463896737199653e-7,1.5427960261928258e-7,1.3630526423454078e-7,1.2043504745639355e-7,1.0642133124864772e-7,9.404580795013815e-8,8.311599014517624e-8,7.34621369060814e-8,6.493454863625427e-8,5.740118593616668e-8,5.074557337189112e-8,4.4864953781317815e-8,3.9668662942081744e-8,3.50766980938079e-8,3.101845701439208e-8,2.74316271823807e-8,1.2130603517423318e-8
0.007895581344698283,0.011763935635920375,0.009471128952484864,0.007797894963581131,0.00650168431611442,0.005466643695781245,0.004624541862479931,0.0039305781058079775,0.0033533073935490543,0.0028696484338901554,0.0024621105912544378,0.0021171224705667235,0.0018239609692129802,0.0015740317397683057,0.0013603671805105348,0.001177265335269649,0.0010200235535704726,0.0008847379034857966,0.0007681494343274153,0.0006675245841741076,0.000580560961473419,0.0005053123032099354,0.00044012813969163816,0.0003836048835392288,0.00033454589359064365,0.0002919286598290797,0.0002548776883593371,0.0002226419847541159,0.00019457627296695775,0.00017012526779295418,0.00014881045741086014,0.00013021895963962436,0.00011399409916831383,9.982741891168684e-5,8.74518908947743e-5,7.663613384598371e-5,6.71794782998458e-5,5.890774717339691e-5,5.1669641933789175e-5,4.5333642565518854e-5,3.9785344403962136e-5,3.492516717498674e-5,3.066638174140026e-5,2.693340850891705e-5,2.3660348481053693e-5,2.0789713858451525e-5,1.827133002614789e-5,1.6061384931496882e-5,1.4121605372038491e-5,1.241854268155257e-5,1.0922952818887905e-5,9.60925800214124e-6,8.45507884565555e-6,7.440827508756068e-6,6.549353686621529e-6,5.765636402627628e-6,5.07651553006329e-6,4.470457800605872e-6,3.9373527679489395e-6,3.4683348084489787e-6,3.0556277652065954e-6,2.6924092967737406e-6,2.3726923823460543e-6,2.0912217722958578e-6,1.8433834646389171e-6,1.625125539847295e-6,1.432888904765749e-6,1.2635466845187308e-6,1.1143511653969286e-6,9.828873335118824e-7,8.670321768667961e-7,7.649190255142608e-7,6.749062973738274e-7,5.955500978966542e-7,5.25580192135708e-7,4.638789286947607e-7,4.094627483851569e-7,3.614659567854041e-7,3.1912648017219626e-7,2.8177335963125726e-7,2.4881576885515057e-7,2.1973336791549969e-7,1.9406782879694042e-7,1.7141538882137048e-7,1.514203060305272e-7,1.337691062094228e-7,1.1818552483649373e-7,1.0442605923919108e-7,9.227605664098299e-8,8.154627296715314e-8,7.206984523873063e-8,6.369962742309734e-8,5.630584574229872e-8,4.977403480741422e-8,4.400322067633924e-8,3.890432105327643e-8,3.439873647822952e-8,3.041710953387838e-8,2.6898231876479993e-8,2.3788081351926894e-8,1.0519486802486643e-8
0.006847012671637398,0.010201844179860031,0.008213615228350457,0.006762634831341957,0.005638584177780431,0.0047410047498999824,0.004010731875235221,0.0034089178351748572,0.002908295807430468,0.0024888512878209687,0.0021354175144135956,0.0018362261639501762,0.0015819787214442355,0.0013652225620147257,0.00117991565321484,0.0010211134410685607,0.0008847379034857966,0.0007674036183123404,0.0006662844551851236,0.0005790098746031955,0.0005035832290385938,0.00043831669220104237,0.00038177894054798687,0.0003327527408470707,0.0002902003200062472,0.00025323490965595274,0.00022109723335036156,0.00019313598111726522,0.00016879152321461546,0.00014758227170997684,0.00012909321863795046,0.00011296627235651575,9.889208623530335e-5,8.660313094502672e-5,7.586780692429396e-5,6.648542982438097e-5,5.828195088596424e-5,5.110629775499664e-5,4.482724045453692e-5,3.9330702916086846e-5,3.4517453357902185e-5,3.030111743994291e-5,2.6606466935985736e-5,2.3367943992309284e-5,2.0528387144128405e-5,1.8037930382341092e-5,1.585305085378784e-5,1.393574438482881e-5,1.2252811067475582e-5,1.0775235721838808e-5,9.477650230742707e-6,8.337866596348065e-6,7.336471142451047e-6,6.456471631510817e-6,5.682990211426192e-6,5.0029960860889e-6,4.405072643675346e-6,3.879214495975433e-6,3.4166504986480527e-6,3.009689354309026e-6,2.651584855258494e-6,2.336418217051484e-6,2.058995292916795e-6,1.8147567512889588e-6,1.5996995517276037e-6,1.4103082728917735e-6,1.2434950356003328e-6,1.0965469271698175e-6,9.670799755434533e-7,8.529988447070842e-7,7.524615294429293e-7,6.638484202937063e-7,5.857351901850929e-7,5.168690240724293e-7,4.5614777401327517e-7,4.0260167490029364e-7,3.5537730236730065e-7,3.137234945966618e-7,2.7697899468813876e-7,2.4456160090164433e-7,2.1595863871391856e-7,1.9071859185786218e-7,1.6844374989685133e-7,1.4878374753037622e-7,1.3142988638819638e-7,1.1611014361442128e-7,1.0258478334285527e-7,9.064249756789041e-8,8.009701194290431e-8,7.078410000255947e-8,6.255895621201745e-8,5.5293884352352545e-8,4.8876263071236154e-8,4.3206755083993596e-8,3.819773061250798e-8,3.3771879224357274e-8,2.986098738360477e-8,2.640486178257758e-8,2.3350380935033645e-8,2.065065964047123e-8,9.132156395915312e-9
